#  316.005  -0.217   2.488 ;Mean Elev.(m), Avg Gradient(m/km), RMS Gradient(m/km) - SRTM1     
#  302.424  -0.674   4.578 ;Mean Elev.(m), Avg Gradient(m/km), RMS Gradient(m/km) - ASTER GDEM
#  316.099  -0.254   2.432 ;Mean Elev.(m), Avg Gradient(m/km), RMS Gradient(m/km) - GMTED2010 
   1  18.689956   1.260749   312.951   313.001  7 54668.71721433 30.947
   2  18.688857   1.260578   313.553   313.561  6 54678.63285819 54.212
   4  18.691998   1.263324   314.025   313.986  7 54698.46414206 55.272
   6  18.691190   1.261773   314.260   314.222  7 54718.29543740 51.878
   8  18.684433   1.260523   314.383   314.325  8 54738.12673384 49.150
   9  18.683503   1.258065   314.535   314.568  9 54748.04238132 53.062
  10  18.683231   1.257769   314.544   314.428  8 54757.95802794 51.379
  11  18.683625   1.260176   314.997   315.035  7 54767.87367191 54.134
  12  18.685323   1.260614   314.975   314.982  9 54777.78931311 33.277
  13  18.686290   1.261452   315.466   315.402  9 54787.70495190 54.414
  14  18.685658   1.265401   315.814   315.886  6 54797.62058922 54.315
  15  18.689603   1.259920   315.839   315.855  7 54807.53622907 31.353
  16  18.691658   1.263182   315.519   315.567  7 54817.45186653 38.880
  17  18.691098   1.261755   315.165   315.204  7 54827.36751712 47.470
  18  18.687956   1.260580   314.733   314.758  8 54837.28315676 52.759
  19  18.683935   1.259807   314.327   314.351  8 54847.19880645 53.751
  20  18.682301   1.256930   314.049   314.059  8 54857.11445593 30.286
  21  18.681802   1.256360   314.564   314.577  8 54867.03010486 55.242
  22  18.681911   1.257540   314.409   314.424  8 54876.94575268 30.582
  23  18.683110   1.257897   314.488   314.426  9 54886.86139772 39.842
  24  18.682586   1.258509   314.426   314.418  8 54896.77703909 53.594
  25  18.682263   1.255906   314.285   314.329  8 54906.69267868 23.658
  26  18.681696   1.257570   314.122   314.127  8 54916.60831643 45.100
  27  18.683155   1.258372   314.497   314.504  9 54926.52395460 46.526
  28  18.685750   1.260423   314.222   314.206  8 54936.43959208 42.219
  29  18.689335   1.261753   314.504   314.507  7 54946.35522793 54.636
  30  18.692305   1.264954   314.970   314.960  6 54956.27086064 54.649
  31  18.690790   1.261584   314.754   314.718  7 54966.18651004 52.834
  32  18.688381   1.261070   314.971   315.001  7 54976.10215749 54.271
  33  18.686733   1.261930   314.798   314.764  8 54986.01780441 27.156
  34  18.687060   1.261691   315.004   315.044  8 54995.93345170 49.644
  35  18.687201   1.261700   314.135   314.011  8 55005.84909729 53.800
  36  18.686385   1.261789   314.011   314.044  8 55015.76474058 54.221
  37  18.685626   1.260384   314.260   314.261  8 55025.68038293 52.629
  38  18.685062   1.260092   313.521   313.522  9 55035.59602483 48.342
  39  18.686419   1.261033   313.522   313.496  8 55045.51166608 54.275
  40  18.690474   1.260413   313.391   313.343  7 55055.42730627 54.545
  41  18.692945   1.262275   313.543   313.524  7 55065.34294358 45.207
  42  18.690734   1.260569   313.907   313.909  7 55075.25859208 53.304
  43  18.685973   1.261384   313.793   313.756  8 55085.17423939 53.944
  44  18.684164   1.257904   313.880   313.923  8 55095.08988603 54.786
  45  18.683453   1.258422   313.873   313.791  9 55105.00553157 36.124
  46  18.684322   1.258426   314.447   314.449  8 55114.92117704 54.664
  47  18.685260   1.259867   314.356   314.467  8 55124.83681977 35.120
  48  18.686098   1.260647   314.943   314.908  8 55134.75246001 46.557
  49  18.686593   1.260773   315.115   315.095  9 55144.66809847 53.280
  50  18.686754   1.261679   315.274   315.225  9 55154.58373643 53.535
  51  18.688499   1.260637   315.440   315.474  7 55164.49937550 54.744
  52  18.690576   1.262031   315.593   315.546  7 55174.41501400 42.280
  53  18.692611   1.263097   315.827   315.814  6 55184.33065389 55.662
  54  18.689873   1.261271   315.566   315.561  6 55194.24630579 55.623
  55  18.685676   1.260814   315.524   315.517  8 55204.16195576 54.174
  56  18.683319   1.259363   315.222   315.275  8 55214.07760519 45.906
  57  18.682640   1.258702   315.529   315.461  8 55223.99325392 53.293
  58  18.683303   1.257857   315.493   315.515  8 55233.90890103 45.849
  59  18.684139   1.259082   314.518   314.383  9 55243.82454445 31.489
  60  18.683731   1.258995   314.942   314.934  9 55253.74018497 52.166
  61  18.683010   1.256815   314.791   314.745  8 55263.65582417 23.328
  62  18.682850   1.257462   314.812   314.775  9 55273.57146213 29.510
  63  18.684657   1.259538   315.305   315.158  9 55283.48709972 53.402
  64  18.688125   1.261150   315.294   315.327  8 55293.40273627 55.041
  65  18.690729   1.262234   315.764   315.697  7 55303.31837339 52.484
  66  18.689283   1.260011   315.532   315.579  7 55313.23402164 32.981
  67  18.686769   1.261468   315.521   315.474  8 55323.14966658 47.003
  68  18.685880   1.260874   315.414   315.368  9 55333.06531048 52.852
  69  18.685798   1.260478   315.044   315.046  8 55342.98095414 27.903
  70  18.686278   1.261337   315.209   315.235  9 55352.89659713 35.791
  71  18.687709   1.260647   314.652   314.636  8 55362.81223835 47.426
  72  18.688601   1.260318   314.664   314.702  7 55372.72787760 44.469
  73  18.689244   1.261085   314.460   314.464  7 55382.64351547 54.740
  74  18.690577   1.261088   314.425   314.433  7 55392.55915300 53.610
  75  18.693076   1.262515   314.349   314.319  7 55402.47478904 54.861
  76  18.691656   1.262267   314.484   314.457  6 55412.39044043 55.187
  77  18.689792   1.261457   314.180   314.179  7 55422.30609001 55.315
  78  18.687348   1.261368   314.019   314.031  8 55432.22173657 19.618
  79  18.684924   1.260259   313.724   313.715  8 55442.13738108 54.507
  80  18.684437   1.258303   313.686   313.659  8 55452.05302422 33.731
  81  18.685047   1.259908   314.752   314.711  9 55461.96866581 53.294
  82  18.687077   1.261570   314.537   314.527  9 55471.88430585 49.415
  83  18.689936   1.260560   313.903   313.848  7 55481.79994368 22.961
  84  18.691099   1.261912   314.169   314.187  7 55491.71557873 35.667
  85  18.692394   1.263154   314.955   314.957  6 55501.63121230 55.040
  86  18.691852   1.261315   315.242   315.250  7 55511.54685712 55.360
  87  18.689836   1.261029   315.059   315.042  6 55521.46250711 55.207
  88  18.688280   1.261003   315.131   315.034  8 55531.37815599 54.513
  89  18.685813   1.264201   315.203   315.295  7 55541.29380248 54.792
  90  18.686011   1.260261   314.451   314.469  8 55551.20944847 33.380
  91  18.684953   1.259610   314.842   314.721  8 55561.12509194 53.526
  92  18.685059   1.260273   314.776   314.761  8 55571.04073426 54.356
  93  18.685843   1.262532   314.583   314.480  7 55580.95637500 53.518
  94  18.689119   1.259763   314.289   314.268  7 55590.87201396 53.803
  95  18.691078   1.261799   314.507   314.560  6 55600.78764858 49.163
  96  18.692944   1.262122   314.292   314.302  7 55610.70328153 52.532
  97  18.694461   1.263173   313.497   313.506  7 55620.61891343 20.658
  98  18.691210   1.261739   313.536   313.494  7 55630.53456601 21.622
  99  18.689827   1.260974   313.524   313.715  7 55640.45021746 31.572
 100  18.689027   1.261487   313.498   313.486  7 55650.36586615 14.490
 101  18.688127   1.261063   314.132   314.061  7 55660.28151144 38.882
 102  18.686543   1.261648   314.460   314.365  9 55670.19715278 48.186
 103  18.686328   1.261847   314.088   314.005  8 55680.11279212 39.129
 104  18.688875   1.260999   314.381   314.383  7 55690.02842974 40.244
 105  18.691767   1.262169   313.994   313.949  7 55699.94406526 54.228
 106  18.693387   1.263497   313.799   313.766  7 55709.85970349 52.329
 107  18.690835   1.262808   314.046   314.037  7 55719.77535316 52.281
 108  18.688587   1.261239   313.852   313.909  7 55729.69100088 51.549
 109  18.687236   1.261109   313.214   313.151  8 55739.60664725 17.640
 110  18.686818   1.261325   313.441   313.386  8 55749.52229260 30.152
 111  18.687475   1.261683   313.593   313.586  8 55759.43793584 52.936
 112  18.688820   1.261233   312.911   312.971  7 55769.35357647 24.775
 113  18.689705   1.261638   313.064   313.098  7 55779.26921367 37.913
 114  18.691047   1.261914   313.741   313.731  6 55789.18484817 46.699
 115  18.692763   1.263852   313.857   313.851  7 55799.10048089 28.473
 116  18.692577   1.262080   313.990   313.946  7 55809.01612686 52.504
 117  18.692183   1.261889   314.160   314.208  7 55818.93177526 54.856
 118  18.692852   1.262343   314.433   314.384  7 55828.84741936 54.496
 119  18.693114   1.263180   314.903   314.918  7 55838.76305898 50.675
 120  18.693139   1.262594   315.120   315.154  7 55848.67869602 52.133
 121  18.693933   1.262944   315.372   315.383  7 55858.59433119 51.302
 122  18.692667   1.262025   315.140   315.213  7 55868.50997919 30.609
 123  18.691271   1.262133   315.380   315.415  7 55878.42563118 52.958
 124  18.690928   1.262574   315.610   315.624  7 55888.34127667 54.036
 125  18.691167   1.262726   315.814   315.727  7 55898.25691649 55.334
 126  18.692662   1.262932   316.030   315.972  6 55908.17255128 54.212
 127  18.690487   1.261314   315.911   315.896  6 55918.08819974 54.277
 128  18.688301   1.260303   315.674   315.691  8 55928.00385281 55.064
 129  18.687351   1.261421   315.987   315.929  9 55937.91950193 52.522
 130  18.686755   1.261986   315.661   315.577  9 55947.83514628 43.680
 131  18.686781   1.260901   314.681   314.704  8 55957.75078647 28.232
 132  18.686796   1.261003   314.113   314.094  8 55967.66642423 28.367
 133  18.688207   1.260769   314.067   314.100  8 55977.58206160 52.544
 134  18.691045   1.261662   313.996   314.086  7 55987.49769838 20.312
 135  18.693323   1.263184   313.832   313.852  6 55997.41333792 30.113
 136  18.691756   1.261251   313.742   313.818  7 56007.32899011 22.714
 137  18.689068   1.260930   313.518   313.524  7 56017.24463762 15.400
 138  18.686184   1.260414   313.703   313.756  8 56027.16028194 31.903
 139  18.684990   1.260020   314.233   314.223  9 56037.07592440 43.138
 140  18.686382   1.261614   314.346   314.379  9 56046.99156449 51.759
 141  18.689683   1.261973   314.217   314.192  7 56056.90720207 52.874
 142  18.693666   1.263560   313.989   313.975  6 56066.82283518 53.222
 143  18.691529   1.262760   314.524   314.514  7 56076.73848285 49.331
 144  18.688505   1.260584   313.986   314.086  8 56086.65413171 21.939
 145  18.686420   1.261681   314.095   314.032  8 56096.56977777 19.550
 146  18.686910   1.262072   313.994   314.002  8 56106.48542227 50.011
 147  18.689067   1.260811   313.409   313.382  7 56116.40105290 40.284
 148  18.691165   1.260893   313.343   313.321  7 56126.31669111 17.117
 149  18.692386   1.262215   313.849   313.887  7 56136.23232503 52.552
 150  18.690991   1.261459   314.417   314.484  7 56146.14796828 53.403
 151  18.689338   1.259516   314.317   314.352  7 56156.06361772 50.666
 152  18.688385   1.260562   314.678   314.663  8 56165.97926552 45.940
 153  18.689301   1.259992   313.960   313.967  7 56175.89491149 54.496
 154  18.690204   1.261659   314.013   314.021  7 56185.81055199 24.772
 155  18.691260   1.260815   314.911   314.887  7 56195.72618931 54.174
 156  18.691467   1.261732   314.853   314.849  7 56205.64182352 46.933
 157  18.692309   1.264409   314.925   314.928  6 56215.55745630 56.198
 158  18.694625   1.263671   315.201   315.153  7 56225.47309574 54.826
 159  18.693193   1.262239   315.484   315.432  7 56235.38875182 55.493
 160  18.691379   1.261760   315.630   315.604  6 56245.30440379 44.750
 161  18.689727   1.260080   315.831   315.837  7 56255.22005093 56.350
 162  18.687721   1.261529   315.947   315.974  8 56265.13569316 44.416
 163  18.687472   1.261488   315.923   315.879  8 56275.05133393 51.630
 164  18.687521   1.261923   315.983   315.909  8 56284.96697899 55.528
 165  18.687005   1.261829   316.139   316.061  9 56294.88262951 55.169
 166  18.686353   1.261334   316.169   316.187  8 56304.79827587 55.904
 167  18.685380   1.260722   315.838   315.771  9 56314.71391866 53.105
 168  18.685236   1.259291   315.195   315.042  8 56324.62956005 52.052
 169  18.685704   1.261158   314.583   314.628  8 56334.54520031 26.247
 170  18.688587   1.260612   314.632   314.598  7 56344.46084057 55.231
 171  18.691315   1.262220   314.769   314.794  6 56354.37647809 27.021
 172  18.690654   1.262222   314.582   314.671  7 56364.29212290 43.926
 173  18.687296   1.261664   314.771   314.695  8 56374.20777208 27.791
 175  18.683830   1.259840   315.330   315.300  8 56394.03906201 46.166
 176  18.685386   1.260187   314.856   314.776  9 56403.95470379 54.580
 177  18.688103   1.261358   315.200   315.246  7 56413.87034245 54.942
 178  18.692140   1.262337   315.466   315.485  6 56423.78597637 52.415
 179  18.691441   1.262133   315.313   315.270  6 56433.70162061 38.889
 180  18.686989   1.261367   315.375   315.470  9 56443.61727248 48.464
 181  18.684481   1.260374   314.433   314.317  8 56453.53292219 53.494
 182  18.684279   1.259472   313.822   313.724  9 56463.44856957 36.871
 183  18.685197   1.259511   313.639   313.662  8 56473.36421348 46.657
 184  18.686385   1.260717   313.614   313.664  8 56483.27985379 42.141
 185  18.687708   1.260725   313.805   313.767  8 56493.19549074 45.505
 186  18.689864   1.261111   313.619   313.668  6 56503.11112505 21.453
 187  18.693343   1.263591   313.970   313.991  6 56513.02675725 55.591
 188  18.693386   1.263097   314.284   314.304  7 56522.94240548 54.934
 189  18.691619   1.262779   314.161   314.128  7 56532.85805695 54.983
 191  18.688231   1.260881   314.112   314.126  7 56552.68934929 54.369
 192  18.686844   1.261413   313.825   313.831  9 56562.60499170 29.838
 193  18.687260   1.261247   314.686   314.641  8 56572.52063346 53.538
 194  18.689477   1.261430   314.865   314.839  7 56582.43627354 40.096
 195  18.693133   1.263689   315.134   315.077  6 56592.35190901 52.563
 196  18.691623   1.261913   314.411   314.431  7 56602.26756027 31.448
 197  18.688720   1.261070   314.885   314.946  7 56612.18320998 30.595
 198  18.686834   1.262066   315.237   315.256  8 56622.09885477 42.730
 199  18.686926   1.261722   315.286   315.331  8 56632.01449691 34.611
 200  18.690064   1.260451   315.815   315.778  7 56641.93013509 56.092
 201  18.689571   1.260263   315.109   315.048  7 56651.84578388 29.906
 202  18.687009   1.261691   314.852   314.829  8 56661.76143306 53.885
 203  18.685316   1.261056   314.716   314.757  8 56671.67707997 54.078
 204  18.684689   1.260155   314.718   314.760  8 56681.59272555 23.828
 205  18.685699   1.260251   314.535   314.533  8 56691.50836927 52.506
 206  18.688376   1.260850   314.227   314.306  7 56701.42400938 29.981
 207  18.691051   1.262613   314.140   314.239  7 56711.33964437 16.901
 208  18.689567   1.261362   314.120   314.102  7 56721.25528943 34.450
 209  18.685288   1.260228   314.201   314.123  8 56731.17094134 54.037
 210  18.683439   1.258922   314.588   314.611  8 56741.08658940 52.773
 211  18.684110   1.258934   314.524   314.514  8 56751.00223295 49.413
 212  18.686720   1.261583   314.320   314.274  8 56760.91787092 25.861
 213  18.691482   1.262442   314.486   314.596  6 56770.83350279 26.172
 214  18.688346   1.261065   314.730   314.785  7 56780.74915599 37.041
 215  18.684539   1.258975   315.396   315.332  8 56790.66481078 53.313
 216  18.681524   1.257078   315.194   315.186  8 56800.58046269 52.649
 217  18.681216   1.257423   314.921   314.927  8 56810.49610772 28.685
 218  18.683116   1.257667   314.747   314.699  8 56820.41174826 33.213
 219  18.685617   1.259645   314.840   314.854  8 56830.32738447 50.881
 220  18.688912   1.260902   314.629   314.640  7 56840.24301760 55.102
 221  18.690998   1.262381   314.549   314.566  7 56850.15865210 53.644
 222  18.688142   1.260442   314.306   314.325  8 56860.07430635 40.929
 223  18.686440   1.260255   314.176   314.144  8 56869.98995936 50.116
 224  18.685685   1.260358   314.143   314.112  9 56879.90560974 53.213
 225  18.684990   1.259569   314.357   314.371  9 56889.82125675 50.418
 226  18.683537   1.258582   314.327   314.314  8 56899.73690100 55.094
 227  18.682341   1.256980   314.513   314.491  8 56909.65254343 53.666
 228  18.682782   1.257676   314.871   314.933  9 56919.56818414 53.152
 229  18.685330   1.260021   314.255   314.220  9 56929.48382284 23.620
 230  18.689602   1.261982   314.917   314.921  7 56939.39945735 54.218
 231  18.692519   1.263310   314.964   314.930  7 56949.31509384 27.390
 232  18.689365   1.260772   315.140   315.113  6 56959.23074701 46.798
 233  18.686206   1.260829   315.559   315.524  8 56969.14639431 53.829
 234  18.685891   1.261005   315.882   315.832  8 56979.06203773 52.737
 235  18.688604   1.260226   315.997   315.992  7 56988.97767698 41.114
 236  18.692762   1.262751   316.134   316.163  7 56998.89330936 50.473
 237  18.691354   1.261747   316.052   316.052  6 57008.80896019 55.579
 238  18.688049   1.261531   315.755   315.742  7 57018.72461259 54.909
 239  18.685600   1.260934   315.292   315.306  8 57028.64026231 50.379
 240  18.684966   1.259524   314.929   314.922  8 57038.55591097 50.565
 241  18.685543   1.259965   314.316   314.228  8 57048.47155711 23.408
 242  18.687177   1.261844   314.202   314.214  8 57058.38719923 34.892
 243  18.689738   1.261201   314.287   314.258  7 57068.30283624 50.270
 244  18.691157   1.262015   314.257   314.269  6 57078.21846845 50.136
 245  18.692314   1.262172   313.658   313.586  7 57088.13410288 29.603
 246  18.687538   1.261804   314.095   314.047  8 57098.04976095 16.556
 247  18.685640   1.261026   313.506   313.526  8 57107.96541623 17.267
 248  18.686076   1.261171   314.005   314.026  9 57117.88106632 53.817
 249  18.686358   1.261487   314.857   314.827  8 57127.79671024 54.555
 250  18.686656   1.261087   315.285   315.358  9 57137.71234885 41.017
 251  18.688149   1.260916   315.437   315.355  8 57147.62798386 50.868
 252  18.691272   1.262173   315.454   315.442  7 57157.54361641 49.523
 253  18.691526   1.262801   314.932   314.939  7 57167.45926254 27.517
 254  18.689668   1.260051   314.438   314.515  7 57177.37491954 20.575
 255  18.686790   1.261137   314.780   314.768  8 57187.29057157 39.105
 256  18.685214   1.260148   314.879   314.924  9 57197.20621986 51.982
 257  18.684365   1.259373   315.081   315.163  9 57207.12185423 50.933
 258  18.684568   1.259770   314.587   314.600  9 57217.03749850 43.455
 259  18.686287   1.260417   314.042   314.071  8 57226.95314164 51.371
 260  18.688959   1.259771   313.548   313.644  7 57236.86878302 37.087
 261  18.690396   1.261455   312.998   312.941  7 57246.78442040 21.019
 262  18.691504   1.261812   313.967   313.932  7 57256.70005554 56.007
 263  18.692138   1.263665   313.567   313.557  7 57266.61568940 19.008
 264  18.692253   1.262473   313.225   312.983  6 57276.53133490 25.094
 265  18.690732   1.261128   313.945   313.908  7 57286.44699206 55.113
 266  18.689372   1.260325   313.851   313.848  6 57296.36264632 55.512
 267  18.687327   1.261232   314.015   313.992  8 57306.27829652 41.107
 268  18.685303   1.259315   314.360   314.217  8 57316.19394344 53.024
 269  18.683514   1.258332   314.969   314.958  9 57326.10958666 48.289
 270  18.683924   1.258906   315.550   315.547  8 57336.02522755 52.559
 271  18.684197   1.259976   315.971   315.958  8 57345.94087389 52.123
 272  18.684485   1.260514   316.450   316.448  8 57355.85652088 52.713
 273  18.685541   1.259892   316.889   316.886  8 57365.77216446 55.201
 274  18.685830   1.261274   316.881   316.911  9 57375.68780442 54.782
 275  18.687269   1.261170   316.715   316.774  8 57385.60344330 56.104
 276  18.689740   1.261295   316.403   316.405  7 57395.51908193 44.861
 277  18.692518   1.263499   315.740   315.679  7 57405.43471931 33.065
 278  18.691823   1.263430   315.532   315.527  7 57415.35036868 55.462
 279  18.689593   1.261273   315.201   315.293  7 57425.26602085 29.235
 280  18.685849   1.261279   315.137   314.994  9 57435.18166932 36.478
 281  18.684344   1.258953   314.828   314.783  9 57445.09731639 29.925
 282  18.684189   1.259101   315.202   315.173  8 57455.01296208 46.432
 283  18.685739   1.260432   314.860   314.821  8 57464.92860557 53.441
 284  18.689344   1.260714   314.779   314.754  7 57474.84424564 52.883
 285  18.691779   1.261370   315.175   315.219  7 57484.75988204 39.898
 286  18.692522   1.263129   314.802   314.807  7 57494.67551537 27.243
 287  18.694346   1.264277   315.271   315.382  7 57504.59114740 25.255
 288  18.690995   1.261485   315.747   315.727  6 57514.50680362 38.175
 289  18.689422   1.259793   315.966   315.941  7 57524.42245848 54.047
 290  18.688067   1.260167   316.093   316.077  8 57534.33811060 54.809
 291  18.686031   1.261489   316.087   316.040  9 57544.25375940 55.142
 292  18.685114   1.260191   315.568   315.595  8 57554.16940614 42.172
 293  18.685187   1.258982   314.285   314.182  8 57564.08505111 25.602
 294  18.685138   1.260880   314.810   314.837  8 57574.00069469 53.214
 295  18.686425   1.260483   314.036   313.977  9 57583.91633840 50.127
 296  18.687134   1.262220   314.250   314.190  8 57593.83197965 53.348
 297  18.688928   1.259718   314.317   314.344  7 57603.74761973 54.430
