-157370.495    34.543     0.00    5.71
-157081.210    35.140     2.06    5.55
-156791.925    35.830     2.39    5.69
-156502.641    36.643     2.81    5.78
-156213.356    37.650     3.48    5.51
-155924.071    39.102     5.02    4.24
-155634.786    40.000     3.11    2.54
-155345.501    39.534    -1.61    3.29
-155056.216    38.893    -2.22    3.95
-154766.932    38.400    -1.70    3.93
-154477.647    38.345    -0.19    4.01
-154188.362    37.869    -1.65    3.86
-153899.077    38.017     0.51    3.34
-153609.792    38.000    -0.06    2.76
-153320.507    37.810    -0.66    2.63
-153031.223    37.534    -0.95    2.36
-152741.938    36.820    -2.47    2.04
-152452.653    36.379    -1.52    2.01
-152163.368    36.203    -0.61    2.23
-151874.083    36.052    -0.52    2.37
-151584.798    35.643    -1.41    2.31
-151295.513    35.639    -0.01    2.49
-151006.228    35.400    -0.83    2.31
-150716.943    35.574     0.60    2.64
-150427.658    35.632     0.20    2.91
-150138.373    35.759     0.44    2.90
-149849.088    35.783     0.09    2.80
-149559.802    35.407    -1.30    2.98
-149270.517    35.426     0.07    3.01
-148981.232    35.034    -1.35    2.90
-148691.947    34.586    -1.55    2.51
-148402.661    34.397    -0.66    2.64
-148113.376    34.220    -0.61    2.86
-147824.091    34.213    -0.02    3.23
-147534.805    34.207    -0.02    3.36
-147245.520    34.220     0.05    3.69
-146956.235    33.643    -2.00    3.73
-146666.949    33.683     0.14    4.03
-146377.663    33.393    -1.00    4.10
-146088.378    32.949    -1.54    3.87
-145799.092    32.700    -0.86    3.50
-145509.807    32.702     0.01    3.25
-145220.521    32.224    -1.65    2.82
-144931.235    31.467    -2.62    2.35
-144641.949    30.967    -1.73    2.21
-144352.663    30.710    -0.89    1.90
-144063.377    30.321    -1.34    1.72
-143774.091    29.983    -1.17    1.66
-143484.805    29.857    -0.44    1.61
-143195.519    29.887     0.10    1.64
-142906.233    29.983     0.33    1.59
-142616.947    30.121     0.48    1.55
-142327.661    30.102    -0.07    1.71
-142038.374    30.464     1.25    1.72
-141749.088    30.633     0.58    1.75
-141459.801    30.966     1.15    1.76
-141170.515    31.098     0.46    1.80
-140881.228    31.550     1.56    1.84
-140591.942    32.054     1.74    1.98
-140302.655    32.136     0.28    2.05
-140013.368    32.603     1.62    2.14
-139724.081    32.831     0.78    2.25
-139434.794    33.034     0.70    2.19
-139145.507    33.207     0.60    1.99
-138856.220    33.534     1.13    2.02
-138566.933    34.052     1.79    1.81
-138277.646    34.267     0.74    1.66
-137988.358    34.492     0.78    1.71
-137699.071    34.915     1.46    1.69
-137409.783    34.793    -0.42    1.98
-137120.496    34.667    -0.44    1.90
-136831.208    35.066     1.38    2.31
-136541.920    35.517     1.56    2.71
-136252.632    35.951     1.50    2.83
-135963.345    36.304     1.22    2.99
-135674.057    36.759     1.57    2.78
-135384.768    37.034     0.95    2.68
-135095.480    37.069     0.12    2.78
-134806.192    36.590    -1.66    3.03
-134516.904    35.966    -2.16    3.26
-134227.615    35.086    -3.04    3.26
-133938.326    34.603    -1.67    3.12
-133649.038    33.797    -2.79    2.87
-133359.749    33.483    -1.08    2.72
-133070.460    33.741     0.89    3.05
-132781.171    33.700    -0.14    3.37
-132491.882    33.607    -0.32    3.21
-132202.593    33.328    -0.97    3.21
-131913.304    33.050    -0.96    3.14
-131624.014    32.966    -0.29    3.24
-131334.725    32.767    -0.69    2.96
-131045.435    33.161     1.36    2.90
-130756.145    33.741     2.01    2.84
-130466.856    34.254     1.77    2.77
-130177.566    34.800     1.89    2.82
-129888.275    35.081     0.97    2.69
-129598.985    34.948    -0.46    2.62
-129309.695    35.150     0.70    2.60
-129020.405    34.439    -2.46    2.36
-128731.114    34.066    -1.29    2.21
-128441.823    33.949    -0.40    2.25
-128152.533    33.932    -0.06    2.34
-127863.242    34.102     0.59    2.39
-127573.951    34.466     1.26    2.44
-127284.659    34.467     0.00    2.35
-126995.368    35.293     2.86    2.80
-126706.077    36.117     2.85    2.93
-126416.785    37.083     3.34    2.88
-126127.494    37.965     3.05    3.12
-125838.202    38.695     2.52    3.20
-125548.910    39.638     3.26    2.85
-125259.618    40.250     2.12    2.29
-124970.326    40.237    -0.04    2.40
-124681.033    40.407     0.59    2.61
-124391.741    40.724     1.10    2.27
-124102.448    40.518    -0.71    2.37
-123813.155    40.644     0.44    2.20
-123523.862    40.950     1.06    2.21
-123234.569    41.000     0.17    2.30
-122945.276    41.086     0.30    2.35
-122655.983    41.286     0.69    2.18
-122366.689    41.483     0.68    2.22
-122077.396    41.293    -0.66    2.05
-121788.102    41.183    -0.38    1.98
-121498.808    41.068    -0.40    1.96
-121209.514    40.776    -1.01    1.77
-120920.220    40.310    -1.61    2.32
-120630.925    39.517    -2.74    2.56
-120341.631    39.082    -1.50    2.31
-120052.336    38.466    -2.13    2.20
-119763.041    38.086    -1.31    1.89
-119473.746    38.105     0.07    1.86
-119184.451    38.138     0.11    1.73
-118895.155    38.629     1.70    1.56
-118605.860    38.712     0.29    1.60
-118316.564    38.915     0.70    1.55
-118027.268    38.860    -0.19    1.53
-117737.972    38.948     0.31    1.57
-117448.676    39.200     0.87    1.64
-117159.380    39.288     0.30    1.63
-116870.083    39.131    -0.54    1.94
-116580.810    38.964    -0.58    2.01
-116291.551    38.828    -0.47    1.92
-116002.292    38.732    -0.33    1.97
-115713.032    38.600    -0.46    1.92
-115423.773    38.213    -1.34    1.83
-115134.513    38.052    -0.56    1.92
-114845.253    37.881    -0.59    1.89
-114555.993    37.862    -0.07    2.04
-114266.733    37.683    -0.62    2.10
-113977.473    37.183    -1.73    2.16
-113688.212    36.383    -2.77    2.71
-113398.952    35.250    -3.92    3.20
-113109.691    33.586    -5.75    4.00
-112820.429    31.949    -5.66    3.94
-112531.168    29.534    -8.35    4.16
-112241.907    27.656    -6.49    4.07
-111952.645    25.933    -5.95    3.16
-111663.383    24.875    -3.66    2.64
-111374.121    24.237    -2.20    2.24
-111084.859    24.414     0.61    2.60
-110795.596    24.700     0.99    2.73
-110506.333    25.000     1.04    2.90
-110217.070    25.750     2.59    2.94
-109927.807    26.569     2.83    2.79
-109638.544    27.474     3.13    2.90
-109349.281    28.390     3.17    2.67
-109060.017    29.576     4.10    2.45
-108770.753    30.532     3.30    2.19
-108481.489    31.186     2.26    2.00
-108192.224    31.679     1.70    1.80
-107902.960    31.833     0.54    2.02
-107613.695    31.983     0.52    1.94
-107324.430    31.902    -0.28    2.29
-107035.165    31.914     0.04    2.37
-106745.900    31.810    -0.36    2.62
-106456.634    31.586    -0.77    2.53
-106167.368    31.586     0.00    2.16
-105878.102    31.400    -0.64    2.26
-105588.836    31.690     1.00    2.01
-105299.569    31.783     0.32    2.09
-105010.303    31.607    -0.61    2.02
-104721.036    30.879    -2.52    2.56
-104431.768    30.410    -1.62    2.92
-104142.501    29.917    -1.70    3.07
-103853.233    29.164    -2.60    2.87
-103563.966    28.614    -1.90    2.71
-103274.697    28.586    -0.10    2.68
-102985.429    29.119     1.84    2.77
-102696.161    29.483     1.26    2.57
-102406.892    29.867     1.33    2.49
-102117.623    30.207     1.18    2.05
-101828.354    29.983    -0.77    2.13
-101539.084    29.667    -1.09    1.92
-101249.814    29.700     0.12    1.88
-100960.544    29.803     0.36    2.04
-100671.274    30.034     0.80    1.92
-100382.004    29.847    -0.65    2.22
-100092.733    29.807    -0.14    2.42
 -99803.462    29.900     0.32    2.54
 -99514.191    30.169     0.93    2.67
 -99224.919    29.750    -1.45    2.81
 -98935.648    29.525    -0.78    2.72
 -98646.376    29.772     0.86    2.43
 -98357.104    30.150     1.31    2.28
 -98067.831    30.483     1.15    2.13
 -97778.558    30.200    -0.98    2.33
 -97489.285    29.550    -2.25    2.84
 -97200.012    28.845    -2.44    3.48
 -96910.739    27.603    -4.29    3.91
 -96621.465    25.911    -5.85    3.58
 -96332.191    24.623    -4.45    3.15
 -96042.917    23.763    -2.97    2.58
 -95753.642    23.033    -2.52    2.09
 -95464.367    22.276    -2.62    2.21
 -95175.092    21.807    -1.62    2.21
 -94885.817    21.542    -0.91    2.26
 -94596.541    20.966    -1.99    2.12
 -94307.266    20.607    -1.24    2.07
 -94017.989    20.475    -0.46    1.78
 -93728.713    20.561     0.30    1.71
 -93439.436    20.724     0.56    1.77
 -93150.159    21.345     2.15    2.22
 -92860.882    22.115     2.66    2.60
 -92571.605    22.793     2.34    2.64
 -92282.327    23.810     3.52    2.79
 -91993.049    24.431     2.15    2.51
 -91703.771    24.966     1.85    2.36
 -91414.492    25.300     1.16    1.96
 -91125.213    25.400     0.35    1.92
 -90835.934    24.933    -1.61    1.82
 -90546.654    24.518    -1.44    1.67
 -90257.375    23.948    -1.97    1.90
 -89968.095    23.367    -2.01    2.00
 -89678.814    23.237    -0.45    1.88
 -89389.534    22.833    -1.40    1.89
 -89100.253    22.421    -1.43    1.80
 -88810.971    22.103    -1.10    1.76
 -88521.690    21.881    -0.77    1.52
 -88232.408    21.831    -0.18    1.42
 -87943.126    21.600    -0.80    1.54
 -87653.844    21.586    -0.05    1.48
 -87364.561    21.339    -0.85    1.18
 -87075.278    21.339     0.00    1.07
 -86785.995    21.136    -0.70    1.06
 -86496.711    21.148     0.04    1.25
 -86207.427    21.085    -0.22    1.25
 -85918.143    20.850    -0.81    1.23
 -85628.858    20.807    -0.15    1.37
 -85339.573    20.793    -0.05    1.59
 -85050.288    20.746    -0.16    1.60
 -84761.003    20.746     0.00    1.59
 -84471.717    20.565    -0.63    1.37
 -84182.431    20.446    -0.41    1.44
 -83893.145    20.167    -0.97    1.49
 -83603.858    20.175     0.03    1.82
 -83314.571    19.871    -1.05    1.65
 -83025.283    19.517    -1.22    1.64
 -82735.996    19.322    -0.67    1.62
 -82446.708    19.086    -0.82    1.60
 -82157.419    19.143     0.20    1.74
 -81868.131    18.733    -1.42    1.38
 -81578.842    18.644    -0.31    1.41
 -81289.553    18.393    -0.87    1.38
 -81000.263    18.203    -0.66    1.44
 -80710.973    18.054    -0.52    1.37
 -80421.683    17.932    -0.42    1.35
 -80132.392    17.776    -0.54    1.23
 -79843.101    17.767    -0.03    1.41
 -79553.810    17.500    -0.92    1.40
 -79264.518    17.448    -0.18    1.37
 -78975.226    17.534     0.30    1.68
 -78685.934    18.052     1.79    2.54
 -78396.641    18.213     0.56    3.07
 -78107.348    18.310     0.34    3.25
 -77818.055    18.746     1.51    3.54
 -77528.761    18.862     0.40    3.31
 -77239.467    18.491    -1.28    2.27
 -76950.173    18.565     0.25    2.51
 -76660.878    18.633     0.24    2.51
 -76371.583    19.164     1.83    2.60
 -76082.288    19.768     2.09    3.00
 -75792.992    20.517     2.59    3.29
 -75503.696    21.068     1.90    3.54
 -75214.400    21.241     0.60    4.31
 -74925.103    21.475     0.81    4.64
 -74635.806    21.328    -0.51    4.36
 -74346.508    20.466    -2.98    4.47
 -74057.210    19.982    -1.67    4.43
 -73767.912    19.333    -2.24    4.18
 -73478.614    18.600    -2.53    3.62
 -73189.315    18.362    -0.82    2.62
 -72900.015    18.050    -1.08    2.44
 -72610.716    18.375     1.12    2.40
 -72321.416    18.661     0.99    2.41
 -72032.115    18.738     0.27    2.45
 -71742.814    18.373    -1.26    2.57
 -71453.513    18.213    -0.55    2.63
 -71164.212    18.518     1.05    3.35
 -70874.910    18.397    -0.42    3.75
 -70585.608    18.305    -0.32    4.32
 -70296.305    18.650     1.19    4.82
 -70007.002    18.258    -1.35    5.19
 -69717.699    17.596    -2.29    5.41
 -69428.395    16.083    -5.23    5.01
 -69139.091    14.982    -3.81    4.81
 -68849.786    14.689    -1.01    4.79
 -68560.481    14.610    -0.27    5.05
 -68271.176    14.949     1.17    5.08
 -67981.870    16.224     4.41    5.48
 -67692.564    17.431     4.17    5.68
 -67403.258    18.667     4.27    5.38
 -67113.951    20.017     4.67    4.72
 -66824.644    20.767     2.59    3.47
 -66535.336    21.034     0.92    2.52
 -66246.028    20.786    -0.86    2.29
 -65956.720    20.898     0.39    2.43
 -65667.411    20.621    -0.96    2.43
 -65378.102    20.050    -1.97    2.75
 -65088.792    19.254    -2.75    3.00
 -64799.482    18.119    -3.93    2.56
 -64510.172    17.621    -1.72    2.13
 -64220.861    17.214    -1.40    1.64
 -63931.550    17.237     0.08    1.79
 -63642.238    17.492     0.88    1.83
 -63352.926    17.533     0.14    1.66
 -63063.614    17.638     0.36    1.63
 -62774.301    17.482    -0.54    1.69
 -62484.988    17.367    -0.40    1.64
 -62195.674    17.068    -1.03    1.38
 -61906.360    16.967    -0.35    1.26
 -61617.046    16.879    -0.30    1.19
 -61327.731    17.017     0.48    1.30
 -61038.416    17.276     0.89    1.23
 -60749.100    17.362     0.30    1.19
 -60459.784    17.410     0.17    1.17
 -60170.467    17.569     0.55    1.26
 -59881.150    17.810     0.83    1.41
 -59591.833    18.161     1.21    1.56
 -59302.515    18.224     0.22    1.73
 -59013.197    18.361     0.47    1.80
 -58723.878    18.362     0.00    1.68
 -58434.559    18.492     0.45    1.85
 -58145.240    18.614     0.42    2.30
 -57855.920    18.897     0.98    2.45
 -57566.599    19.898     3.46    3.00
 -57277.279    20.898     3.46    3.36
 -56987.957    21.452     1.91    3.26
 -56698.636    22.179     2.51    2.86
 -56409.314    22.576     1.37    2.77
 -56119.991    22.862     0.99    2.78
 -55830.668    23.230     1.27    2.89
 -55541.345    23.186    -0.15    2.60
 -55252.021    23.172    -0.05    2.40
 -54962.697    23.271     0.34    2.43
 -54673.372    23.509     0.82    2.53
 -54384.080    23.393    -0.40    2.76
 -54094.852    22.933    -1.59    2.97
 -53805.624    22.373    -1.94    3.15
 -53516.395    21.373    -3.46    3.77
 -53227.165    20.214    -4.01    3.66
 -52937.935    19.610    -2.09    3.23
 -52648.705    19.172    -1.51    3.08
 -52359.475    18.770    -1.39    2.97
 -52070.243    18.550    -0.76    3.05
 -51781.012    18.404    -0.51    2.72
 -51491.780    18.593     0.66    2.94
 -51202.547    19.276     2.36    3.29
 -50913.314    20.117     2.91    3.45
 -50624.081    20.797     2.35    3.65
 -50334.847    21.831     3.57    3.56
 -50045.612    22.690     2.97    3.22
 -49756.378    23.491     2.77    2.97
 -49467.142    24.148     2.27    2.78
 -49177.907    24.717     1.97    2.91
 -48888.670    25.452     2.54    2.94
 -48599.434    26.293     2.91    2.85
 -48310.196    27.138     2.92    2.27
 -48020.959    27.667     1.83    2.38
 -47731.721    28.172     1.75    2.07
 -47442.482    28.082    -0.31    2.01
 -47153.243    27.879    -0.70    1.97
 -46864.004    27.983     0.36    2.16
 -46574.764    28.172     0.66    2.26
 -46285.523    28.207     0.12    2.10
 -45996.282    28.098    -0.38    2.14
 -45707.041    28.328     0.79    1.99
 -45417.799    28.550     0.77    2.02
 -45128.556    28.607     0.20    2.09
 -44839.313    28.458    -0.52    2.05
 -44550.070    28.129    -1.14    2.10
 -44260.826    27.746    -1.33    2.15
 -43971.582    27.233    -1.77    2.18
 -43682.337    26.649    -2.02    2.22
 -43393.092    26.155    -1.71    2.33
 -43103.846    25.729    -1.47    2.56
 -42814.599    25.417    -1.08    2.75
 -42525.352    25.098    -1.10    3.03
 -42236.105    24.517    -2.01    2.88
 -41946.857    24.203    -1.09    2.76
 -41657.609    24.263     0.21    2.30
 -41368.360    24.217    -0.16    2.08
 -41079.111    23.864    -1.22    2.26
 -40789.861    23.776    -0.31    2.65
 -40500.611    23.271    -1.74    2.99
 -40211.360    23.103    -0.58    3.10
 -39922.109    22.167    -3.24    3.43
 -39632.857    20.950    -4.21    3.71
 -39343.604    20.333    -2.13    3.63
 -39054.351    19.000    -4.61    3.17
 -38765.098    18.034    -3.34    2.88
 -38475.844    16.967    -3.69    2.65
 -38186.590    16.172    -2.75    2.46
 -37897.335    15.767    -1.40    2.40
 -37608.079    15.068    -2.42    2.24
 -37318.823    14.714    -1.22    2.18
 -37029.567    14.466    -0.86    2.09
 -36740.310    14.250    -0.75    1.93
 -36451.052    14.098    -0.52    1.69
 -36161.794    14.169     0.25    1.79
 -35872.536    14.667     1.72    2.27
 -35583.277    15.190     1.81    2.56
 -35294.017    16.035     2.92    3.17
 -35004.757    16.600     1.95    3.09
 -34715.496    16.810     0.73    3.43
 -34426.235    16.770    -0.14    3.34
 -34136.973    15.966    -2.78    3.45
 -33847.711    14.362    -5.54    3.79
 -33558.448    13.086    -4.41    3.72
 -33269.185    11.448    -5.66    3.72
 -32979.921    10.475    -3.36    4.07
 -32690.657     9.655    -2.84    4.11
 -32401.392     9.241    -1.43    4.32
 -32112.126     9.534     1.01    4.83
 -31822.860    10.259     2.50    4.83
 -31533.594    10.733     1.64    4.66
 -31244.326    11.034     1.04    3.86
 -30955.059    12.033     3.45    3.44
 -30665.791    12.161     0.44    2.59
 -30376.522    11.776    -1.33    2.81
 -30087.252    10.883    -3.09    3.18
 -29797.983     9.712    -4.05    3.14
 -29508.712     8.633    -3.73    3.22
 -29219.441     7.375    -4.35    3.12
 -28930.170     7.000    -1.30    3.77
 -28640.898     7.719     2.49    5.36
 -28351.625     9.288     5.42    7.47
 -28062.352    11.000     5.92    9.70
 -27773.078    13.586     8.94   11.26
 -27483.804    16.881    11.39   12.50
 -27194.529    19.772     9.99   12.26
 -26905.253    20.850     3.73   11.57
 -26615.977    20.733    -0.40   11.62
 -26326.701    21.068     1.16   10.57
 -26037.424    20.483    -2.02    9.86
 -25748.146    19.424    -3.66    8.38
 -25458.868    18.000    -4.92    7.82
 -25169.589    17.517    -1.67    7.08
 -24880.309    18.102     2.02    6.71
 -24591.029    19.083     3.39    5.46
 -24301.749    19.474     1.35    4.53
 -24012.468    19.167    -1.06    5.07
 -23723.186    17.897    -4.39    5.62
 -23433.904    16.935    -3.32    6.40
 -23144.621    15.600    -4.62    6.13
 -22855.337    14.831    -2.66    6.30
 -22566.053    13.793    -3.59    6.49
 -22276.769    12.036    -6.07    6.44
 -21987.483    10.467    -5.42    6.85
 -21698.198     8.339    -7.35    6.91
 -21408.911     6.426    -6.61    6.66
 -21119.624     4.810    -5.59    5.51
 -20830.337     3.071    -6.01    3.47
 -20541.049     2.383    -2.38    3.06
 -20251.760     1.914    -1.62    1.45
 -19962.470     2.217     1.05    1.47
 -19673.181     2.207    -0.03    1.58
 -19383.890     2.448     0.83    1.57
 -19094.599     2.741     1.01    2.00
 -18805.307     2.845     0.36    2.26
 -18516.015     3.131     0.99    2.69
 -18226.722     2.879    -0.87    2.56
 -17937.428     3.034     0.53    2.76
 -17648.134     3.017    -0.06    2.61
 -17358.839     2.879    -0.48    2.03
 -17069.544     3.468     2.03    2.37
 -16780.248     3.700     0.80    2.16
 -16490.952     4.279     2.00    2.39
 -16201.654     4.411     0.46    2.17
 -15912.357     5.310     3.11    2.80
 -15623.058     5.492     0.63    2.77
 -15333.759     5.288    -0.70    3.03
 -15044.460     5.300     0.04    3.07
 -14755.159     5.431     0.45    3.12
 -14465.859     5.397    -0.12    3.02
 -14176.557     5.772     1.30    3.02
 -13887.255     5.373    -1.38    2.79
 -13597.952     5.583     0.73    2.90
 -13308.649     5.569    -0.05    2.79
 -13019.345     6.103     1.85    3.24
 -12730.040     6.339     0.82    3.46
 -12440.735     6.831     1.70    3.66
 -12151.429     6.400    -1.49    3.63
 -11862.123     5.867    -1.84    3.45
 -11572.816     5.183    -2.36    3.57
 -11283.508     4.554    -2.18    3.29
 -10994.200     3.847    -2.44    2.61
 -10704.891     3.241    -2.09    1.76
 -10415.581     3.033    -0.72    1.23
 -10126.271     2.885    -0.51    1.25
  -9836.960     2.879    -0.02    1.14
  -9547.648     2.883     0.01    1.24
  -9258.336     2.875    -0.03    1.18
  -8969.023     3.016     0.49    1.27
  -8679.710     2.983    -0.11    1.32
  -8390.396     2.966    -0.06    1.30
  -8101.081     2.966    -0.00    1.24
  -7811.765     3.052     0.30    1.29
  -7522.449     3.034    -0.06    1.34
  -7233.133     3.051     0.06    1.46
  -6943.815     3.000    -0.18    1.56
  -6654.497     3.051     0.18    1.87
  -6365.179     2.964    -0.30    2.03
  -6075.859     2.847    -0.40    2.02
  -5786.539     2.586    -0.90    2.03
  -5497.219     2.377    -0.72    2.03
  -5207.897     1.966    -1.42    1.74
  -4918.575     1.672    -1.01    1.37
  -4629.253     1.466    -0.72    1.06
  -4339.930     1.263    -0.70    0.86
  -4050.606     1.117    -0.51    0.85
  -3761.281     0.847    -0.93    0.45
  -3471.956     0.767    -0.28    0.53
  -3182.630     0.632    -0.47    0.56
  -2893.303     0.552    -0.28    0.57
  -2603.976     0.410    -0.49    0.53
  -2314.648     0.271    -0.48    0.49
  -2025.319     0.220    -0.18    0.46
  -1735.990     0.125    -0.33    0.43
  -1446.660     0.052    -0.25    0.35
  -1157.330     0.000    -0.18    0.26
   -867.998     0.017     0.06    0.30
   -578.666     0.050     0.11    0.29
   -289.334     0.052     0.01    0.29
     -0.000     0.051    -0.00    0.29
    289.334     0.054     0.01    0.23
    578.669     0.017    -0.13    0.13
    868.004     0.000    -0.06    0.00
   1157.340    -0.017    -0.06    0.13
   1446.677    -0.117    -0.34    0.42
   1736.014    -0.190    -0.25    0.51
   2025.352    -0.241    -0.18    0.54
   2314.691    -0.254    -0.04    0.54
   2604.031    -0.305    -0.18    0.59
   2893.371    -0.262     0.15    0.54
   3182.712    -0.214     0.17    0.46
   3472.054    -0.183     0.11    0.43
   3761.396    -0.155     0.10    0.41
   4050.739    -0.129     0.09    0.38
   4340.083    -0.083     0.16    0.33
   4629.427    -0.017     0.23    0.13
   4918.772     0.000     0.06    0.00
   5208.118     0.000     0.00    0.00
   5497.464     0.000     0.00    0.00
   5786.812     0.000     0.00    0.00
   6076.160     0.000     0.00    0.00
   6365.508     0.000     0.00    0.00
   6654.858     0.071     0.25    0.53
   6944.208     0.350     0.96    1.23
   7233.558     0.707     1.23    1.50
   7522.910     0.984     0.96    1.67
   7812.252     1.051     0.23    1.71
   8101.451     1.421     1.28    1.77
   8390.651     1.552     0.45    1.79
   8679.851     1.534    -0.06    1.70
   8969.052     1.607     0.25    1.65
   9258.253     1.517    -0.31    1.66
   9547.456     1.797     0.97    1.78
   9836.659     1.690    -0.37    1.88
  10125.862     1.893     0.70    2.02
  10415.067     2.148     0.88    2.09
  10704.272     1.967    -0.63    2.05
  10993.478     2.033     0.23    2.02
  11282.685     2.246     0.74    2.10
  11571.892     2.379     0.46    2.11
  11861.100     2.583     0.71    2.50
  12150.309     2.776     0.67    2.72
  12439.519     3.623     2.93    3.67
  12728.729     3.983     1.24    3.71
  13017.940     4.948     3.34    4.26
  13307.152     6.069     3.87    5.00
  13596.365     8.051     6.85    6.66
  13885.578    10.483     8.41    7.44
  14174.792    12.086     5.54    8.25
  14464.007    14.288     7.61    8.02
  14753.222    14.804     1.78    7.80
  15042.438    16.424     5.60    7.89
  15331.656    16.672     0.86    7.71
  15620.873    15.237    -4.96    8.53
  15910.092    13.067    -7.51    8.73
  16199.311    11.875    -4.12    9.43
  16488.531     9.000    -9.94    9.21
  16777.752     6.627    -8.20    8.09
  17066.973     4.033    -8.97    5.47
  17356.196     3.323    -2.46    3.51
  17645.419     3.684     1.25    3.82
  17934.643     4.483     2.76    3.94
  18223.867     5.518     3.58    4.32
  18513.092     6.194     2.34    4.25
  18802.319     6.492     1.03    4.05
  19091.545     6.746     0.88    3.60
  19380.773     6.569    -0.61    3.74
  19670.001     6.776     0.72    3.96
  19959.231     7.350     1.99    4.57
  20248.460     8.220     3.01    4.93
  20537.691     8.967     2.58    5.24
  20826.923    10.729     6.09    5.87
  21116.155    10.964     0.81    6.10
  21405.388    10.051    -3.16    6.30
  21694.622     8.534    -5.24    6.10
  21983.856     8.050    -1.68    6.07
  22273.091     7.508    -1.87    5.63
  22562.328     5.797    -5.92    3.41
  22851.564     4.931    -2.99    1.93
  23140.802     4.839    -0.32    1.91
  23430.041     5.169     1.14    2.90
  23719.280     5.746     1.99    4.77
  24008.520     7.000     4.34    6.44
  24297.761     8.466     5.07    7.37
  24587.002    10.714     7.77    8.27
  24876.245    14.000    11.36    8.95
  25165.488    16.881     9.96    8.25
  25454.732    19.200     8.02    7.12
  25743.977    21.069     6.46    4.56
  26033.222    21.448     1.31    3.43
  26322.468    21.310    -0.48    3.23
  26611.716    20.810    -1.73    3.08
  26900.964    20.295    -1.78    3.00
  27190.212    20.052    -0.84    3.14
  27479.462    19.828    -0.77    3.30
  27768.712    20.464     2.20    3.19
  28057.963    20.931     1.61    3.07
  28347.215    21.500     1.97    2.79
  28636.468    21.814     1.08    2.58
  28925.722    21.508    -1.05    2.71
  29214.976    21.053    -1.58    2.57
  29504.231    21.000    -0.18    2.53
  29793.487    20.683    -1.09    2.21
  30082.744    20.433    -0.86    2.89
  30372.001    19.855    -2.00    3.56
  30661.260    20.054     0.69    3.58
  30950.519    19.966    -0.30    4.28
  31239.779    20.017     0.18    4.43
  31529.040    19.574    -1.53    4.89
  31818.302    19.148    -1.47    5.37
  32107.564    18.741    -1.40    5.57
  32396.828    16.949    -6.20    6.62
  32686.092    16.474    -1.64    6.60
  32975.357    15.650    -2.85    6.98
  33264.623    16.183     1.84    6.59
  33553.889    16.583     1.38    6.25
  33843.157    17.966     4.78    5.70
  34132.425    18.421     1.57    5.31
  34421.694    19.610     4.11    3.91
  34710.964    19.897     0.99    3.00
  35000.235    19.885    -0.04    2.92
  35289.506    20.033     0.51    2.72
  35578.779    20.123     0.31    2.95
  35868.052    20.569     1.54    2.68
  36157.326    21.000     1.49    2.54
  36446.601    21.433     1.50    2.70
  36735.877    21.525     0.32    2.77
  37025.154    21.339    -0.64    2.67
  37314.431    21.190    -0.52    2.77
  37603.710    20.912    -0.96    2.88
  37892.989    21.000     0.30    2.83
  38182.269    20.933    -0.23    2.80
  38471.550    20.597    -1.16    2.77
  38760.831    20.121    -1.65    2.62
  39050.114    20.448     1.13    2.54
  39339.397    20.424    -0.08    2.63
  39628.682    20.379    -0.15    3.16
  39917.967    20.213    -0.57    3.86
  40207.253    19.621    -2.05    4.22
  40496.540    19.983     1.25    5.07
  40785.827    20.741     2.62    5.14
  41075.116    22.224     5.13    4.32
  41364.405    23.450     4.24    3.44
  41653.696    24.190     2.56    2.63
  41942.987    24.467     0.96    2.66
  42232.279    24.911     1.53    2.57
  42521.572    25.034     0.43    2.52
  42810.865    24.934    -0.35    3.00
  43100.160    24.898    -0.12    3.07
  43389.456    24.836    -0.22    3.22
  43678.752    24.964     0.44    3.24
  43968.049    24.500    -1.60    3.49
  44257.347    24.237    -0.91    3.33
  44546.646    23.667    -1.97    3.06
  44835.946    23.475    -0.66    2.73
  45125.247    23.431    -0.15    2.70
  45414.548    23.167    -0.91    2.42
  45703.851    23.368     0.70    2.21
  45993.154    23.117    -0.87    2.43
  46282.459    23.322     0.71    2.57
  46571.764    23.190    -0.46    2.60
  46861.070    23.610     1.45    2.77
  47150.377    24.367     2.61    2.91
  47439.684    25.083     2.48    3.08
  47728.993    25.466     1.32    2.99
  48018.303    24.983    -1.67    3.90
  48307.613    23.950    -3.57    5.27
  48596.924    22.211    -6.01    6.01
  48886.237    20.900    -4.53    6.12
  49175.550    18.966    -6.69    5.62
  49464.864    17.344    -5.60    5.05
  49754.179    16.271    -3.71    3.97
  50043.495    16.517     0.85    4.23
  50332.811    16.879     1.25    4.47
  50622.129    17.179     1.03    4.42
  50911.448    18.000     2.84    5.39
  51200.767    20.119     7.32    7.34
  51490.087    21.950     6.33    8.25
  51779.409    24.034     7.20    9.07
  52068.731    27.071    10.50    9.42
  52358.054    29.383     7.99    8.69
  52647.378    31.655     7.85    6.90
  52936.703    31.750     0.33    5.94
  53226.029    30.534    -4.20    5.79
  53515.355    29.793    -2.56    5.26
  53804.683    29.155    -2.20    5.17
  54094.012    28.328    -2.86    4.26
  54383.341    28.557     0.79    4.54
  54672.671    28.379    -0.62    4.83
  54962.003    28.414     0.12    4.72
  55251.335    29.552     3.93    5.10
  55540.668    31.621     7.15    6.40
  55830.002    33.113     5.16    6.34
  56119.337    34.559     5.00    6.52
  56408.673    36.390     6.33    6.44
  56698.010    37.053     2.29    6.21
  56987.348    37.207     0.53    6.84
  57276.687    38.350     3.95    7.58
  57566.026    39.576     4.24    7.07
  57855.367    40.230     2.26    6.48
  58144.708    42.250     6.98    7.27
  58434.051    45.172    10.10    8.07
  58723.394    48.107    10.14    8.85
  59012.738    51.483    11.67   11.01
  59302.084    55.833    15.03   12.22
  59591.430    59.603    13.03   12.40
  59880.777    63.883    14.79   11.65
  60170.125    65.121     4.28   10.67
  60459.474    66.203     3.74   10.60
  60748.824    66.133    -0.24   11.22
  61038.175    66.850     2.48   10.57
  61327.527    68.333     5.13   12.49
  61616.880    71.241    10.05   14.02
  61906.234    73.610     8.19   14.11
  62195.588    75.431     6.29   12.81
  62484.944    75.230    -0.70   11.84
  62774.301    73.983    -4.31   11.98
  63063.658    73.339    -2.23   11.99
  63353.017    72.831    -1.76   12.40
  63642.376    73.621     2.73   11.51
  63931.737    74.433     2.81   12.87
  64221.098    78.333    13.48   13.27
  64510.461    81.153     9.74   12.46
  64799.824    83.448     7.93   11.12
  65089.188    83.018    -1.49   11.56
  65378.554    80.049   -10.26   14.26
  65667.920    78.217    -6.33   15.11
  65957.287    75.484    -9.44   15.53
  66246.655    73.051    -8.41   16.03
  66536.024    71.911    -3.94   16.29
  66825.395    74.067     7.45   16.93
  67114.766    77.362    11.39   15.75
  67404.138    78.869     5.21   13.88
  67693.511    77.017    -6.40   14.22
  67982.885    76.017    -3.46   14.53
  68272.260    72.017   -13.82   14.47
  68561.636    69.397    -9.06   13.59
  68851.013    69.393    -0.01   13.06
  69140.391    70.879     5.13   14.37
  69429.770    75.400    15.62   15.31
  69719.150    79.036    12.56   15.77
  70008.531    84.610    19.26   15.84
  70297.745    88.371    13.00   16.21
  70586.915    89.950     5.46   16.60
  70876.086    89.803    -0.51   17.37
  71165.258    91.982     7.54   15.87
  71454.431    88.759   -11.15   18.19
  71743.605    84.400   -15.07   19.04
  72032.781    77.150   -25.07   19.16
  72321.957    70.217   -23.98   17.12
  72611.134    64.379   -20.19   14.51
  72900.312    63.356    -3.54   13.95
  73189.491    65.911     8.83   16.03
  73478.671    66.733     2.84   16.96
  73767.852    67.850     3.86   17.43
  74057.034    69.655     6.24   16.99
  74346.217    73.237    12.39   16.08
  74635.402    75.793     8.84   14.96
  74924.587    77.483     5.84   15.08
  75213.773    82.288    16.61   14.89
  75502.960    88.350    20.96   12.55
  75792.148    91.567    11.12    9.45
  76081.337    92.000     1.50    9.31
  76370.527    90.917    -3.75   11.24
  76659.719    87.707   -11.10   13.03
  76948.911    86.770    -3.24   13.51
  77238.104    84.317    -8.49   13.81
  77527.298    80.517   -13.14   15.17
  77816.493    78.534    -6.86   16.09
  78105.690    78.054    -1.66   17.14
  78394.887    80.098     7.07   18.28
  78684.085    83.356    11.26   17.08
  78973.285    81.850    -5.21   18.83
  79262.485    81.172    -2.34   18.85
  79551.686    80.929    -0.84   18.29
  79840.889    80.083    -2.92   17.49
  80130.092    80.241     0.55   15.33
  80419.297    76.433   -13.17   17.20
  80708.502    70.500   -20.52   19.85
  80997.709    64.207   -21.76   20.90
  81286.916    58.776   -18.78   19.52
  81576.125    54.431   -15.02   16.48
  81865.335    53.705    -2.51   15.73
  82154.545    54.000     1.02   16.30
  82443.757    55.241     4.29   16.97
  82732.970    54.379    -2.98   17.52
  83022.184    49.649   -16.36   17.16
  83311.398    44.645   -17.30   16.59
  83600.614    40.250   -15.20   15.62
  83889.831    35.733   -15.62   12.46
  84179.049    32.789   -10.18   10.29
  84468.268    31.914    -3.03    8.79
  84757.488    33.883     6.81   10.51
  85046.709    36.763     9.96   12.01
  85335.932    41.367    15.92   13.44
  85625.155    46.860    18.99   13.72
  85914.379    51.103    14.67   13.92
  86203.604    52.155     3.64   13.33
  86492.831    53.067     3.15   13.48
  86782.058    54.305     4.28   14.02
  87071.287    55.672     4.73   12.79
  87360.516    58.150     8.57   14.66
  87649.747    59.509     4.70   14.87
  87938.979    62.932    11.84   15.22
  88228.212    63.483     1.91   14.07
  88517.445    61.683    -6.22   14.49
  88806.680    58.767   -10.08   15.79
  89095.916    57.298    -5.08   15.95
  89385.153    54.695    -9.00   15.52
  89674.391    54.810     0.40   15.53
  89963.631    57.617     9.70   17.37
  90252.871    61.459    13.28   18.24
  90542.112    65.719    14.73   18.86
  90831.355    69.050    11.52   16.73
  91120.598    72.607    12.30   15.41
  91409.843    74.935     8.05   14.22
  91699.088    76.033     3.80   12.71
  91988.335    76.966     3.22   11.28
  92277.583    75.414    -5.37   11.87
  92566.832    70.966   -15.38   15.64
  92856.082    67.525   -11.89   16.53
  93145.333    63.898   -12.54   16.35
  93434.585    62.919    -3.38   16.72
  93723.838    62.254    -2.30   16.42
  94013.092    62.518     0.91   16.14
  94302.348    65.814    11.39   16.53
  94591.604    68.621     9.70   16.61
  94880.862    73.066    15.37   16.96
  95170.121    78.138    17.54   16.75
  95459.380    82.517    15.14   16.27
  95748.641    86.431    13.53   13.71
  96037.903    88.672     7.75   10.98
  96327.166    87.933    -2.56   11.41
  96616.431    86.086    -6.39   12.30
  96905.696    83.350    -9.46   12.67
  97194.962    81.232    -7.32   10.88
  97484.230    81.707     1.64   10.95
  97773.498    83.541     6.34   11.86
  98062.768    84.617     3.72   12.09
  98352.039    86.441     6.31   12.21
  98641.311    85.696    -2.57   12.10
  98930.584    83.207    -8.61   11.49
  99219.858    79.667   -12.24   13.17
  99509.133    76.186   -12.03   13.47
  99798.410    72.950   -11.19   11.58
 100087.687    70.655    -7.93   10.43
 100376.966    68.356    -7.95    7.86
 100666.246    67.316    -3.60    6.63
 100955.526    68.267     3.29    6.57
 101244.808    69.567     4.49    6.06
 101534.091    70.966     4.84    6.15
 101823.376    72.133     4.04    5.57
 102112.661    72.448     1.09    5.12
 102401.948    71.881    -1.96    5.39
 102691.235    70.644    -4.28    6.33
 102980.524    69.288    -4.69    6.19
 103269.814    67.803    -5.13    5.62
 103559.105    66.719    -3.75    5.00
 103848.397    66.633    -0.30    4.72
 104137.690    66.741     0.37    4.29
 104426.985    68.048     4.52    5.66
 104716.280    67.767    -0.97    5.75
 105005.577    68.085     1.10    6.16
 105294.875    67.707    -1.31    6.93
 105584.174    66.625    -3.74    6.81
 105873.474    66.233    -1.35    7.14
 106162.775    64.508    -5.96    6.34
 106452.077    63.000    -5.21    4.41
 106741.381    62.552    -1.55    4.09
 107030.685    63.107     1.92    5.27
 107319.991    63.950     2.91    5.46
 107609.298    63.759    -0.66    5.13
 107898.606    64.817     3.66    6.66
 108187.916    64.700    -0.40    6.65
 108477.226    64.241    -1.59    5.73
 108766.538    63.569    -2.32    3.93
 109055.850    63.983     1.43    4.96
 109345.164    63.967    -0.05    5.96
 109634.479    64.466     1.72    7.38
 109923.796    64.576     0.38    8.13
 110213.113    64.741     0.57    8.53
 110502.432    64.196    -1.88    8.38
 110791.751    63.177    -3.52    7.09
 111081.072    61.217    -6.78    6.92
 111370.394    61.500     0.98    7.72
 111659.717    60.930    -1.97    7.19
 111949.042    60.655    -0.95    7.79
 112238.367    60.729     0.25    8.03
 112527.694    60.915     0.64    8.27
 112817.022    60.517    -1.38    8.83
 113106.351    59.155    -4.71    9.74
 113395.681    57.103    -7.09    9.96
 113685.013    55.483    -5.60    9.68
 113974.345    54.050    -4.95    9.41
 114263.679    52.932    -3.86    8.01
 114553.014    53.655     2.50    7.82
 114842.350    55.220     5.41    8.11
 115131.687    54.643    -2.00    7.93
 115421.026    55.576     3.23    8.22
 115710.365    55.017    -1.93    8.16
 115999.706    53.500    -5.24    8.20
 116289.048    51.983    -5.24    8.29
 116578.392    50.857    -3.89    7.99
 116867.736    51.017     0.55    7.78
 117157.082    49.966    -3.63    7.40
 117446.429    48.483    -5.12    7.06
 117735.777    48.148    -1.16    7.25
 118025.126    47.930    -0.75    7.17
 118314.476    49.183     4.33    7.95
 118603.828    48.571    -2.11    7.92
 118893.181    48.903     1.15    7.67
 119182.535    47.700    -4.16    7.08
 119471.890    47.864     0.57    6.67
 119761.246    47.966     0.35    6.91
 120050.604    47.431    -1.85    6.18
 120339.963    46.881    -1.90    6.15
 120629.323    47.305     1.46    6.10
 120918.684    49.113     6.25    7.75
 121208.046    49.085    -0.10    7.85
 121497.410    48.696    -1.34    7.89
 121786.775    48.627    -0.24    7.65
 122076.141    48.448    -0.62    8.92
 122365.508    49.311     2.98    9.87
 122654.877    49.517     0.71   10.29
 122944.246    48.586    -3.22   10.76
 123233.617    46.897    -5.84   10.82
 123522.989    46.259    -2.20   11.09
 123812.363    45.267    -3.43   10.32
 124101.737    43.759    -5.21    9.42
 124391.113    43.900     0.49    9.30
 124680.490    43.964     0.22    9.58
 124969.869    44.810     2.92    9.87
 125259.248    44.525    -0.99    9.91
 125548.629    43.237    -4.45    8.85
 125838.011    43.831     2.05    9.11
 126127.394    43.500    -1.14    8.80
 126416.778    43.207    -1.01    9.45
 126706.164    43.100    -0.37    8.96
 126995.551    43.017    -0.29    9.39
 127284.939    42.550    -1.61    9.66
 127574.328    41.690    -2.97    8.56
 127863.719    42.881     4.12    9.89
 128153.111    42.281    -2.08    9.85
 128442.504    41.317    -3.33    9.40
 128731.898    39.934    -4.78    8.35
 129021.294    39.362    -1.98    8.71
 129310.691    39.300    -0.21    9.42
 129600.089    40.414     3.85   11.20
 129889.488    40.017    -1.37   11.80
 130178.888    41.407     4.80   13.65
 130468.290    42.203     2.75   13.76
 130757.693    42.361     0.54   13.75
 131047.098    42.474     0.39   13.40
 131336.503    41.650    -2.85   12.64
 131625.910    41.362    -0.99   11.53
 131915.318    40.339    -3.54   10.66
 132204.727    39.083    -4.34    9.80
 132493.999    39.133     0.17    9.76
 132783.139    38.448    -2.37    8.92
 133072.281    36.446    -6.92    7.41
 133361.424    35.683    -2.64    7.17
 133650.568    34.068    -5.59    6.94
 133939.714    32.350    -5.94    7.70
 134228.861    30.741    -5.56    7.64
 134518.009    29.839    -3.12    7.36
 134807.158    29.567    -0.94    6.96
 135096.309    29.362    -0.71    6.51
 135385.461    29.483     0.42    6.37
 135674.614    29.233    -0.86    6.47
 135963.768    28.707    -1.82    6.12
 136252.924    27.483    -4.23    6.78
 136542.081    26.379    -3.82    6.85
 136831.239    25.623    -2.62    6.72
 137120.399    24.862    -2.63    6.60
 137409.560    24.780    -0.28    6.84
 137698.722    26.000     4.22    7.45
 137987.885    28.052     7.10    7.32
 138277.050    30.790     9.47    7.68
 138566.216    31.000     0.73    7.00
 138855.383    30.867    -0.46    7.16
 139144.552    32.930     7.13    8.87
 139433.721    36.621    12.76   11.05
 139722.892    37.763     3.95   10.49
 140012.065    39.712     6.74   11.03
 140301.238    41.667     6.76   10.93
 140590.413    44.259     8.96    9.87
 140879.590    44.569     1.07    9.66
 141168.767    43.684    -3.06   11.09
 141457.946    43.133    -1.90   11.44
 141747.126    44.267     3.92   11.29
 142036.308    44.552     0.99   10.26
 142325.490    45.100     1.90   10.37
 142614.674    46.679     5.46    9.55
 142903.860    47.068     1.35    9.85
 143193.046    46.305    -2.64   10.04
 143482.234    47.167     2.98   10.39
 143771.424    45.033    -7.38   11.19
 144060.614    45.143     0.38   11.84
 144349.806    47.644     8.65   11.30
 144638.999    45.810    -6.34   10.80
 144928.194    43.883    -6.66   11.29
 145217.389    41.295    -8.95   11.21
 145506.586    39.172    -7.34   11.53
 145795.785    36.593    -8.92   10.39
 146084.985    32.554   -13.97    7.88
 146374.186    29.806    -9.50    7.55
 146663.388    28.034    -6.13    6.85
 146952.592    28.100     0.23    6.68
 147241.797    28.569     1.62    7.46
 147531.003    30.125     5.38    9.17
 147820.211    32.407     7.89   11.72
 148109.420    33.862     5.03   11.47
 148398.630    34.574     2.46   10.91
 148687.842    34.746     0.59   11.50
 148977.055    34.596    -0.52   11.98
 149266.269    34.672     0.26   12.45
 149555.485    36.793     7.33   13.10
 149844.702    39.934    10.86   12.45
 150133.920    42.845    10.06   11.96
 150423.140    46.881    13.96   12.12
 150712.361    49.276     8.28   12.85
 151001.583    51.333     7.11   13.56
 151290.806    53.410     7.18   14.12
 151580.031    55.267     6.42   14.37
 151869.258    58.633    11.64   13.86
 152158.485    57.912    -2.49   14.63
 152447.714    55.155    -9.53   14.95
 152736.945    50.831   -14.95   15.02
 153026.177    46.712   -14.24   14.46
 153315.410    44.918    -6.20   13.85
 153604.644    42.552    -8.18   13.11
 153893.880    38.655   -13.47    9.96
 154183.117    35.983    -9.24    9.17
 154472.355    35.441    -1.88    9.97
 154761.595    36.100     2.28   11.16
 155050.836    37.103     3.47   11.21
 155340.079    37.712     2.10   12.20
 155629.323    38.321     2.11   11.76
 155918.568    37.814    -1.76   11.22
 156207.815    35.098    -9.39   11.56
 156497.062    32.932    -7.49   10.62
 156786.312    29.450   -12.04   10.06
 157075.562    27.000    -8.47    8.99
 157364.815    27.186     0.64    9.42
 157654.068    25.638    -5.35    7.07
 157943.323    25.150    -1.69    6.44
 158232.579    24.311    -2.90    4.91
 158521.836    23.893    -1.45    4.92
 158811.095    25.050     4.00    6.85
 159100.356    25.500     1.56    7.07
 159389.617    26.452     3.29    7.78
 159678.880    26.797     1.19    7.66
 159968.145    26.083    -2.47    6.37
 160257.410    25.345    -2.55    6.57
 160546.678    24.707    -2.21    6.79
 160835.946    22.831    -6.49    7.64
 161125.216    20.339    -8.61    8.44
 161414.487    20.032    -1.06    9.71
 161703.760    19.695    -1.17   11.88
 161993.034    20.768     3.71   14.96
 162282.310    23.254     8.60   18.01
 162571.586    23.966     2.46   17.35
 162860.865    24.967     3.46   17.01
 163150.144    24.103    -2.99   15.88
 163439.425    21.534    -8.88   12.83
 163728.708    20.259    -4.41    9.90
 164017.992    18.404    -6.41    8.13
 164307.277    16.800    -5.54    7.07
 164596.563    15.966    -2.88    6.61
 164885.851    15.983     0.06    7.67
 165175.141    16.333     1.21    7.37
 165464.432    16.483     0.52    7.69
 165753.724    18.689     7.62    8.39
 166043.017    21.068     8.22    9.41
 166332.313    25.983    16.99   11.27
 166621.609    30.839    16.79   10.96
 166910.907    34.362    12.18    9.50
 167200.206    36.492     7.36    8.30
 167489.507    36.672     0.63    7.57
 167778.809    35.754    -3.17    8.23
 168068.112    34.552    -4.16    9.28
 168357.417    32.525    -7.00    9.67
 168646.723    31.161    -4.72   10.60
 168936.031    29.339    -6.30   11.00
 169225.340    27.100    -7.74   11.69
 169514.651    24.237    -9.90   11.88
 169803.963    22.017    -7.68   11.65
 170093.276    20.000    -6.97   10.91
 170382.591    17.328    -9.24    9.30
 170671.907    14.458    -9.92    8.29
 170961.225    12.119    -8.08    5.64
 171250.544    12.161     0.15    5.87
 171539.865    12.821     2.28    7.08
 171829.187    16.767    13.64   11.28
 172118.510    20.912    14.33   12.04
 172407.835    24.371    11.95   11.83
 172697.161    27.867    12.08    9.63
 172986.489    28.150     0.98    8.09
 173275.818    27.034    -3.86    8.20
 173565.148    24.839    -7.59    8.75
 173854.480    22.350    -8.60    8.97
 174143.814    19.373   -10.29    8.66
 174433.149    17.016    -8.14    7.13
 174722.485    15.119    -6.56    5.78
 175011.823    14.089    -3.56    5.47
 175301.162    14.746     2.27    6.87
 175590.503    13.345    -4.84    6.77
 175879.845    13.117    -0.79    7.11
 176169.188    12.237    -3.04    7.22
 176458.533    10.948    -4.46    5.93
 176747.880    10.310    -2.20    5.04
 177037.228    10.534     0.77    5.32
 177326.577    12.049     5.23    7.22
 177615.928    14.897     9.84    9.40
 177905.280    18.644    12.95   12.06
 178194.634    21.828    11.00   12.83
 178483.989    25.948    14.24   11.83
 178773.346    28.607     9.19   11.61
 179062.704    30.600     6.89   10.64
 179352.063    31.433     2.88   11.33
 179641.424    31.175    -0.89   10.93
 179930.787    30.190    -3.41   10.93
 180220.151    27.833    -8.14   11.38
 180509.516    24.879   -10.21   11.70
 180798.883    21.067   -13.18   11.32
 181088.252    16.914   -14.35   11.15
 181377.621    11.172   -19.84    9.45
 181666.993     8.211   -10.24    8.11
 181956.366     5.250   -10.23    6.23
 182245.740     3.017    -7.72    4.55
 182535.116     1.603    -4.88    2.46
 182824.493     0.833    -2.66    1.34
 183113.871     0.750    -0.29    1.31
 183403.252     0.831     0.28    1.30
 183692.633     0.847     0.06    1.24
 183982.016     0.833    -0.05    1.18
 184271.401     0.885     0.18    1.07
 184560.787     1.018     0.46    0.94
 184850.175     1.034     0.06    1.00
 185139.564     0.897    -0.47    1.00
 185428.954     0.869    -0.10    1.15
 185718.346     0.869     0.00    1.12
 186007.740     1.086     0.75    1.25
 186297.135     1.186     0.35    1.24
 186586.532     1.536     1.21    1.26
 186875.930     2.097     1.94    1.67
 187165.329     3.356     4.35    3.16
 187454.730     5.050     5.85    4.87
 187744.133     7.534     8.59    6.38
 188033.537    10.772    11.19    7.49
 188322.942    13.542     9.57    7.81
 188612.349    17.086    12.25    7.89
 188901.758    19.328     7.75    7.82
 189191.168    20.814     5.13    8.53
 189480.580    20.931     0.41    9.85
 189769.993    20.897    -0.12   10.67
 190059.407    20.328    -1.97   11.14
 190348.823    18.820    -5.21   10.57
 190638.241    16.638    -7.54    8.63
 190927.660    16.172    -1.61    7.46
 191217.081    15.793    -1.31    6.34
 191506.503    15.086    -2.44    5.28
 191795.926    17.082     6.90    7.42
 192085.352    18.667     5.48    8.18
 192374.778    21.200     8.75    9.39
 192664.207    22.439     4.28    9.62
 192953.636    25.138     9.33   10.60
 193243.068    28.783    12.60   11.69
 193532.500    31.729    10.18   11.48
 193821.935    34.733    10.38   11.01
 194111.371    38.196    11.97   10.75
 194400.808    41.603    11.77    9.32
 194690.169    43.741     7.39    7.78
 194979.281    44.000     0.89    7.98
 195268.394    44.200     0.69    8.16
 195557.509    43.793    -1.41    8.31
 195846.625    42.150    -5.68    8.92
 196135.743    41.842    -1.06    8.80
 196424.862    40.617    -4.24    8.43
 196713.983    40.483    -0.46    7.64
 197003.105    40.850     1.27    7.44
 197292.229    41.967     3.86    6.91
 197581.355    43.105     3.94    6.30
 197870.482    43.288     0.63    5.98
 198159.610    41.983    -4.51    6.42
 198448.740    41.333    -2.25    6.37
 198737.872    41.230    -0.36    5.88
 199027.005    40.754    -1.64    5.84
 199316.140    41.650     3.10    6.41
 199605.276    42.375     2.51    7.40
 199894.414    43.242     3.00    8.10
 200183.553    44.317     3.72    8.06
 200472.694    45.695     4.77    7.70
 200761.837    47.448     6.06    7.75
 201050.981    50.172     9.42    8.14
 201340.126    52.339     7.49    8.37
 201629.274    55.254    10.08    8.78
 201918.422    58.065     9.72    8.24
 202207.573    61.085    10.45    7.13
 202496.724    63.964     9.96    5.00
 202785.878    65.542     5.46    3.76
 203075.033    66.793     4.33    3.13
 203364.189    67.492     2.42    2.58
 203653.347    67.638     0.51    2.12
 203942.507    67.207    -1.49    2.72
 204231.668    66.052    -3.99    3.85
 204520.831    64.207    -6.38    5.54
 204809.996    62.650    -5.38    5.86
 205099.161    60.879    -6.12    6.31
 205388.329    59.200    -5.81    6.97
 205677.498    58.696    -1.74    6.84
 205966.669    58.793     0.33    6.80
 206255.841    58.750    -0.15    6.50
 206545.015    58.237    -1.77    6.02
 206834.190    57.746    -1.70    5.74
 207123.367    57.321    -1.47    5.49
 207412.546    55.586    -6.00    6.05
 207701.726    54.136    -5.02    6.42
 207990.908    52.678    -5.04    6.80
 208280.091    50.200    -8.57    7.81
 208569.276    48.172    -7.01    8.58
 208858.462    46.525    -5.70    9.13
 209147.651    44.632    -6.55    8.37
 209436.840    43.271    -4.70    7.93
 209726.031    41.967    -4.51    6.81
 210015.224    41.593    -1.29    6.70
 210304.419    42.150     1.93    7.14
 210593.615    42.211     0.21    7.15
 210882.813    41.983    -0.79    6.78
 211172.012    43.052     3.70    6.89
 211461.213    43.627     1.99    7.00
 211750.415    44.567     3.25    5.99
 212039.619    45.386     2.83    6.14
 212328.825    46.250     2.99    6.16
 212618.032    47.193     3.26    5.91
 212907.241    47.435     0.84    6.41
 213196.451    45.917    -5.25    7.64
 213485.664    43.949    -6.80    8.43
 213774.877    41.362    -8.95    8.52
 214064.093    39.825    -5.32    8.28
 214353.310    38.864    -3.32    7.72
 214642.528    38.119    -2.58    7.69
 214931.748    36.484    -5.65    7.56
 215220.970    35.700    -2.71    7.50
 215510.193    35.357    -1.19    7.46
 215799.418    33.831    -5.28    7.63
 216088.645    32.707    -3.88    7.35
 216377.873    31.049    -5.73    7.08
 216667.103    29.552    -5.18    6.46
 216956.335    28.017    -5.31    6.99
 217245.568    27.534    -1.67    7.61
 217534.803    26.328    -4.17    7.26
 217824.039    25.250    -3.73    7.57
 218113.277    24.517    -2.53    7.28
 218402.517    23.850    -2.31    7.17
 218691.758    23.246    -2.09    7.04
 218981.001    22.000    -4.31    6.63
 219270.245    20.426    -5.44    6.58
 219559.492    19.017    -4.87    6.91
 219848.739    18.237    -2.69    6.61
 220137.989    17.339    -3.10    6.41
 220427.240    16.707    -2.19    6.34
 220716.493    15.817    -3.08    6.39
 221005.747    14.068    -6.05    5.73
 221295.003    13.967    -0.35    5.55
 221584.261    13.431    -1.85    4.91
 221873.520    12.780    -2.25    4.44
 222162.781    12.754    -0.09    3.97
 222452.044    13.350     2.06    3.97
 222741.308    14.197     2.93    3.89
 223030.574    14.138    -0.20    3.65
 223319.841    13.917    -0.76    3.96
 223609.111    13.707    -0.73    3.92
 223898.382    12.847    -2.97    3.89
 224187.654    11.932    -3.16    4.08
 224476.928    11.373    -1.93    3.99
 224766.204    10.250    -3.88    3.63
 225055.482     9.965    -0.99    3.72
 225344.761     9.600    -1.26    4.01
 225634.042     9.310    -1.00    4.05
 225923.324     8.887    -1.46    3.62
 226212.608     8.367    -1.80    3.16
 226501.894     7.797    -1.97    2.28
 226791.182     8.638     2.91    4.01
 227080.471    10.750     7.30    5.78
 227369.762    11.683     3.23    5.81
 227659.054    13.017     4.61    6.26
 227948.348    15.492     8.56    6.47
 228237.644    17.483     6.88    5.70
 228526.942    18.911     4.94    5.24
 228816.241    18.583    -1.13    5.71
 229105.542    19.086     1.74    6.27
 229394.845    18.917    -0.59    6.65
 229684.149    18.259    -2.27    6.94
 229973.455    16.517    -6.02    7.25
 230262.762    15.034    -5.13    6.57
 230552.072    14.224    -2.80    6.28
 230841.383    14.361     0.47    6.01
 231130.695    14.966     2.09    6.01
 231420.010    16.650     5.82    6.90
 231709.326    17.845     4.13    8.00
 231998.644    19.746     6.57    8.12
 232287.963    21.258     5.23    7.54
 232577.284    22.417     4.00    6.55
 232866.607    23.377     3.32    5.79
 233155.932    24.000     2.15    5.45
 233445.258    25.397     4.83    4.98
 233734.586    26.475     3.73    4.97
 234023.915    28.767     7.92    5.39
 234313.247    31.233     8.53    5.28
 234602.580    33.293     7.12    4.76
 234891.914    35.542     7.77    4.22
 235181.251    35.719     0.61    4.30
 235470.589    35.917     0.68    4.54
 235759.929    35.689    -0.79    4.71
 236049.270    35.224    -1.61    4.74
 236338.614    34.593    -2.18    4.77
 236627.959    35.136     1.87    4.90
 236917.305    35.350     0.74    4.65
 237206.654    36.068     2.48    4.40
 237496.004    36.850     2.70    4.76
 237785.356    37.883     3.57    4.51
 238074.709    38.807     3.19    4.39
 238364.065    39.317     1.76    4.42
 238653.422    40.431     3.85    4.29
 238942.780    41.230     2.76    4.88
 239232.141    41.650     1.45    5.57
 239521.503    42.569     3.18    6.45
 239810.867    43.207     2.20    7.14
 240100.233    43.304     0.33    8.15
 240389.600    43.067    -0.82    8.10
 240678.969    42.627    -1.52    7.84
 240968.340    41.967    -2.28    8.24
 241257.712    41.224    -2.57    7.51
 241547.087    39.375    -6.39    6.58
 241836.463    37.483    -6.54    6.60
 242125.840    34.897    -8.94    6.40
 242415.220    32.933    -6.78    6.65
 242704.601    30.525    -8.32    6.75
 242993.984    28.224    -7.95    6.69
 243283.369    26.690    -5.30    6.03
 243572.755    24.966    -5.96    4.99
 243862.143    24.426    -1.86    4.56
 244151.533    23.603    -2.84    2.80
 244440.925    23.621     0.06    2.50
 244730.319    23.621     0.00    2.25
 245019.714    23.862     0.83    2.06
 245309.111    24.210     1.20    2.61
 245598.509    24.169    -0.14    2.77
 245887.910    24.373     0.70    3.23
 246177.312    24.140    -0.80    3.58
 246466.716    24.086    -0.19    3.68
 246756.122    23.633    -1.56    3.71
 247045.529    22.932    -2.42    4.12
 247334.938    22.869    -0.22    4.40
 247624.349    22.696    -0.60    4.74
 247913.762    23.356     2.28    5.27
 248203.177    23.789     1.50    5.26
 248492.593    24.267     1.65    5.67
 248782.011    24.721     1.57    4.91
 249071.431    24.483    -0.82    5.08
 249360.852    24.220    -0.91    5.02
 249650.276    23.404    -2.82    5.34
 249939.701    22.817    -2.03    5.21
 250229.128    22.700    -0.40    4.90
 250518.556    22.450    -0.86    5.14
 250807.987    22.576     0.44    5.63
 251097.419    22.825     0.86    5.44
 251386.853    23.133     1.07    5.38
 251676.289    23.586     1.56    5.55
 251965.726    23.317    -0.93    5.26
 252255.166    22.650    -2.30    5.11
 252544.607    21.879    -2.66    4.63
 252834.050    21.448    -1.49    4.76
 253123.494    21.328    -0.42    4.87
 253412.941    21.767     1.52    4.91
 253702.389    22.237     1.63    5.03
 253991.839    23.033     2.75    4.95
 254281.291    24.224     4.11    4.34
 254570.744    25.298     3.71    3.05
 254860.200    24.951    -1.20    3.06
 255149.657    24.183    -2.65    2.67
 255439.116    23.758    -1.47    2.17
 255728.577    23.625    -0.46    1.92
 256018.039    23.259    -1.27    1.84
 256307.504    22.983    -0.95    2.16
 256596.970    22.483    -1.73    2.56
 256886.438    21.639    -2.91    3.04
 257175.533    20.897    -2.57    3.48
 257464.614    19.500    -4.83    3.70
 257753.698    18.310    -4.12    3.32
 258042.783    18.593     0.98    4.84
 258331.870    19.672     3.73    5.87
 258620.958    21.103     4.95    6.48
 258910.049    23.100     6.91    6.60
 259199.141    25.518     8.36    6.72
 259488.236    29.000    12.05    7.03
 259777.332    32.817    13.20    7.20
 260066.429    35.780    10.25    6.92
 260355.529    38.871    10.69    6.90
 260644.630    41.393     8.72    4.69
 260933.734    41.390    -0.01    4.68
 261222.839    39.948    -4.99    5.73
 261511.946    37.081    -9.92    7.11
 261801.054    34.262    -9.75    7.83
 262090.165    32.552    -5.92    7.76
 262379.277    29.576   -10.29    8.02
 262668.391    28.474    -3.81    7.87
 262957.507    28.475     0.01    7.44
 263246.625    28.750     0.95    7.98
 263535.745    29.300     1.90    8.29
 263824.866    29.814     1.78    8.02
 264113.989    29.667    -0.51    7.75
 264403.114    30.250     2.02    7.93
 264692.241    28.741    -5.22    7.38
 264981.370    28.150    -2.05    7.30
 265270.501    27.733    -1.44    7.15
 265559.633    27.483    -0.87    7.16
 265848.767    27.931     1.55    6.98
 266137.904    28.534     2.09    6.58
 266427.041    29.583     3.63    6.58
 266716.181    30.949     4.72    6.94
 267005.323    32.949     6.92    6.96
 267294.466    34.879     6.68    6.97
 267583.612    36.175     4.48    6.04
 267872.759    37.049     3.02    5.17
 268161.908    37.283     0.81    4.82
 268451.059    37.903     2.14    4.30
 268740.211    38.089     0.64    4.71
 269029.366    37.914    -0.61    4.96
 269318.522    38.707     2.74    5.10
 269607.681    40.017     4.53    4.90
 269896.841    40.049     0.11    5.50
 270186.003    40.345     1.02    5.16
 270475.166    39.638    -2.44    5.20
 270764.332    39.121    -1.79    5.37
 271053.500    38.881    -0.83    5.49
 271342.669    38.836    -0.16    5.09
 271631.840    38.259    -2.00    4.63
 271921.013    37.780    -1.66    4.46
 272210.188    37.246    -1.85    4.47
 272499.365    37.310     0.22    4.50
 272788.544    37.817     1.75    4.38
 273077.725    38.250     1.50    4.62
 273366.907    39.161     3.15    5.28
 273656.091    40.304     3.95    5.53
 273945.278    41.763     5.05    4.84
 274234.466    42.414     2.25    5.01
 274523.656    43.213     2.76    5.38
 274812.847    43.787     1.98    5.01
 275102.041    44.621     2.88    4.59
 275391.237    44.847     0.78    4.32
 275680.434    44.737    -0.38    4.19
 275969.633    44.639    -0.34    4.29
 276258.835    44.150    -1.69    4.25
 276548.038    44.017    -0.46    4.27
 276837.243    43.542    -1.64    4.79
 277126.450    43.839     1.03    4.72
 277415.658    43.750    -0.31    4.66
 277704.869    45.155     4.86    4.45
 277994.082    45.700     1.88    4.39
 278283.296    46.883     4.09    4.58
 278572.512    47.879     3.44    4.13
 278861.731    49.293     4.89    4.36
 279150.951    49.983     2.38    4.51
 279440.173    50.333     1.21    4.61
 279729.397    50.610     0.96    4.60
 280018.622    50.576    -0.12    4.80
 280307.850    50.966     1.35    4.70
 280597.080    51.105     0.48    4.70
 280886.311    51.213     0.37    4.16
 281175.545    51.800     2.03    3.99
 281464.780    52.435     2.20    3.73
 281754.017    53.429     3.43    3.99
 282043.256    54.362     3.23    4.09
 282332.497    55.458     3.79    4.07
 282621.740    56.948     5.15    3.27
 282910.985    57.656     2.45    2.85
 283200.232    57.552    -0.36    3.09
 283489.481    57.103    -1.55    3.74
 283778.731    56.632    -1.63    4.75
 284067.984    56.373    -0.89    4.94
 284357.238    56.213    -0.55    5.01
 284646.495    56.431     0.75    5.38
 284935.753    58.034     5.54    5.60
 285225.013    59.421     4.80    5.66
 285514.275    61.172     6.05    5.90
 285803.539    62.574     4.84    5.84
 286092.805    64.119     5.34    5.17
 286382.073    65.355     4.27    4.67
 286671.343    65.821     1.61    4.37
 286960.615    65.847     0.09    3.91
 287249.888    66.138     1.00    4.15
 287539.164    66.672     1.85    4.40
 287828.442    67.934     4.36    4.57
 288117.721    68.621     2.37    5.19
 288407.003    69.220     2.07    5.60
 288696.286    69.500     0.97    5.70
 288985.571    70.033     1.84    5.47
 289274.858    70.033     0.00    5.44
 289564.148    69.934    -0.34    5.11
 289853.439    69.847    -0.30    4.36
 290142.732    70.161     1.08    4.36
 290432.027    71.283     3.88    4.57
 290721.324    72.310     3.55    5.31
 291010.623    72.721     1.42    7.04
 291299.924    74.083     4.71    8.88
 291589.226    76.807     9.42   11.30
 291878.531    79.241     8.41   12.33
 292167.838    82.276    10.49   13.25
 292457.147    84.393     7.32   13.00
 292746.457    86.879     8.59   13.23
 293035.770    89.817    10.15   13.14
 293325.084    92.052     7.73   13.57
 293614.401    95.140    10.68   13.08
 293903.719    98.387    11.22   12.38
 294193.040   100.783     8.28   10.67
 294482.362   102.672     6.53    8.30
 294771.686   105.911    11.19    4.50
 295061.013   106.741     2.87    4.19
 295350.341   105.983    -2.62    5.16
 295639.671   104.948    -3.58    7.90
 295929.004   103.738    -4.18    8.84
 296218.338   103.466    -0.94    9.12
 296507.674   102.293    -4.05    9.89
 296797.012   100.825    -5.08   10.01
 297086.352    99.467    -4.69    9.63
 297375.694    99.951     1.67    9.12
 297665.038   100.241     1.00   10.13
 297954.384   100.831     2.04   11.01
 298243.732   103.054     7.68   10.98
 298533.082   106.034    10.30   11.01
 298822.434   109.186    10.89   10.60
 299111.788   111.433     7.77    9.14
 299401.144   110.770    -2.29    9.59
 299690.502   110.054    -2.48    9.75
 299979.862   104.333   -19.77   14.24
 300269.224    98.052   -21.71   14.90
 300558.588    95.355    -9.32   13.56
 300847.954    93.443    -6.61   11.33
 301137.322    93.638     0.67   10.71
 301426.692    95.949     7.99   11.02
 301716.064    99.821    13.38    8.44
 302005.437   101.581     6.08    6.00
 302294.813   102.339     2.62    4.69
 302584.191   101.850    -1.69    4.85
 302873.571    99.862    -6.87    4.57
 303162.953    97.714    -7.42    4.08
 303452.337    95.533    -7.54    4.76
 303741.723    93.276    -7.80    5.49
 304031.111    92.230    -3.62    5.52
 304320.501    92.300     0.24    6.26
 304609.893    93.500     4.15    8.14
 304899.286    95.086     5.48    9.01
 305188.682    97.224     7.39    8.61
 305478.080    98.934     5.91    7.26
 305767.480   100.276     4.64    6.04
 306056.882    99.949    -1.13    5.72
 306346.286    99.414    -1.85    4.88
 306635.692    99.509     0.33    4.27
 306925.100   100.565     3.65    4.02
 307214.510   100.833     0.93    3.67
 307503.922   101.117     0.98    3.16
 307793.336   101.421     1.05    2.90
 308082.753   102.397     3.37    3.67
 308372.171   105.717    11.47    8.86
 308661.591   108.831    10.76   11.26
 308951.013   111.300     8.53   11.66
 309240.437   111.603     1.05   11.73
 309529.864   112.534     3.22   11.79
 309819.292   114.684     7.43   12.08
 310108.722   115.433     2.59   13.26
 310398.154   117.197     6.09   14.86
 310687.589   117.845     2.24   15.28
 310977.025   121.780    13.60   15.36
 311266.464   122.431     2.25   15.56
 311555.904   124.600     7.49   14.02
 311845.347   124.917     1.09   11.56
 312134.791   123.850    -3.69   10.45
 312424.238   122.283    -5.41    8.47
 312713.687   121.121    -4.02    7.36
 313003.137   119.655    -5.07    6.06
 313292.590   118.881    -2.67    4.39
 313582.045   118.257    -2.16    3.28
