#  338.433  -1.176   3.161 ;Mean Elev.(m), Avg Gradient(m/km), RMS Gradient(m/km) - SRTM1     
#  351.729  -1.081   3.357 ;Mean Elev.(m), Avg Gradient(m/km), RMS Gradient(m/km) - ASTER GDEM
#  339.448  -1.189   3.286 ;Mean Elev.(m), Avg Gradient(m/km), RMS Gradient(m/km) - GMTED2010 
   8   337.478 54734.65312018 48.01  21.256283   1.974394 18.102  279.74  283.10  277.61
   8   337.683 54734.65312077 50.78  21.257176   1.976895  0.689  279.74  283.10  277.61
   9   337.612 54744.56876532 46.14  21.249477   1.965508   -100 -100.00 -100.00 -100.00
   9   337.730 54744.56876591 49.86  21.250370   1.968010   -100 -100.00 -100.00 -100.00
   9   337.667 54744.56876650 54.11  21.251263   1.970511 28.471 -100.00 -100.00 -100.00
   9   337.809 54744.56876709 50.54  21.252156   1.973012   -100 -100.00 -100.00 -100.00
   9   337.566 54744.56876768 56.21  21.253049   1.975513   -100 -100.00 -100.00 -100.00
   9   337.721 54744.56876827 55.10  21.253942   1.978014   -100 -100.00 -100.00 -100.00
   9   337.830 54744.56876886 54.50  21.254835   1.980515 17.282 -100.00 -100.00 -100.00
  10   337.778 54754.48441169 37.72  21.246909   1.962364   -100  282.86  285.26  279.91
  10   337.579 54754.48441228 40.74  21.247802   1.964865  0.717  282.86  285.26  279.91
  10   337.753 54754.48441287 43.61  21.248695   1.967366   -100  282.86  285.26  279.91
  10   337.588 54754.48441346 43.83  21.249588   1.969867 13.908  282.86  285.26  279.91
  10   337.793 54754.48441405 44.92  21.250481   1.972369  3.878  282.86  285.26  279.91
  10   337.952 54754.48441464 47.14  21.251374   1.974870   -100  282.86  285.26  279.91
  10   337.676 54754.48441523 48.07  21.252267   1.977371 20.624  282.86  285.26  279.91
  10   337.765 54754.48441582 47.65  21.253160   1.979872 26.809  282.86  285.26  279.91
  10   337.826 54754.48441641 48.98  21.254053   1.982373   -100  282.86  285.26  279.91
  11   338.328 54764.40005830 44.96  21.248059   1.963229   -100 -100.00 -100.00 -100.00
  11   338.656 54764.40005889 47.89  21.248952   1.965730 26.122 -100.00 -100.00 -100.00
  11   337.916 54764.40005948 52.12  21.249845   1.968232 26.950 -100.00 -100.00 -100.00
  11   338.178 54764.40006007 53.84  21.250738   1.970733   -100  278.71  281.22  274.66
  11   337.923 54764.40006066 55.70  21.251631   1.973234 24.103  278.71  281.22  274.66
  11   338.017 54764.40006126 55.80  21.252524   1.975735   -100  278.71  281.22  274.66
  11   338.132 54764.40006185 52.32  21.253417   1.978236 17.219  278.71  281.22  274.66
  11   338.230 54764.40006244 57.08  21.254310   1.980738 24.352  278.71  281.22  274.66
  11   338.330 54764.40006303 52.38  21.255203   1.983239   -100  278.71  281.22  274.66
  12   338.570 54774.31570299 47.99  21.251249   1.967519   -100  273.80  277.63  270.70
  12   338.655 54774.31570358 50.12  21.252142   1.970020   -100  273.80  277.63  270.70
  12   338.359 54774.31570417 53.01  21.253036   1.972522 17.452  273.80  277.63  270.70
  12   338.389 54774.31570476 54.65  21.253929   1.975023   -100  273.80  277.63  270.70
  12   338.425 54774.31570535 56.22  21.254822   1.977524   -100  273.80  277.63  270.70
  12   338.477 54774.31570594 55.10  21.255715   1.980025   -100  273.80  277.63  270.70
  13   338.835 54784.23134469 50.17  21.253582   1.971083   -100  266.91  271.16  264.97
  13   338.692 54784.23134528 50.94  21.254475   1.973584  8.607  266.91  271.16  264.97
  13   338.617 54784.23134587 53.08  21.255368   1.976085 28.141  266.91  271.16  264.97
  13   338.664 54784.23134646 54.10  21.256262   1.978586 30.387  266.91  271.16  264.97
  14   339.400 54794.14698373 49.97  21.255068   1.972616  6.797  265.60  270.21  263.84
  14   339.323 54794.14698432 51.09  21.255961   1.975117 18.059  265.60  270.21  263.84
  14   339.348 54794.14698491 53.04  21.256855   1.977619 23.949  265.60  270.21  263.84
  19   337.840 54843.72519146 47.10  21.252584   1.968705   -100 -100.00 -100.00 -100.00
  19   337.595 54843.72519205 49.08  21.253477   1.971206 13.750 -100.00 -100.00 -100.00
  19   337.830 54843.72519264 51.18  21.254370   1.973707   -100 -100.00 -100.00 -100.00
  19   337.561 54843.72519323 53.08  21.255264   1.976209 21.373 -100.00 -100.00 -100.00
  19   337.647 54843.72519382 55.16  21.256157   1.978710   -100 -100.00 -100.00 -100.00
  20   337.789 54853.64083923 45.18  21.247811   1.963236 30.326 -100.00 -100.00 -100.00
  20   337.909 54853.64083982 48.93  21.248704   1.965738   -100 -100.00 -100.00 -100.00
  20   337.347 54853.64084041 53.16  21.249597   1.968239   -100 -100.00 -100.00 -100.00
  20   337.627 54853.64084100 53.74  21.250490   1.970741   -100 -100.00 -100.00 -100.00
  20   337.382 54853.64084159 56.13  21.251383   1.973242 23.254 -100.00 -100.00 -100.00
  20   337.472 54853.64084218 56.74  21.252276   1.975744   -100 -100.00 -100.00 -100.00
  20   337.584 54853.64084277 53.52  21.253169   1.978245 22.053 -100.00 -100.00 -100.00
  20   337.707 54853.64084336 54.74  21.254062   1.980747  6.759 -100.00 -100.00 -100.00
  20   337.724 54853.64084395 52.30  21.254955   1.983249  0.360 -100.00 -100.00 -100.00
  21   338.271 54863.55648759 43.91  21.245034   1.960236 28.174  281.46  284.80  278.52
  21   337.852 54863.55648818 47.12  21.245927   1.962738   -100  281.46  284.80  278.52
  21   338.107 54863.55648877 49.71  21.246820   1.965240   -100  281.46  284.80  278.52
  21   337.899 54863.55648936 54.11  21.247713   1.967741 24.503  281.46  284.80  278.52
  21   338.089 54863.55648995 56.10  21.248606   1.970243   -100  281.46  284.80  278.52
  21   337.800 54863.55649054 57.21  21.249499   1.972745   -100  281.46  284.80  278.52
  21   338.028 54863.55649172 58.17  21.251285   1.977748   -100  281.46  284.80  278.52
  21   338.154 54863.55649232 53.30  21.252178   1.980250  3.484  281.46  284.80  278.52
  22   338.292 54873.47213672 43.79  21.244505   1.960726 30.465  281.94  284.73  279.07
  22   338.106 54873.47213731 47.08  21.245398   1.963228   -100  281.94  284.73  279.07
  22   338.008 54873.47213790 49.86  21.246291   1.965729   -100  281.94  284.73  279.07
  22   337.805 54873.47213849 52.22  21.247184   1.968231   -100  281.94  284.73  279.07
  22   338.079 54873.47213908 52.03  21.248077   1.970733  3.842  281.94  284.73  279.07
  22   338.178 54873.47213968 52.73  21.248970   1.973235   -100  281.94  284.73  279.07
  22   337.912 54873.47214027 51.63  21.249863   1.975736   -100  281.94  284.73  279.07
  22   338.080 54873.47214086 45.65  21.250756   1.978238   -100  281.94  284.73  279.07
  23   338.423 54883.38778343 45.08  21.244957   1.960677 29.054 -100.00 -100.00 -100.00
  23   338.060 54883.38778403 50.21  21.245850   1.963179   -100 -100.00 -100.00 -100.00
  23   337.842 54883.38778462 53.11  21.246743   1.965680 22.960 -100.00 -100.00 -100.00
  23   338.111 54883.38778521 55.89  21.247636   1.968182   -100 -100.00 -100.00 -100.00
  23   337.896 54883.38778580 57.11  21.248529   1.970684 19.752 -100.00 -100.00 -100.00
  23   337.967 54883.38778639 58.26  21.249422   1.973185   -100 -100.00 -100.00 -100.00
  23   337.944 54883.38778816 49.63  21.252102   1.980691 14.020 -100.00 -100.00 -100.00
  24   338.421 54893.30342696 46.01  21.246022   1.962182 25.201 -100.00 -100.00 -100.00
  24   337.864 54893.30342755 50.17  21.246915   1.964683   -100 -100.00 -100.00 -100.00
  24   337.616 54893.30342814 55.16  21.247808   1.967185   -100 -100.00 -100.00 -100.00
  24   337.896 54893.30342873 54.93  21.248702   1.969687  1.836 -100.00 -100.00 -100.00
  24   337.609 54893.30342932 56.89  21.249595   1.972188   -100 -100.00 -100.00 -100.00
  24   337.769 54893.30342991 58.23  21.250488   1.974690   -100 -100.00 -100.00 -100.00
  24   337.890 54893.30343050 57.09  21.251381   1.977192 21.468 -100.00 -100.00 -100.00
  25   337.640 54903.21906661 43.82  21.244972   1.960079   -100  269.70  273.96  266.99
  25   337.585 54903.21906720 47.75  21.245865   1.962581   -100  269.70  273.96  266.99
  25   337.847 54903.21906779 50.66  21.246758   1.965083   -100  269.70  273.96  266.99
  25   337.692 54903.21906838 55.02  21.247652   1.967584 19.345  269.70  273.96  266.99
  25   337.780 54903.21906897 55.87  21.248545   1.970086  5.670  269.70  273.96  266.99
  25   337.621 54903.21906956 58.23  21.249438   1.972587   -100  269.70  273.96  266.99
  25   337.829 54903.21907015 56.28  21.250331   1.975089 13.693  269.70  273.96  266.99
  25   337.640 54903.21907134 55.35  21.252118   1.980092   -100  269.70  273.96  266.99
  26   337.936 54913.13470518 43.65  21.244937   1.960325 29.261 -100.00 -100.00 -100.00
  26   337.512 54913.13470577 47.79  21.245830   1.962827   -100 -100.00 -100.00 -100.00
  26   337.639 54913.13470636 51.77  21.246723   1.965328   -100 -100.00 -100.00 -100.00
  26   337.553 54913.13470695 56.12  21.247616   1.967830 22.087 -100.00 -100.00 -100.00
  26   337.709 54913.13470754 56.78  21.248510   1.970331   -100 -100.00 -100.00 -100.00
  26   337.451 54913.13470813 58.21  21.249403   1.972833   -100 -100.00 -100.00 -100.00
  27   338.048 54923.05034308 44.90  21.246129   1.961694 27.586 -100.00 -100.00 -100.00
  27   337.480 54923.05034367 48.14  21.247022   1.964196   -100 -100.00 -100.00 -100.00
  27   337.707 54923.05034426 52.77  21.247915   1.966698   -100 -100.00 -100.00 -100.00
  27   337.545 54923.05034485 55.10  21.248808   1.969199 22.424 -100.00 -100.00 -100.00
  27   337.729 54923.05034544 54.69  21.249701   1.971701   -100 -100.00 -100.00 -100.00
  27   337.430 54923.05034603 57.02  21.250595   1.974202   -100 -100.00 -100.00 -100.00
  27   337.583 54923.05034662 55.55  21.251488   1.976704   -100 -100.00 -100.00 -100.00
  27   337.678 54923.05034721 57.28  21.252381   1.979205   -100 -100.00 -100.00 -100.00
  27   337.811 54923.05034780 52.55  21.253274   1.981707   -100 -100.00 -100.00 -100.00
  28   337.645 54932.96598101 47.02  21.250387   1.965938  8.504 -100.00 -100.00 -100.00
  28   337.867 54932.96598160 49.87  21.251280   1.968440   -100 -100.00 -100.00 -100.00
  28   337.654 54932.96598219 52.25  21.252173   1.970941 29.759 -100.00 -100.00 -100.00
  28   337.874 54932.96598278 52.81  21.253067   1.973443   -100 -100.00 -100.00 -100.00
  28   337.931 54932.96598337 52.24  21.253960   1.975945   -100 -100.00 -100.00 -100.00
  28   337.683 54932.96598396 56.82  21.254853   1.978446   -100 -100.00 -100.00 -100.00
  28   337.800 54932.96598455 56.31  21.255746   1.980948   -100 -100.00 -100.00 -100.00
  35   337.494 55002.37548502 43.68  21.257072   1.974737   -100 -100.00 -100.00 -100.00
  35   337.326 55002.37548561 45.18  21.257965   1.977239  8.917 -100.00 -100.00 -100.00
  36   337.348 55012.29112894 47.86  21.254846   1.971942   -100 -100.00 -100.00 -100.00
  36   337.452 55012.29112953 50.04  21.255739   1.974443   -100 -100.00 -100.00 -100.00
  36   337.524 55012.29113012 51.57  21.256632   1.976945   -100 -100.00 -100.00 -100.00
  37   337.644 55022.20677147 46.87  21.253232   1.969782   -100 -100.00 -100.00 -100.00
  37   337.476 55022.20677206 50.22  21.254125   1.972283 18.409 -100.00 -100.00 -100.00
  37   337.631 55022.20677265 51.90  21.255018   1.974785   -100 -100.00 -100.00 -100.00
  37   337.465 55022.20677324 54.11  21.255911   1.977286 15.272 -100.00 -100.00 -100.00
  37   337.452 55022.20677383 55.26  21.256804   1.979787   -100 -100.00 -100.00 -100.00
  38   337.043 55032.12241354 49.38  21.253124   1.970089   -100 -100.00 -100.00 -100.00
  38   336.746 55032.12241413 52.34  21.254017   1.972590   -100 -100.00 -100.00 -100.00
  38   336.937 55032.12241472 53.14  21.254910   1.975091 15.724 -100.00 -100.00 -100.00
  38   337.039 55032.12241531 53.83  21.255803   1.977593  6.708 -100.00 -100.00 -100.00
  38   337.040 55032.12241590 55.68  21.256696   1.980094  5.766 -100.00 -100.00 -100.00
  39   336.784 55042.03805559 49.30  21.255276   1.973255 15.682 -100.00 -100.00 -100.00
  39   336.918 55042.03805618 52.25  21.256169   1.975757 21.943 -100.00 -100.00 -100.00
  39   337.047 55042.03805677 52.92  21.257062   1.978258   -100 -100.00 -100.00 -100.00
  44   337.404 55091.61627107 49.25  21.253759   1.971327   -100 -100.00 -100.00 -100.00
  44   337.069 55091.61627166 51.19  21.254652   1.973828 16.981 -100.00 -100.00 -100.00
  44   337.102 55091.61627225 54.26  21.255545   1.976329 32.563 -100.00 -100.00 -100.00
  44   337.106 55091.61627284 54.28  21.256438   1.978830   -100 -100.00 -100.00 -100.00
  45   337.460 55101.53191667 46.91  21.249835   1.966086   -100 -100.00 -100.00 -100.00
  45   337.592 55101.53191726 50.98  21.250728   1.968587   -100 -100.00 -100.00 -100.00
  45   337.682 55101.53191785 51.22  21.251621   1.971088   -100 -100.00 -100.00 -100.00
  45   337.429 55101.53191844 53.17  21.252514   1.973589 15.724 -100.00 -100.00 -100.00
  45   337.406 55101.53191903 54.20  21.253407   1.976091   -100 -100.00 -100.00 -100.00
  45   337.435 55101.53191962 54.87  21.254300   1.978592   -100 -100.00 -100.00 -100.00
  45   337.479 55101.53192021 55.33  21.255193   1.981093   -100 -100.00 -100.00 -100.00
  46   337.637 55111.44756287 36.70  21.248771   1.964327   -100 -100.00 -100.00 -100.00
  46   337.620 55111.44756346 40.97  21.249664   1.966829  1.298 -100.00 -100.00 -100.00
  46   337.604 55111.44756405 43.44  21.250557   1.969330 29.532 -100.00 -100.00 -100.00
  46   337.601 55111.44756464 38.08  21.251450   1.971831   -100 -100.00 -100.00 -100.00
  46   337.544 55111.44756523 31.67  21.252343   1.974332 31.723 -100.00 -100.00 -100.00
  46   337.469 55111.44756583 31.27  21.253236   1.976834 27.249 -100.00 -100.00 -100.00
  46   337.368 55111.44756642 31.47  21.254129   1.979335 24.815 -100.00 -100.00 -100.00
  46   337.249 55111.44756701 34.32  21.255021   1.981836   -100 -100.00 -100.00 -100.00
  47   337.714 55121.36320850 25.60  21.251380   1.968385 11.960 -100.00 -100.00 -100.00
  47   337.613 55121.36320909 28.31  21.252273   1.970887 23.247 -100.00 -100.00 -100.00
  47   337.654 55121.36320968 27.33  21.253166   1.973388 17.960 -100.00 -100.00 -100.00
  47   337.418 55121.36321027 28.72  21.254059   1.975889 22.226 -100.00 -100.00 -100.00
  47   337.413 55121.36321086 32.49  21.254952   1.978390 31.148 -100.00 -100.00 -100.00
  47   337.854 55121.36321145 34.63  21.255845   1.980892   -100 -100.00 -100.00 -100.00
  48   338.388 55131.27885062 49.39  21.253186   1.969902   -100 -100.00 -100.00 -100.00
  48   338.432 55131.27885121 50.93  21.254079   1.972403   -100 -100.00 -100.00 -100.00
  48   338.210 55131.27885180 53.26  21.254972   1.974904 27.704 -100.00 -100.00 -100.00
  48   338.275 55131.27885239 54.28  21.255865   1.977406   -100 -100.00 -100.00 -100.00
  48   338.337 55131.27885298 55.27  21.256758   1.979907   -100 -100.00 -100.00 -100.00
  49   338.357 55141.19449034 48.25  21.253815   1.970890   -100 -100.00 -100.00 -100.00
  49   338.463 55141.19449093 49.96  21.254708   1.973392   -100 -100.00 -100.00 -100.00
  49   338.147 55141.19449152 52.25  21.255601   1.975893 18.454 -100.00 -100.00 -100.00
  49   338.168 55141.19449211 54.32  21.256495   1.978394   -100 -100.00 -100.00 -100.00
  50   338.806 55151.11012901 49.23  21.254277   1.971834   -100 -100.00 -100.00 -100.00
  50   338.523 55151.11012960 51.17  21.255170   1.974335 11.610 -100.00 -100.00 -100.00
  50   338.525 55151.11013019 54.27  21.256064   1.976837   -100 -100.00 -100.00 -100.00
  50   338.561 55151.11013078 55.26  21.256957   1.979338   -100 -100.00 -100.00 -100.00
  55   338.830 55200.68834129 50.01  21.255676   1.973547   -100  275.26  279.11  272.54
  55   338.622 55200.68834188 52.25  21.256569   1.976048 16.013  275.26  279.11  272.54
  55   338.635 55200.68834247 54.32  21.257462   1.978550 29.872  275.26  279.11  272.54
  56   338.847 55210.60398903 47.16  21.249500   1.964952   -100 -100.00 -100.00 -100.00
  56   338.781 55210.60398962 49.99  21.250393   1.967453   -100 -100.00 -100.00 -100.00
  56   338.531 55210.60399021 52.35  21.251286   1.969955 25.632 -100.00 -100.00 -100.00
  56   338.552 55210.60399080 54.36  21.252179   1.972457   -100 -100.00 -100.00 -100.00
  56   338.603 55210.60399140 55.33  21.253072   1.974958   -100 -100.00 -100.00 -100.00
  56   338.649 55210.60399199 56.42  21.253965   1.977460   -100 -100.00 -100.00 -100.00
  56   338.739 55210.60399258 56.35  21.254858   1.979961 29.083 -100.00 -100.00 -100.00
  56   338.795 55210.60399317 55.03  21.255751   1.982463 24.660 -100.00 -100.00 -100.00
  57   338.459 55220.51963848 46.83  21.248440   1.964374   -100 -100.00 -100.00 -100.00
  57   338.281 55220.51963907 50.28  21.249333   1.966876 13.204 -100.00 -100.00 -100.00
  57   338.291 55220.51963966 51.35  21.250226   1.969377 25.580 -100.00 -100.00 -100.00
  57   338.350 55220.51964025 53.33  21.251119   1.971879   -100 -100.00 -100.00 -100.00
  57   338.401 55220.51964084 54.35  21.252013   1.974381   -100 -100.00 -100.00 -100.00
  57   338.461 55220.51964143 55.27  21.252906   1.976882 28.637 -100.00 -100.00 -100.00
  57   338.526 55220.51964202 56.37  21.253799   1.979384 29.589 -100.00 -100.00 -100.00
  57   338.586 55220.51964261 54.12  21.254692   1.981886 21.185 -100.00 -100.00 -100.00
  58   338.404 55230.43528693 46.23  21.247969   1.963584   -100  276.44  279.09  272.95
  58   338.450 55230.43528752 50.00  21.248862   1.966086   -100  276.44  279.09  272.95
  58   338.111 55230.43528811 52.44  21.249755   1.968587   -100  276.44  279.09  272.95
  58   338.167 55230.43528870 54.39  21.250648   1.971089   -100  276.44  279.09  272.95
  58   338.218 55230.43528929 54.40  21.251541   1.973591   -100  276.44  279.09  272.95
  58   338.281 55230.43528989 55.33  21.252434   1.976092 31.847  276.44  279.09  272.95
  58   338.336 55230.43529048 56.40  21.253327   1.978594 29.307  276.44  279.09  272.95
  58   338.405 55230.43529107 56.90  21.254221   1.981096 27.119  276.44  279.09  272.95
  59   337.985 55240.35093283 49.10  21.249191   1.965888   -100 -100.00 -100.00 -100.00
  59   338.131 55240.35093342 49.97  21.250084   1.968390   -100 -100.00 -100.00 -100.00
  59   337.801 55240.35093401 53.32  21.250977   1.970891 24.707 -100.00 -100.00 -100.00
  59   337.804 55240.35093460 55.05  21.251870   1.973393   -100 -100.00 -100.00 -100.00
  59   337.874 55240.35093519 55.34  21.252764   1.975895 31.669 -100.00 -100.00 -100.00
  59   337.918 55240.35093578 55.30  21.253657   1.978396 25.013 -100.00 -100.00 -100.00
  59   337.953 55240.35093637 56.46  21.254550   1.980898   -100 -100.00 -100.00 -100.00
  60   337.908 55250.26657355 46.03  21.247388   1.962657   -100  274.36  279.22  271.99
  60   338.012 55250.26657414 49.01  21.248282   1.965158   -100  274.36  279.22  271.99
  60   338.115 55250.26657473 53.26  21.249175   1.967660   -100  274.36  279.22  271.99
  60   337.892 55250.26657532 55.18  21.250068   1.970162 18.278  274.36  279.22  271.99
  60   337.908 55250.26657591 56.42  21.250961   1.972663   -100  274.36  279.22  271.99
  60   337.956 55250.26657650 57.40  21.251855   1.975165   -100  274.36  279.22  271.99
  60   338.016 55250.26657709 57.62  21.252748   1.977667   -100  274.36  279.22  271.99
  60   338.080 55250.26657768 58.37  21.253641   1.980168   -100  274.36  279.22  271.99
  60   338.153 55250.26657827 55.48  21.254534   1.982670 27.568  274.36  279.22  271.99
  61   338.019 55260.18221221 46.35  21.245975   1.961925   -100 -100.00 -100.00 -100.00
  61   338.149 55260.18221280 50.09  21.246869   1.964427   -100 -100.00 -100.00 -100.00
  61   338.248 55260.18221339 53.34  21.247762   1.966928   -100 -100.00 -100.00 -100.00
  61   337.953 55260.18221398 55.25  21.248655   1.969430 23.600 -100.00 -100.00 -100.00
  61   338.009 55260.18221457 57.42  21.249548   1.971931   -100 -100.00 -100.00 -100.00
  61   338.053 55260.18221516 56.04  21.250442   1.974433   -100 -100.00 -100.00 -100.00
  61   338.104 55260.18221575 56.95  21.251335   1.976935   -100 -100.00 -100.00 -100.00
  61   338.149 55260.18221634 57.43  21.252228   1.979436   -100 -100.00 -100.00 -100.00
  62   338.814 55270.09784975 45.23  21.245917   1.960745 31.683 -100.00 -100.00 -100.00
  62   338.838 55270.09785034 47.17  21.246811   1.963247   -100 -100.00 -100.00 -100.00
  62   338.441 55270.09785093 51.25  21.247704   1.965749 18.278 -100.00 -100.00 -100.00
  62   338.470 55270.09785152 54.38  21.248597   1.968250   -100 -100.00 -100.00 -100.00
  62   338.516 55270.09785211 56.44  21.249490   1.970752   -100 -100.00 -100.00 -100.00
  62   338.573 55270.09785270 56.94  21.250384   1.973253   -100 -100.00 -100.00 -100.00
  62   338.637 55270.09785329 55.64  21.251277   1.975755 28.266 -100.00 -100.00 -100.00
  62   338.715 55270.09785388 53.57  21.252170   1.978256  9.758 -100.00 -100.00 -100.00
  62   338.787 55270.09785447 54.24  21.253064   1.980758  5.990 -100.00 -100.00 -100.00
  63   338.556 55280.01348900 47.92  21.250285   1.967042   -100 -100.00 -100.00 -100.00
  63   338.340 55280.01348959 51.38  21.251178   1.969544 22.376 -100.00 -100.00 -100.00
  63   338.377 55280.01349018 53.36  21.252071   1.972045 27.218 -100.00 -100.00 -100.00
  63   338.430 55280.01349077 55.38  21.252964   1.974547   -100 -100.00 -100.00 -100.00
  63   338.486 55280.01349136 56.48  21.253857   1.977048   -100 -100.00 -100.00 -100.00
  63   338.545 55280.01349195 56.93  21.254751   1.979550   -100 -100.00 -100.00 -100.00
  63   338.621 55280.01349254 54.00  21.255644   1.982051 16.829 -100.00 -100.00 -100.00
  68   338.500 55329.59169597 46.30  21.255533   1.972696 13.790 -100.00 -100.00 -100.00
  68   338.588 55329.59169656 48.28  21.256426   1.975197 19.255 -100.00 -100.00 -100.00
  68   338.672 55329.59169715 48.12  21.257320   1.977699  7.324 -100.00 -100.00 -100.00
  69   338.540 55339.50734045 49.41  21.254721   1.972306 14.947 -100.00 -100.00 -100.00
  69   338.584 55339.50734104 51.42  21.255614   1.974807 22.039 -100.00 -100.00 -100.00
  69   338.625 55339.50734163 52.39  21.256507   1.977309 24.352 -100.00 -100.00 -100.00
  70   338.325 55349.42298553 50.30  21.256774   1.975161  6.374 -100.00 -100.00 -100.00
  70   338.317 55349.42298612 52.39  21.257667   1.977663 21.705 -100.00 -100.00 -100.00
  79   336.937 55438.66376641 38.91  21.255010   1.972571   -100 -100.00 -100.00 -100.00
  79   336.944 55438.66376700 39.97  21.255903   1.975072   -100 -100.00 -100.00 -100.00
  79   336.929 55438.66376759 41.18  21.256796   1.977573   -100 -100.00 -100.00 -100.00
  80   337.396 55448.57940894 26.02  21.251685   1.968318 16.306 -100.00 -100.00 -100.00
  80   337.553 55448.57940953 24.37  21.252578   1.970819 13.318 -100.00 -100.00 -100.00
  80   337.504 55448.57941012 23.62  21.253471   1.973321  9.550 -100.00 -100.00 -100.00
  80   337.460 55448.57941071 22.26  21.254364   1.975822  8.082 -100.00 -100.00 -100.00
  80   337.251 55448.57941130 23.46  21.255257   1.978323 10.352 -100.00 -100.00 -100.00
  80   337.352 55448.57941189 22.88  21.256150   1.980824  8.961 -100.00 -100.00 -100.00
  81   338.233 55458.49505264 47.13  21.252323   1.969118   -100 -100.00 -100.00 -100.00
  81   337.889 55458.49505323 50.50  21.253216   1.971619 16.055 -100.00 -100.00 -100.00
  81   337.875 55458.49505382 52.56  21.254109   1.974120   -100 -100.00 -100.00 -100.00
  81   337.903 55458.49505441 54.56  21.255002   1.976621   -100 -100.00 -100.00 -100.00
  81   337.946 55458.49505500 55.53  21.255895   1.979122   -100 -100.00 -100.00 -100.00
  82   337.596 55468.41069662 46.45  21.255604   1.973580 15.930 -100.00 -100.00 -100.00
  82   337.629 55468.41069721 49.57  21.256497   1.976081 25.477 -100.00 -100.00 -100.00
  82   337.712 55468.41069780 52.40  21.257390   1.978582 18.146 -100.00 -100.00 -100.00
  90   338.265 55547.73583626 47.98  21.256024   1.973300   -100 -100.00 -100.00 -100.00
  90   338.027 55547.73583685 50.37  21.256917   1.975801  8.367 -100.00 -100.00 -100.00
  91   338.254 55557.65147885 46.33  21.252470   1.969252   -100  277.26  280.35  275.01
  91   338.013 55557.65147944 49.31  21.253363   1.971754   -100  277.26  280.35  275.01
  91   337.901 55557.65148003 52.57  21.254256   1.974255 31.141  277.26  280.35  275.01
  91   337.981 55557.65148062 54.97  21.255149   1.976757 24.280  277.26  280.35  275.01
  91   338.095 55557.65148121 53.76  21.256042   1.979258   -100  277.26  280.35  275.01
  92   338.097 55567.56712097 45.29  21.250175   1.965697   -100  277.34  280.78  275.34
  92   338.256 55567.56712156 49.63  21.251068   1.968198   -100  277.34  280.78  275.34
  92   338.148 55567.56712215 51.37  21.251961   1.970700  5.575  277.34  280.78  275.34
  92   338.048 55567.56712274 53.61  21.252854   1.973201   -100  277.34  280.78  275.34
  92   338.134 55567.56712333 54.53  21.253747   1.975703 26.418  277.34  280.78  275.34
  92   338.232 55567.56712393 54.91  21.254640   1.978204 15.695  277.34  280.78  275.34
  92   338.328 55567.56712452 52.89  21.255533   1.980706   -100  277.34  280.78  275.34
  93   337.973 55577.48276427 46.49  21.252755   1.969278   -100 -100.00 -100.00 -100.00
  93   338.091 55577.48276486 48.48  21.253648   1.971779   -100 -100.00 -100.00 -100.00
  93   337.783 55577.48276545 51.55  21.254541   1.974281 29.532 -100.00 -100.00 -100.00
  93   337.935 55577.48276604 53.25  21.255434   1.976783  8.710 -100.00 -100.00 -100.00
  93   338.008 55577.48276663 53.09  21.256327   1.979284   -100 -100.00 -100.00 -100.00
 111   336.850 55755.96432372 46.68  21.256120   1.973862 15.600 -100.00 -100.00 -100.00
 111   336.827 55755.96432431 49.83  21.257013   1.976363 30.502 -100.00 -100.00 -100.00
 129   338.704 55934.44588995 48.45  21.255651   1.973394   -100 -100.00 -100.00 -100.00
 129   338.707 55934.44589054 51.68  21.256544   1.975896 16.515 -100.00 -100.00 -100.00
 129   338.761 55934.44589113 55.74  21.257437   1.978398 29.929 -100.00 -100.00 -100.00
 130   338.393 55944.36153620 48.28  21.254687   1.971954   -100 -100.00 -100.00 -100.00
 130   338.129 55944.36153679 51.78  21.255580   1.974456 23.551 -100.00 -100.00 -100.00
 130   338.171 55944.36153738 54.81  21.256473   1.976957   -100 -100.00 -100.00 -100.00
 131   338.164 55954.27717845 47.13  21.255150   1.972326   -100 -100.00 -100.00 -100.00
 131   337.824 55954.27717904 49.64  21.256043   1.974827  8.129 -100.00 -100.00 -100.00
 131   337.826 55954.27717963 54.80  21.256936   1.977329   -100 -100.00 -100.00 -100.00
 132   337.317 55964.19281802 49.78  21.256330   1.974796 16.389 -100.00 -100.00 -100.00
 132   337.310 55964.19281861 52.84  21.257223   1.977297   -100 -100.00 -100.00 -100.00
 133   337.200 55974.10845508 39.26  21.256781   1.974672   -100 -100.00 -100.00 -100.00
 133   337.310 55974.10845567 41.96  21.257674   1.977174   -100 -100.00 -100.00 -100.00
 139   337.228 56033.60231141 22.04  21.254989   1.972740 10.499 -100.00 -100.00 -100.00
 139   336.911 56033.60231200 23.62  21.255882   1.975242 11.887 -100.00 -100.00 -100.00
 139   337.026 56033.60231259 24.78  21.256775   1.977743 14.819 -100.00 -100.00 -100.00
 140   337.566 56043.51795345 45.36  21.256660   1.975129   -100 -100.00 -100.00 -100.00
 140   337.441 56043.51795404 49.92  21.257553   1.977631   -100 -100.00 -100.00 -100.00
 166   339.445 56301.32466558 48.43  21.254219   1.971568   -100 -100.00 -100.00 -100.00
 166   339.076 56301.32466617 51.93  21.255112   1.974070 16.981 -100.00 -100.00 -100.00
 166   339.101 56301.32466676 55.01  21.256005   1.976571 30.850 -100.00 -100.00 -100.00
 166   339.147 56301.32466736 57.10  21.256898   1.979073   -100 -100.00 -100.00 -100.00
 167   338.427 56311.24030882 46.91  21.252293   1.969305  9.971 -100.00 -100.00 -100.00
 167   338.459 56311.24030941 47.86  21.253186   1.971806 11.759 -100.00 -100.00 -100.00
 167   338.512 56311.24031000 48.69  21.254080   1.974307  4.364 -100.00 -100.00 -100.00
 167   338.543 56311.24031059 51.05  21.254973   1.976809 24.859 -100.00 -100.00 -100.00
 167   338.593 56311.24031118 51.97  21.255866   1.979310 23.501 -100.00 -100.00 -100.00
 169   337.982 56331.07159052 45.72  21.252492   1.969115   -100 -100.00 -100.00 -100.00
 169   338.044 56331.07159111 45.77  21.253385   1.971617   -100 -100.00 -100.00 -100.00
 169   337.762 56331.07159171 50.43  21.254278   1.974118 20.593 -100.00 -100.00 -100.00
 169   337.836 56331.07159230 50.13  21.255171   1.976620 29.929 -100.00 -100.00 -100.00
 169   337.886 56331.07159289 51.14  21.256064   1.979121   -100 -100.00 -100.00 -100.00
 175   338.275 56390.56544688 47.07  21.250129   1.965979   -100 -100.00 -100.00 -100.00
 175   338.347 56390.56544747 50.21  21.251022   1.968481   -100 -100.00 -100.00 -100.00
 175   338.015 56390.56544806 53.21  21.251916   1.970983   -100 -100.00 -100.00 -100.00
 175   338.145 56390.56544865 55.16  21.252809   1.973484   -100 -100.00 -100.00 -100.00
 175   338.208 56390.56544925 55.08  21.253702   1.975986 23.600 -100.00 -100.00 -100.00
 175   338.312 56390.56544984 54.29  21.254595   1.978487  6.598 -100.00 -100.00 -100.00
 175   338.253 56390.56545043 52.10  21.255488   1.980989  4.991 -100.00 -100.00 -100.00
 176   338.606 56400.48109159 48.49  21.253261   1.970740   -100 -100.00 -100.00 -100.00
 176   338.301 56400.48109218 50.91  21.254155   1.973242  8.952 -100.00 -100.00 -100.00
 176   338.378 56400.48109277 53.89  21.255048   1.975743 10.654 -100.00 -100.00 -100.00
 176   338.437 56400.48109336 55.91  21.255941   1.978245 15.436 -100.00 -100.00 -100.00
 181   337.979 56450.05930761 46.99  21.252837   1.970326   -100 -100.00 -100.00 -100.00
 181   337.903 56450.05930820 50.22  21.253730   1.972827   -100 -100.00 -100.00 -100.00
 181   337.573 56450.05930879 53.17  21.254623   1.975329 25.218 -100.00 -100.00 -100.00
 181   337.648 56450.05930938 55.21  21.255516   1.977830   -100 -100.00 -100.00 -100.00
 181   337.702 56450.05930997 56.15  21.256409   1.980331   -100 -100.00 -100.00 -100.00
 182   337.070 56459.97495526 46.82  21.252429   1.969406   -100 -100.00 -100.00 -100.00
 182   337.134 56459.97495585 50.93  21.253322   1.971908  5.670 -100.00 -100.00 -100.00
 182   337.227 56459.97495644 53.79  21.254215   1.974409   -100 -100.00 -100.00 -100.00
 182   337.209 56459.97495703 54.89  21.255108   1.976911  6.656 -100.00 -100.00 -100.00
 182   337.038 56459.97495762 56.08  21.256001   1.979412 24.859 -100.00 -100.00 -100.00
 183   337.594 56469.89060004 23.28  21.253419   1.969895 10.237 -100.00 -100.00 -100.00
 183   337.456 56469.89060063 26.89  21.254312   1.972396 20.766 -100.00 -100.00 -100.00
 183   337.333 56469.89060122 26.47  21.255205   1.974897 18.723 -100.00 -100.00 -100.00
 183   337.096 56469.89060181 28.00  21.256098   1.977399 25.162 -100.00 -100.00 -100.00
 184   337.490 56479.80624215 45.92  21.256317   1.974746 31.923 -100.00 -100.00 -100.00
 184   336.871 56479.80624274 50.23  21.257210   1.977247 21.657 -100.00 -100.00 -100.00
 192   337.604 56559.13138206 39.96  21.255288   1.972777 29.401 -100.00 -100.00 -100.00
 192   337.438 56559.13138265 44.99  21.256181   1.975278   -100 -100.00 -100.00 -100.00
 192   337.204 56559.13138324 49.13  21.257074   1.977780 26.896 -100.00 -100.00 -100.00
 193   337.988 56569.04702351 47.12  21.254390   1.971637   -100 -100.00 -100.00 -100.00
 193   338.104 56569.04702410 50.12  21.255283   1.974138   -100 -100.00 -100.00 -100.00
 193   337.694 56569.04702469 53.28  21.256176   1.976639   -100 -100.00 -100.00 -100.00
 193   337.791 56569.04702528 56.24  21.257069   1.979140   -100 -100.00 -100.00 -100.00
 198   338.580 56618.62524320 47.89  21.256832   1.974986   -100 -100.00 -100.00 -100.00
 198   338.591 56618.62524380 52.20  21.257725   1.977488 26.312 -100.00 -100.00 -100.00
 199   339.126 56628.54088580 44.80  21.254816   1.971733   -100 -100.00 -100.00 -100.00
 199   338.755 56628.54088639 48.03  21.255709   1.974234  3.016 -100.00 -100.00 -100.00
 199   338.792 56628.54088698 53.22  21.256602   1.976736 23.849 -100.00 -100.00 -100.00
 203   338.465 56668.20346983 43.82  21.252810   1.969439 27.146 -100.00 -100.00 -100.00
 203   337.808 56668.20347042 47.88  21.253703   1.971941   -100 -100.00 -100.00 -100.00
 203   338.041 56668.20347101 51.28  21.254596   1.974442   -100 -100.00 -100.00 -100.00
 203   337.754 56668.20347160 53.31  21.255490   1.976944 17.700 -100.00 -100.00 -100.00
 203   337.753 56668.20347219 55.20  21.256383   1.979445   -100 -100.00 -100.00 -100.00
 204   337.924 56678.11911415 49.12  21.250809   1.967693 13.868 -100.00 -100.00 -100.00
 204   338.180 56678.11911474 52.24  21.251702   1.970195   -100 -100.00 -100.00 -100.00
 204   337.921 56678.11911533 54.12  21.252595   1.972696 15.028 -100.00 -100.00 -100.00
 204   337.998 56678.11911592 56.20  21.253488   1.975198 32.503 -100.00 -100.00 -100.00
 204   338.104 56678.11911651 57.16  21.254381   1.977699 15.889 -100.00 -100.00 -100.00
 204   338.213 56678.11911710 56.00  21.255275   1.980201   -100 -100.00 -100.00 -100.00
 205   337.841 56688.03475738 46.27  21.251232   1.967333   -100 -100.00 -100.00 -100.00
 205   337.673 56688.03475798 48.03  21.252125   1.969835  3.848 -100.00 -100.00 -100.00
 205   337.711 56688.03475857 51.01  21.253019   1.972336 15.900 -100.00 -100.00 -100.00
 205   337.841 56688.03475916 51.88  21.253912   1.974838   -100 -100.00 -100.00 -100.00
 205   337.931 56688.03475975 51.88  21.254805   1.977339   -100 -100.00 -100.00 -100.00
 205   337.632 56688.03476034 54.31  21.255698   1.979841   -100 -100.00 -100.00 -100.00
 206   337.746 56697.95040006 46.00  21.255938   1.973688   -100 -100.00 -100.00 -100.00
 206   337.847 56697.95040065 48.90  21.256831   1.976189   -100 -100.00 -100.00 -100.00
 210   337.840 56737.61297279 38.65  21.250173   1.965791   -100 -100.00 -100.00 -100.00
 210   337.929 56737.61297338 39.76  21.251066   1.968293   -100 -100.00 -100.00 -100.00
 210   337.985 56737.61297397 41.65  21.251959   1.970795   -100 -100.00 -100.00 -100.00
 210   338.204 56737.61297456 42.85  21.252852   1.973297   -100 -100.00 -100.00 -100.00
 210   338.312 56737.61297515 44.91  21.253745   1.975798   -100 -100.00 -100.00 -100.00
 210   338.066 56737.61297574 46.98  21.254638   1.978300   -100 -100.00 -100.00 -100.00
 210   337.909 56737.61297633 52.38  21.255532   1.980802   -100 -100.00 -100.00 -100.00
 211   337.927 56747.52861774 41.75  21.248144   1.963850   -100 -100.00 -100.00 -100.00
 211   337.807 56747.52861833 43.79  21.249038   1.966352   -100 -100.00 -100.00 -100.00
 211   338.030 56747.52861892 46.22  21.249931   1.968854   -100 -100.00 -100.00 -100.00
 211   337.680 56747.52861951 49.30  21.250824   1.971356 27.057 -100.00 -100.00 -100.00
 211   337.892 56747.52862010 51.04  21.251717   1.973857  0.744 -100.00 -100.00 -100.00
 211   337.994 56747.52862069 52.37  21.252610   1.976359   -100 -100.00 -100.00 -100.00
 211   337.728 56747.52862128 53.74  21.253503   1.978861 20.205 -100.00 -100.00 -100.00
 211   337.728 56747.52862187 52.05  21.254396   1.981363   -100 -100.00 -100.00 -100.00
 212   337.929 56757.44426004 24.86  21.252355   1.968402 19.008 -100.00 -100.00 -100.00
 212   337.997 56757.44426063 23.83  21.253249   1.970904 15.522 -100.00 -100.00 -100.00
 212   337.938 56757.44426122 23.63  21.254142   1.973406 16.824 -100.00 -100.00 -100.00
 212   337.847 56757.44426181 23.43  21.255035   1.975908 16.273 -100.00 -100.00 -100.00
 212   337.586 56757.44426240 23.85  21.255928   1.978409 16.079 -100.00 -100.00 -100.00
 215   338.643 56787.19119603 47.86  21.254072   1.971533   -100 -100.00 -100.00 -100.00
 215   338.609 56787.19119663 51.26  21.254966   1.974034 19.843 -100.00 -100.00 -100.00
 215   338.667 56787.19119722 54.30  21.255859   1.976536   -100 -100.00 -100.00 -100.00
 215   338.741 56787.19119781 53.84  21.256752   1.979037 24.034 -100.00 -100.00 -100.00
 216   338.335 56797.10684533 46.07  21.245732   1.961309   -100 -100.00 -100.00 -100.00
 216   338.693 56797.10684592 48.09  21.246626   1.963811   -100 -100.00 -100.00 -100.00
 216   338.504 56797.10684651 52.03  21.247519   1.966312   -100 -100.00 -100.00 -100.00
 216   338.172 56797.10684710 55.36  21.248412   1.968814   -100 -100.00 -100.00 -100.00
 216   338.250 56797.10684769 56.31  21.249305   1.971315   -100 -100.00 -100.00 -100.00
 216   338.319 56797.10684828 56.33  21.250198   1.973817   -100 -100.00 -100.00 -100.00
 216   338.383 56797.10684887 55.94  21.251091   1.976318 26.588 -100.00 -100.00 -100.00
 216   338.456 56797.10684946 50.77  21.251984   1.978820  0.478 -100.00 -100.00 -100.00
 216   338.510 56797.10685005 49.14  21.252877   1.981321   -100 -100.00 -100.00 -100.00
 217   338.511 56807.02249138 41.55  21.242895   1.958490   -100 -100.00 -100.00 -100.00
 217   338.211 56807.02249197 44.93  21.243788   1.960992  3.608  273.36  273.79  266.63
 217   338.312 56807.02249256 48.23  21.244681   1.963493 12.780  273.36  273.79  266.63
 217   338.450 56807.02249315 51.06  21.245574   1.965995   -100  273.36  273.79  266.63
 217   338.524 56807.02249374 51.99  21.246467   1.968496   -100  273.36  273.79  266.63
 217   338.261 56807.02249433 53.34  21.247360   1.970998 21.232  273.36  273.79  266.63
 217   338.333 56807.02249492 52.78  21.248253   1.973499 31.336  273.36  273.79  266.63
 217   338.386 56807.02249551 52.34  21.249146   1.976001 27.512  273.36  273.79  266.63
 217   338.456 56807.02249610 46.90  21.250039   1.978502   -100  273.36  273.79  266.63
 218   338.114 56816.93813284 44.06  21.246028   1.960871   -100 -100.00 -100.00 -100.00
 218   337.796 56816.93813343 46.30  21.246921   1.963373  7.858 -100.00 -100.00 -100.00
 218   337.937 56816.93813402 50.10  21.247814   1.965874   -100 -100.00 -100.00 -100.00
 218   338.043 56816.93813461 52.43  21.248707   1.968376   -100 -100.00 -100.00 -100.00
 218   337.895 56816.93813520 54.17  21.249600   1.970877 10.800 -100.00 -100.00 -100.00
 218   337.814 56816.93813579 55.39  21.250493   1.973379   -100 -100.00 -100.00 -100.00
 218   337.869 56816.93813638 55.60  21.251386   1.975880   -100 -100.00 -100.00 -100.00
 218   337.913 56816.93813697 56.85  21.252279   1.978381   -100 -100.00 -100.00 -100.00
 218   337.983 56816.93813756 51.72  21.253172   1.980883 23.437 -100.00 -100.00 -100.00
 219   338.163 56826.85377233 46.25  21.252636   1.968999   -100 -100.00 -100.00 -100.00
 219   338.544 56826.85377292 49.01  21.253529   1.971500 31.664 -100.00 -100.00 -100.00
 219   337.920 56826.85377351 53.26  21.254422   1.974002 13.165 -100.00 -100.00 -100.00
 219   337.947 56826.85377410 55.14  21.255316   1.976503   -100 -100.00 -100.00 -100.00
 219   337.999 56826.85377469 55.78  21.256209   1.979004   -100 -100.00 -100.00 -100.00
 223   337.767 56866.51634290 44.94  21.256982   1.974844 30.722  276.67  279.72  272.23
 223   337.205 56866.51634349 49.28  21.257875   1.977346 11.871  276.67  279.72  272.23
 224   337.356 56876.43199450 20.83  21.254295   1.971977 11.308 -100.00 -100.00 -100.00
 224   337.375 56876.43199509 19.28  21.255188   1.974478  9.341 -100.00 -100.00 -100.00
 224   337.433 56876.43199568 18.17  21.256081   1.976979  7.340 -100.00 -100.00 -100.00
 224   337.283 56876.43199627 18.47  21.256974   1.979481  7.873 -100.00 -100.00 -100.00
 225   337.979 56886.34764287 46.16  21.251860   1.968484 29.499 -100.00 -100.00 -100.00
 225   337.357 56886.34764346 49.25  21.252753   1.970985 14.785 -100.00 -100.00 -100.00
 225   337.544 56886.34764405 53.07  21.253646   1.973487   -100 -100.00 -100.00 -100.00
 225   337.578 56886.34764464 54.02  21.254539   1.975988   -100 -100.00 -100.00 -100.00
 225   337.291 56886.34764524 56.25  21.255432   1.978489   -100 -100.00 -100.00 -100.00
 225   337.371 56886.34764583 55.24  21.256325   1.980990   -100 -100.00 -100.00 -100.00
 226   337.195 56896.26328833 24.97  21.249472   1.964988 19.632 -100.00 -100.00 -100.00
 226   337.126 56896.26328892 25.58  21.250365   1.967489 17.342 -100.00 -100.00 -100.00
 226   337.328 56896.26328951 24.79  21.251258   1.969990 14.256 -100.00 -100.00 -100.00
 226   337.360 56896.26329010 26.81  21.252152   1.972491 15.628 -100.00 -100.00 -100.00
 226   337.403 56896.26329069 27.45  21.253045   1.974992 20.356 -100.00 -100.00 -100.00
 226   337.406 56896.26329128 30.54  21.253938   1.977494 32.754 -100.00 -100.00 -100.00
 226   337.569 56896.26329187 30.92  21.254831   1.979995 29.647 -100.00 -100.00 -100.00
 226   337.701 56896.26329246 35.22  21.255724   1.982496   -100 -100.00 -100.00 -100.00
 227   337.895 56906.17893124 47.22  21.247883   1.964380   -100 -100.00 -100.00 -100.00
 227   337.550 56906.17893183 49.22  21.248776   1.966881  8.883 -100.00 -100.00 -100.00
 227   337.657 56906.17893242 52.20  21.249669   1.969382  9.335 -100.00 -100.00 -100.00
 227   337.764 56906.17893301 54.48  21.250562   1.971883  7.203 -100.00 -100.00 -100.00
 227   337.670 56906.17893360 55.68  21.251455   1.974384 12.431 -100.00 -100.00 -100.00
 227   337.569 56906.17893419 56.41  21.252348   1.976885   -100 -100.00 -100.00 -100.00
 227   337.660 56906.17893478 55.36  21.253241   1.979386   -100 -100.00 -100.00 -100.00
 227   337.703 56906.17893537 54.09  21.254134   1.981888   -100 -100.00 -100.00 -100.00
 228   338.472 56916.09457132 44.96  21.246167   1.961538 31.955  270.22  274.18  267.79
 228   337.945 56916.09457191 48.40  21.247060   1.964039 17.797  270.22  274.18  267.79
 228   338.168 56916.09457250 51.12  21.247953   1.966540   -100  270.22  274.18  267.79
 228   338.264 56916.09457309 53.13  21.248846   1.969042   -100  270.22  274.18  267.79
 228   337.963 56916.09457368 55.43  21.249739   1.971543 31.788  270.22  274.18  267.79
 228   338.060 56916.09457427 56.43  21.250632   1.974044   -100  270.22  274.18  267.79
 228   338.114 56916.09457486 55.61  21.251525   1.976545   -100  270.22  274.18  267.79
 228   338.198 56916.09457545 53.28  21.252418   1.979046 19.170  270.22  274.18  267.79
 228   338.275 56916.09457604 50.84  21.253311   1.981547  6.344  270.22  274.18  267.79
 229   337.925 56926.01021091 45.01  21.248838   1.964101   -100 -100.00 -100.00 -100.00
 229   337.815 56926.01021150 46.94  21.249731   1.966602   -100 -100.00 -100.00 -100.00
 229   337.538 56926.01021209 51.32  21.250624   1.969103 10.150 -100.00 -100.00 -100.00
 229   337.665 56926.01021268 54.06  21.251517   1.971604   -100 -100.00 -100.00 -100.00
 229   337.733 56926.01021327 55.08  21.252410   1.974105   -100 -100.00 -100.00 -100.00
 229   337.449 56926.01021386 57.51  21.253302   1.976607 31.788 -100.00 -100.00 -100.00
 229   337.507 56926.01021445 55.83  21.254195   1.979108   -100 -100.00 -100.00 -100.00
 229   337.578 56926.01021505 58.30  21.255088   1.981609   -100 -100.00 -100.00 -100.00
 230   338.078 56935.92584936 47.48  21.256749   1.974478   -100 -100.00 -100.00 -100.00
 230   338.205 56935.92584995 49.43  21.257642   1.976979   -100 -100.00 -100.00 -100.00
 234   339.480 56975.58842613 47.83  21.255248   1.972918   -100 -100.00 -100.00 -100.00
 234   339.200 56975.58842672 51.49  21.256141   1.975419 24.808 -100.00 -100.00 -100.00
 234   339.219 56975.58842731 53.08  21.257034   1.977920   -100 -100.00 -100.00 -100.00
 235   339.020 56985.50406760 50.44  21.256412   1.974966 14.225 -100.00 -100.00 -100.00
 235   339.061 56985.50406819 53.51  21.257304   1.977467   -100 -100.00 -100.00 -100.00
 239   338.566 57025.16665136 49.42  21.254662   1.972233   -100 -100.00 -100.00 -100.00
 239   338.269 57025.16665195 52.41  21.255555   1.974735 18.365 -100.00 -100.00 -100.00
 239   338.306 57025.16665254 54.48  21.256448   1.977236   -100 -100.00 -100.00 -100.00
 240   338.055 57035.08229869 48.16  21.251658   1.968475   -100  263.57  265.91  261.25
 240   338.342 57035.08229928 51.34  21.252551   1.970977   -100  263.57  265.91  261.25
 240   337.933 57035.08229987 55.42  21.253444   1.973478 24.229  263.57  265.91  261.25
 240   337.994 57035.08230046 56.49  21.254338   1.975979   -100  263.57  265.91  261.25
 240   338.054 57035.08230105 55.74  21.255231   1.978481   -100  263.57  265.91  261.25
 240   338.127 57035.08230164 54.84  21.256124   1.980982   -100  263.57  265.91  261.25
 241   337.703 57044.99794449 47.25  21.252239   1.968788 32.753 -100.00 -100.00 -100.00
 241   337.211 57044.99794508 50.30  21.253132   1.971289  5.638 -100.00 -100.00 -100.00
 241   337.382 57044.99794567 51.93  21.254025   1.973791   -100 -100.00 -100.00 -100.00
 241   337.139 57044.99794626 55.03  21.254918   1.976292 24.450 -100.00 -100.00 -100.00
 241   337.190 57044.99794685 55.55  21.255811   1.978794   -100 -100.00 -100.00 -100.00
 242   337.092 57054.91358861 47.25  21.256021   1.974299  1.298 -100.00 -100.00 -100.00
 242   337.179 57054.91358921 51.24  21.256914   1.976801  3.222 -100.00 -100.00 -100.00
 247   337.181 57104.49180044 40.22  21.255839   1.973743   -100 -100.00 -100.00 -100.00
 247   336.874 57104.49180103 42.39  21.256732   1.976244 16.811 -100.00 -100.00 -100.00
 248   337.134 57114.40745228 26.49  21.253509   1.970806 19.064 -100.00 -100.00 -100.00
 248   337.102 57114.40745287 29.80  21.254402   1.973308 31.491 -100.00 -100.00 -100.00
 248   337.085 57114.40745346 32.23  21.255295   1.975810   -100 -100.00 -100.00 -100.00
 248   337.169 57114.40745406 32.38  21.256189   1.978311   -100 -100.00 -100.00 -100.00
 249   338.587 57124.32309871 42.14  21.253871   1.970968   -100 -100.00 -100.00 -100.00
 249   338.381 57124.32309930 44.28  21.254765   1.973470   -100 -100.00 -100.00 -100.00
 249   338.084 57124.32309989 49.57  21.255658   1.975972   -100 -100.00 -100.00 -100.00
 249   338.220 57124.32310048 48.24  21.256551   1.978473   -100 -100.00 -100.00 -100.00
 250   338.523 57134.23873998 47.28  21.254999   1.972890   -100 -100.00 -100.00 -100.00
 250   338.069 57134.23874057 52.54  21.255892   1.975391 24.352 -100.00 -100.00 -100.00
 250   338.182 57134.23874117 54.55  21.256785   1.977893   -100 -100.00 -100.00 -100.00
 256   337.672 57193.73260389 48.31  21.256063   1.973823  4.090 -100.00 -100.00 -100.00
 256   337.778 57193.73260448 51.34  21.256956   1.976324  5.042 -100.00 -100.00 -100.00
 257   337.957 57203.64825023 46.54  21.253471   1.970705   -100 -100.00 -100.00 -100.00
 257   338.049 57203.64825082 50.65  21.254364   1.973206   -100 -100.00 -100.00 -100.00
 257   337.806 57203.64825141 52.47  21.255258   1.975707 17.280 -100.00 -100.00 -100.00
 257   337.822 57203.64825200 54.59  21.256151   1.978208   -100 -100.00 -100.00 -100.00
 258   337.775 57213.56388377 46.26  21.252172   1.968310   -100 -100.00 -100.00 -100.00
 258   337.909 57213.56388436 48.59  21.253065   1.970812   -100 -100.00 -100.00 -100.00
 258   338.034 57213.56388495 51.53  21.253958   1.973313   -100 -100.00 -100.00 -100.00
 258   337.704 57213.56388554 53.66  21.254851   1.975814   -100 -100.00 -100.00 -100.00
 258   337.801 57213.56388613 54.25  21.255744   1.978316   -100 -100.00 -100.00 -100.00
 259   337.115 57223.47952917 35.32  21.255288   1.973223   -100 -100.00 -100.00 -100.00
 259   337.047 57223.47952976 37.47  21.256181   1.975725   -100 -100.00 -100.00 -100.00
 259   336.862 57223.47953035 34.27  21.257074   1.978226   -100 -100.00 -100.00 -100.00
 268   337.424 57312.72032915 46.63  21.254616   1.972530 15.930 -100.00 -100.00 -100.00
 268   337.664 57312.72032974 48.57  21.255509   1.975031   -100 -100.00 -100.00 -100.00
 268   337.376 57312.72033033 48.69  21.256402   1.977532 18.911 -100.00 -100.00 -100.00
 269   338.350 57322.63597244 29.98  21.250799   1.967599 23.781 -100.00 -100.00 -100.00
 269   338.309 57322.63597303 29.71  21.251692   1.970100 24.941 -100.00 -100.00 -100.00
 269   338.450 57322.63597362 29.34  21.252585   1.972602 20.343 -100.00 -100.00 -100.00
 269   338.208 57322.63597421 27.65  21.253478   1.975103 15.814 -100.00 -100.00 -100.00
 269   338.019 57322.63597480 27.65  21.254371   1.977604 18.275 -100.00 -100.00 -100.00
 269   337.980 57322.63597539 28.93  21.255264   1.980105 20.190 -100.00 -100.00 -100.00
 270   338.848 57332.55161452 37.25  21.249498   1.964834   -100 -100.00 -100.00 -100.00
 270   338.638 57332.55161511 34.57  21.250391   1.967335   -100 -100.00 -100.00 -100.00
 270   338.625 57332.55161570 32.03  21.251284   1.969837 25.532 -100.00 -100.00 -100.00
 270   338.651 57332.55161629 33.10  21.252177   1.972338 28.183 -100.00 -100.00 -100.00
 270   338.585 57332.55161688 33.27  21.253070   1.974839 28.618 -100.00 -100.00 -100.00
 270   338.573 57332.55161747 33.13  21.253963   1.977340 30.691 -100.00 -100.00 -100.00
 270   338.568 57332.55161806 34.60  21.254856   1.979842   -100 -100.00 -100.00 -100.00
 270   338.706 57332.55161865 35.68  21.255749   1.982343   -100 -100.00 -100.00 -100.00
 271   339.554 57342.46725710 50.31  21.253682   1.971459   -100 -100.00 -100.00 -100.00
 271   339.322 57342.46725769 52.70  21.254575   1.973961 30.330 -100.00 -100.00 -100.00
 271   339.360 57342.46725828 54.69  21.255467   1.976462   -100 -100.00 -100.00 -100.00
 271   339.432 57342.46725887 54.67  21.256360   1.978963   -100 -100.00 -100.00 -100.00
 272   340.265 57352.38290822 46.40  21.249576   1.965006 32.058 -100.00 -100.00 -100.00
 272   340.180 57352.38290881 49.52  21.250469   1.967508   -100 -100.00 -100.00 -100.00
 272   339.824 57352.38290940 52.54  21.251362   1.970009 13.829 -100.00 -100.00 -100.00
 272   339.846 57352.38290999 55.04  21.252255   1.972510   -100 -100.00 -100.00 -100.00
 272   339.901 57352.38291058 50.32  21.253148   1.975012 20.165 -100.00 -100.00 -100.00
 272   339.946 57352.38291117 53.34  21.254041   1.977513 27.669 -100.00 -100.00 -100.00
 272   340.006 57352.38291176 53.47  21.254934   1.980014 20.922 -100.00 -100.00 -100.00
 273   340.316 57362.29855387 48.54  21.251235   1.968013   -100 -100.00 -100.00 -100.00
 273   339.888 57362.29855446 51.52  21.252128   1.970515 11.610 -100.00 -100.00 -100.00
 273   339.905 57362.29855505 54.14  21.253021   1.973016 31.897 -100.00 -100.00 -100.00
 273   339.961 57362.29855564 55.03  21.253914   1.975517   -100 -100.00 -100.00 -100.00
 273   340.016 57362.29855623 54.98  21.254807   1.978019 27.228 -100.00 -100.00 -100.00
 273   340.072 57362.29855682 55.60  21.255700   1.980520 27.379 -100.00 -100.00 -100.00
 274   339.980 57372.21419564 48.09  21.252434   1.969213   -100  265.82  269.49  264.21
 274   339.653 57372.21419623 52.54  21.253327   1.971714 18.542  265.82  269.49  264.21
 274   339.698 57372.21419682 54.33  21.254221   1.974215   -100  265.82  269.49  264.21
 274   339.752 57372.21419741 54.63  21.255114   1.976717 31.669  265.82  269.49  264.21
 274   339.817 57372.21419800 53.74  21.256007   1.979218 19.661  262.23  265.80  259.78
 275   339.436 57382.12983561 49.42  21.254457   1.972059  7.457  264.03  267.91  261.68
 275   339.454 57382.12983620 52.67  21.255351   1.974561   -100  264.03  267.91  261.68
 275   339.502 57382.12983679 53.67  21.256244   1.977062   -100  264.03  267.91  261.68
 280   338.110 57431.70805511 48.36  21.256178   1.973769   -100 -100.00 -100.00 -100.00
 280   337.947 57431.70805570 51.77  21.257071   1.976271 31.728 -100.00 -100.00 -100.00
 281   338.168 57441.62370067 40.27  21.250567   1.966301 29.439 -100.00 -100.00 -100.00
 281   338.406 57441.62370126 42.17  21.251461   1.968802 29.996 -100.00 -100.00 -100.00
 281   337.882 57441.62370185 46.54  21.252354   1.971304  5.135 -100.00 -100.00 -100.00
 281   338.012 57441.62370244 49.08  21.253247   1.973806  4.345 -100.00 -100.00 -100.00
 281   337.872 57441.62370303 51.78  21.254140   1.976307   -100 -100.00 -100.00 -100.00
 281   338.055 57441.62370362 48.88  21.255033   1.978809  6.744 -100.00 -100.00 -100.00
 281   338.172 57441.62370421 49.72  21.255926   1.981311  5.027 -100.00 -100.00 -100.00
 282   337.988 57451.53934745 44.55  21.250129   1.965741   -100 -100.00 -100.00 -100.00
 282   338.696 57451.53934804 46.58  21.251022   1.968243 26.255 -100.00 -100.00 -100.00
 282   338.121 57451.53934863 49.29  21.251915   1.970745   -100 -100.00 -100.00 -100.00
 282   338.148 57451.53934922 53.00  21.252808   1.973246 11.264 -100.00 -100.00 -100.00
 282   338.277 57451.53934981 54.15  21.253701   1.975748   -100 -100.00 -100.00 -100.00
 282   338.013 57451.53935040 54.07  21.254594   1.978250 21.113 -100.00 -100.00 -100.00
 282   338.047 57451.53935099 56.70  21.255487   1.980752   -100 -100.00 -100.00 -100.00
 283   337.973 57461.45499396 44.23  21.253067   1.970199   -100 -100.00 -100.00 -100.00
 283   338.100 57461.45499455 47.04  21.253960   1.972700   -100 -100.00 -100.00 -100.00
 283   337.910 57461.45499514 48.72  21.254853   1.975202 31.669 -100.00 -100.00 -100.00
 283   338.091 57461.45499573 48.55  21.255746   1.977704 12.627 -100.00 -100.00 -100.00
 283   338.194 57461.45499632 49.99  21.256639   1.980206  4.555 -100.00 -100.00 -100.00
 292   338.592 57550.69579097 49.50  21.255790   1.974204  4.029 -100.00 -100.00 -100.00
 292   338.450 57550.69579156 51.81  21.256683   1.976705 27.758 -100.00 -100.00 -100.00
 293   337.742 57560.61143565 48.35  21.253602   1.971320   -100 -100.00 -100.00 -100.00
 293   337.840 57560.61143625 51.83  21.254495   1.973822   -100 -100.00 -100.00 -100.00
 293   337.898 57560.61143684 53.39  21.255388   1.976323  0.092 -100.00 -100.00 -100.00
 293   337.645 57560.61143743 54.75  21.256282   1.978824   -100 -100.00 -100.00 -100.00
 294   337.918 57570.52708074 48.39  21.253323   1.970967   -100 -100.00 -100.00 -100.00
 294   338.039 57570.52708133 50.86  21.254216   1.973468   -100 -100.00 -100.00 -100.00
 294   338.139 57570.52708192 52.43  21.255110   1.975970   -100 -100.00 -100.00 -100.00
 294   337.822 57570.52708251 54.80  21.256003   1.978471   -100 -100.00 -100.00 -100.00
 295   337.195 57580.44272625 33.99  21.255035   1.972623   -100 -100.00 -100.00 -100.00
 295   337.193 57580.44272684 31.47  21.255928   1.975125 30.715 -100.00 -100.00 -100.00
 295   336.863 57580.44272743 31.74  21.256821   1.977626 30.006 -100.00 -100.00 -100.00
