-355895.284    -1.385     0.00    0.00
-355605.897    -1.385     0.00    0.00
-355316.514    -1.385     0.00    0.00
-355027.136    -1.385     0.00    0.00
-354737.763    -1.385     0.00    0.00
-354448.394    -1.385     0.00    0.00
-354159.030    -1.385     0.00    0.00
-353869.670    -1.385     0.00    0.00
-353580.315    -1.385     0.00    0.00
-353290.965    -1.385     0.00    0.00
-353001.619    -1.385     0.00    0.00
-352712.277    -1.385     0.00    0.00
-352422.941    -1.385     0.00    0.00
-352133.609    -1.385     0.00    0.00
-351844.281    -1.385     0.00    0.00
-351554.958    -1.385     0.00    0.00
-351265.640    -1.385     0.00    0.00
-350976.326    -1.385     0.00    0.00
-350687.016    -1.385     0.00    0.00
-350397.712    -1.385     0.00    0.00
-350108.412    -1.385     0.00    0.00
-349819.116    -1.385     0.00    0.00
-349529.825    -1.385     0.00    0.00
-349240.539    -1.385     0.00    0.00
-348951.257    -1.385     0.00    0.00
-348661.979    -1.385     0.00    0.00
-348372.707    -1.385     0.00    0.00
-348083.439    -1.385     0.00    0.00
-347794.175    -1.385     0.00    0.00
-347504.916    -1.385     0.00    0.00
-347215.661    -1.385     0.00    0.00
-346926.411    -1.385     0.00    0.00
-346637.166    -1.385     0.00    0.00
-346347.925    -1.385     0.00    0.00
-346058.689    -1.385     0.00    0.00
-345769.457    -1.385     0.00    0.00
-345480.230    -1.385     0.00    0.00
-345191.007    -1.385     0.00    0.00
-344901.789    -1.385     0.00    0.00
-344612.575    -1.385     0.00    0.00
-344323.366    -1.385     0.00    0.00
-344034.162    -1.385     0.00    0.00
-343744.962    -1.385     0.00    0.00
-343455.767    -1.385     0.00    0.00
-343166.576    -1.385     0.00    0.00
-342877.389    -1.385     0.00    0.00
-342588.207    -1.385     0.00    0.00
-342299.030    -1.385     0.00    0.00
-342009.857    -1.385     0.00    0.00
-341720.689    -1.385     0.00    0.00
-341431.525    -1.385     0.00    0.00
-341142.366    -1.385     0.00    0.00
-340853.212    -1.385     0.00    0.00
-340564.061    -1.385     0.00    0.00
-340274.916    -1.385     0.00    0.00
-339985.775    -1.385     0.00    0.00
-339696.638    -1.385     0.00    0.00
-339407.506    -1.385     0.00    0.00
-339118.379    -1.385     0.00    0.00
-338829.256    -1.385     0.00    0.00
-338540.137    -1.385     0.00    0.00
-338251.023    -1.385     0.00    0.00
-337961.914    -1.385     0.00    0.00
-337672.809    -1.385     0.00    0.00
-337383.708    -1.385     0.00    0.00
-337094.612    -1.385     0.00    0.00
-336805.521    -1.385     0.00    0.00
-336516.434    -1.385     0.00    0.00
-336227.351    -1.385     0.00    0.00
-335938.273    -1.385     0.00    0.00
-335649.200    -1.385     0.00    0.00
-335360.131    -1.385     0.00    0.00
-335071.066    -1.385     0.00    0.00
-334782.006    -1.385     0.00    0.00
-334492.951    -1.385     0.00    0.00
-334203.900    -1.385     0.00    0.00
-333914.853    -1.385     0.00    0.00
-333625.811    -1.385     0.00    0.00
-333336.774    -1.385     0.00    0.00
-333047.741    -1.385     0.00    0.00
-332758.712    -1.385     0.00    0.00
-332469.688    -1.385     0.00    0.00
-332180.669    -1.385     0.00    0.00
-331891.653    -1.385     0.00    0.00
-331602.643    -1.385     0.00    0.00
-331313.637    -1.385     0.00    0.00
-331024.635    -1.385     0.00    0.00
-330735.638    -1.385     0.00    0.00
-330446.645    -1.385     0.00    0.00
-330157.657    -1.385     0.00    0.00
-329868.673    -1.385     0.00    0.00
-329579.694    -1.385     0.00    0.00
-329290.719    -1.385     0.00    0.00
-329001.748    -1.385     0.00    0.00
-328712.783    -1.385     0.00    0.00
-328423.821    -1.385     0.00    0.00
-328134.864    -1.385     0.00    0.00
-327845.912    -1.385     0.00    0.00
-327556.963    -1.385     0.00    0.00
-327268.020    -1.385     0.00    0.00
-326979.081    -1.385     0.00    0.00
-326690.146    -1.385     0.00    0.00
-326401.216    -1.385     0.00    0.00
-326112.290    -1.385     0.00    0.00
-325823.369    -1.385     0.00    0.00
-325534.452    -1.385     0.00    0.00
-325245.539    -1.385     0.00    0.00
-324956.631    -1.385     0.00    0.00
-324667.728    -1.385     0.00    0.00
-324378.829    -1.385     0.00    0.00
-324089.934    -1.385     0.00    0.00
-323801.044    -1.385     0.00    0.00
-323512.158    -1.385     0.00    0.00
-323223.277    -1.385     0.00    0.00
-322934.400    -1.385     0.00    0.00
-322645.527    -1.385     0.00    0.00
-322356.659    -1.385     0.00    0.00
-322067.796    -1.385     0.00    0.00
-321778.936    -1.385     0.00    0.00
-321490.082    -1.385     0.00    0.00
-321201.231    -1.385     0.00    0.00
-320912.385    -1.385     0.00    0.00
-320623.544    -1.385     0.00    0.00
-320334.707    -1.385     0.00    0.00
-320045.874    -1.385     0.00    0.00
-319757.046    -1.385     0.00    0.00
-319468.222    -1.385     0.00    0.00
-319179.403    -1.385     0.00    0.00
-318890.588    -1.385     0.00    0.00
-318601.778    -1.385     0.00    0.00
-318312.972    -1.385     0.00    0.00
-318024.170    -1.385     0.00    0.00
-317735.373    -1.385     0.00    0.00
-317446.580    -1.385     0.00    0.00
-317157.791    -1.385     0.00    0.00
-316868.274    -1.385     0.00    0.00
-316578.541    -1.385     0.00    0.00
-316288.813    -1.385     0.00    0.00
-315999.089    -1.385     0.00    0.00
-315709.370    -1.385     0.00    0.00
-315419.655    -1.385     0.00    0.00
-315129.944    -1.385     0.00    0.00
-314840.238    -1.385     0.00    0.00
-314550.536    -1.385     0.00    0.00
-314260.839    -1.385     0.00    0.00
-313971.146    -1.385     0.00    0.00
-313681.457    -1.385     0.00    0.00
-313391.773    -1.385     0.00    0.00
-313102.094    -1.385     0.00    0.00
-312812.419    -1.385     0.00    0.00
-312522.748    -1.385     0.00    0.00
-312233.081    -1.385     0.00    0.00
-311943.419    -1.385     0.00    0.00
-311653.762    -1.385     0.00    0.00
-311364.109    -1.385     0.00    0.00
-311074.460    -1.385     0.00    0.00
-310784.816    -1.385     0.00    0.00
-310495.176    -1.385     0.00    0.00
-310205.541    -1.385     0.00    0.00
-309915.909    -1.385     0.00    0.00
-309626.283    -1.385     0.00    0.00
-309336.661    -1.385     0.00    0.00
-309047.043    -1.385     0.00    0.00
-308757.429    -1.385     0.00    0.00
-308467.820    -1.385     0.00    0.00
-308178.216    -1.385     0.00    0.00
-307888.615    -1.385     0.00    0.00
-307599.020    -1.385     0.00    0.00
-307309.428    -1.385     0.00    0.00
-307019.841    -1.385     0.00    0.00
-306730.258    -1.385     0.00    0.00
-306440.680    -1.385     0.00    0.00
-306151.106    -1.385     0.00    0.00
-305861.537    -1.385     0.00    0.00
-305571.971    -1.385     0.00    0.00
-305282.411    -1.385     0.00    0.00
-304992.854    -1.385     0.00    0.00
-304703.302    -1.385     0.00    0.00
-304413.755    -1.385     0.00    0.00
-304124.212    -1.385     0.00    0.00
-303834.673    -1.385     0.00    0.00
-303545.138    -1.385     0.00    0.00
-303255.608    -1.385     0.00    0.00
-302966.082    -1.385     0.00    0.00
-302676.561    -1.385     0.00    0.00
-302387.044    -1.385     0.00    0.00
-302097.532    -1.385     0.00    0.00
-301808.023    -1.385     0.00    0.00
-301518.519    -1.385     0.00    0.00
-301229.020    -1.385     0.00    0.00
-300939.525    -1.385     0.00    0.00
-300650.034    -1.385     0.00    0.00
-300360.548    -1.385     0.00    0.00
-300071.065    -1.385     0.00    0.00
-299781.588    -1.385     0.00    0.00
-299492.114    -1.385     0.00    0.00
-299202.645    -1.385     0.00    0.00
-298913.181    -1.385     0.00    0.00
-298623.720    -1.385     0.00    0.00
-298334.265    -1.385     0.00    0.00
-298044.813    -1.385     0.00    0.00
-297755.366    -1.385     0.00    0.00
-297465.923    -1.385     0.00    0.00
-297176.484    -1.385     0.00    0.00
-296887.050    -1.385     0.00    0.00
-296597.620    -1.385     0.00    0.00
-296308.195    -1.385     0.00    0.00
-296018.773    -1.385     0.00    0.00
-295729.357    -1.385     0.00    0.00
-295439.944    -1.385     0.00    0.00
-295150.536    -1.385     0.00    0.00
-294861.132    -1.385     0.00    0.00
-294571.733    -1.385     0.00    0.00
-294282.337    -1.385     0.00    0.00
-293992.947    -1.385     0.00    0.00
-293703.560    -1.385     0.00    0.00
-293414.178    -1.385     0.00    0.00
-293124.800    -1.385     0.00    0.00
-292835.426    -1.385     0.00    0.00
-292546.057    -1.385     0.00    0.00
-292256.692    -1.385     0.00    0.00
-291967.332    -1.385     0.00    0.00
-291677.975    -1.385     0.00    0.00
-291388.624    -1.385     0.00    0.00
-291099.276    -1.385     0.00    0.00
-290809.933    -1.385     0.00    0.00
-290520.594    -1.385     0.00    0.00
-290231.259    -1.385     0.00    0.00
-289941.929    -1.385     0.00    0.00
-289652.602    -1.385     0.00    0.00
-289363.281    -1.385     0.00    0.00
-289073.963    -1.385     0.00    0.00
-288784.650    -1.385     0.00    0.00
-288495.341    -1.385     0.00    0.00
-288206.037    -1.385     0.00    0.00
-287916.736    -1.385     0.00    0.00
-287627.440    -1.385     0.00    0.00
-287338.149    -1.385     0.00    0.00
-287048.861    -1.385     0.00    0.00
-286759.578    -1.385     0.00    0.00
-286470.300    -1.385     0.00    0.00
-286181.025    -1.385     0.00    0.00
-285891.755    -1.385     0.00    0.00
-285602.489    -1.385     0.00    0.00
-285313.228    -1.385     0.00    0.00
-285023.970    -1.385     0.00    0.00
-284734.717    -1.385     0.00    0.00
-284445.468    -1.385     0.00    0.00
-284156.224    -1.385     0.00    0.00
-283866.984    -1.385     0.00    0.00
-283577.748    -1.385     0.00    0.00
-283288.516    -1.385     0.00    0.00
-282999.289    -1.385     0.00    0.00
-282710.066    -1.385     0.00    0.00
-282420.847    -1.385     0.00    0.00
-282131.632    -1.385     0.00    0.00
-281842.422    -1.385     0.00    0.00
-281553.216    -1.385     0.00    0.00
-281264.014    -1.385     0.00    0.00
-280974.817    -1.385     0.00    0.00
-280685.624    -1.385     0.00    0.00
-280396.435    -1.385     0.00    0.00
-280107.250    -1.385     0.00    0.00
-279818.070    -1.385     0.00    0.00
-279528.894    -1.385     0.00    0.00
-279239.722    -1.385     0.00    0.00
-278950.554    -1.385     0.00    0.00
-278661.391    -1.385     0.00    0.00
-278372.232    -1.385     0.00    0.00
-278083.077    -1.385     0.00    0.00
-277793.926    -1.385     0.00    0.00
-277504.780    -1.385     0.00    0.00
-277215.638    -1.385     0.00    0.00
-276926.500    -1.385     0.00    0.00
-276637.366    -1.385     0.00    0.00
-276348.237    -1.385     0.00    0.00
-276059.112    -1.385     0.00    0.00
-275769.991    -1.385     0.00    0.00
-275480.874    -1.385     0.00    0.00
-275191.762    -1.385     0.00    0.00
-274902.654    -1.385     0.00    0.00
-274613.550    -1.385     0.00    0.00
-274324.450    -1.385     0.00    0.00
-274035.355    -1.385     0.00    0.00
-273746.263    -1.385     0.00    0.00
-273457.176    -1.385     0.00    0.00
-273168.094    -1.385     0.00    0.00
-272879.015    -1.385     0.00    0.00
-272589.941    -1.385     0.00    0.00
-272300.871    -1.385     0.00    0.00
-272011.805    -1.385     0.00    0.00
-271722.743    -1.385     0.00    0.00
-271433.686    -1.385     0.00    0.00
-271144.632    -1.385     0.00    0.00
-270855.583    -1.385     0.00    0.00
-270566.539    -1.385     0.00    0.00
-270277.498    -1.385     0.00    0.00
-269988.462    -1.385     0.00    0.00
-269699.430    -1.385     0.00    0.00
-269410.402    -1.385     0.00    0.00
-269121.378    -1.385     0.00    0.00
-268832.359    -1.385     0.00    0.00
-268543.343    -1.385     0.00    0.00
-268254.332    -1.385     0.00    0.00
-267965.325    -1.385     0.00    0.00
-267676.323    -1.385     0.00    0.00
-267387.324    -1.385     0.00    0.00
-267098.330    -1.385     0.00    0.00
-266809.340    -1.385     0.00    0.00
-266520.354    -1.385     0.00    0.00
-266231.372    -1.385     0.00    0.00
-265942.395    -1.385     0.00    0.00
-265653.422    -1.385     0.00    0.00
-265364.452    -1.385     0.00    0.00
-265075.488    -1.385     0.00    0.00
-264786.527    -1.385     0.00    0.00
-264497.570    -1.385     0.00    0.00
-264208.618    -1.385     0.00    0.00
-263919.670    -1.385     0.00    0.00
-263630.726    -1.385     0.00    0.00
-263341.786    -1.385     0.00    0.00
-263052.850    -1.385     0.00    0.00
-262763.919    -1.385     0.00    0.00
-262474.992    -1.385     0.00    0.00
-262186.069    -1.385     0.00    0.00
-261897.150    -1.385     0.00    0.00
-261608.235    -1.385     0.00    0.00
-261319.324    -1.385     0.00    0.00
-261030.418    -1.385     0.00    0.00
-260741.516    -1.385     0.00    0.00
-260452.618    -1.385     0.00    0.00
-260163.724    -1.385     0.00    0.00
-259874.834    -1.385     0.00    0.00
-259585.949    -1.385     0.00    0.00
-259297.067    -1.385     0.00    0.00
-259008.190    -1.385     0.00    0.00
-258719.317    -1.385     0.00    0.00
-258430.448    -1.385     0.00    0.00
-258141.583    -1.385     0.00    0.00
-257852.723    -1.385     0.00    0.00
-257563.866    -1.385     0.00    0.00
-257275.014    -1.385     0.00    0.00
-256986.166    -1.385     0.00    0.00
-256697.322    -1.385     0.00    0.00
-256408.482    -1.385     0.00    0.00
-256119.646    -1.385     0.00    0.00
-255830.815    -1.385     0.00    0.00
-255541.988    -1.385     0.00    0.00
-255253.164    -1.385     0.00    0.00
-254964.345    -1.385     0.00    0.00
-254675.056    -1.385     0.00    0.00
-254385.349    -1.385     0.00    0.00
-254095.645    -1.385     0.00    0.00
-253805.946    -1.385     0.00    0.00
-253516.250    -1.385     0.00    0.00
-253226.559    -1.385     0.00    0.00
-252936.872    -1.385     0.00    0.00
-252647.190    -1.385     0.00    0.00
-252357.511    -1.385     0.00    0.00
-252067.837    -1.385     0.00    0.00
-251778.166    -1.385     0.00    0.00
-251488.500    -1.385     0.00    0.00
-251198.838    -1.385     0.00    0.00
-250909.180    -1.385     0.00    0.00
-250619.527    -1.385     0.00    0.00
-250329.877    -1.385     0.00    0.00
-250040.232    -1.385     0.00    0.00
-249750.590    -1.385     0.00    0.00
-249460.953    -1.385     0.00    0.00
-249171.320    -1.385     0.00    0.00
-248881.692    -1.385     0.00    0.00
-248592.067    -1.385     0.00    0.00
-248302.446    -1.385     0.00    0.00
-248012.830    -1.385     0.00    0.00
-247723.218    -1.385     0.00    0.00
-247433.610    -1.385     0.00    0.00
-247144.006    -1.385     0.00    0.00
-246854.406    -1.385     0.00    0.00
-246564.810    -1.385     0.00    0.00
-246275.218    -1.385     0.00    0.00
-245985.631    -1.385     0.00    0.00
-245696.048    -1.385     0.00    0.00
-245406.468    -1.385     0.00    0.00
-245116.893    -1.385     0.00    0.00
-244827.322    -1.385     0.00    0.00
-244537.756    -1.385     0.00    0.00
-244248.193    -1.385     0.00    0.00
-243958.634    -1.385     0.00    0.00
-243669.080    -1.385     0.00    0.00
-243379.529    -1.385     0.00    0.00
-243089.983    -1.385     0.00    0.00
-242800.441    -1.385     0.00    0.00
-242510.903    -1.385     0.00    0.00
-242221.369    -1.385     0.00    0.00
-241931.839    -1.385     0.00    0.00
-241642.314    -1.385     0.00    0.00
-241352.792    -1.385     0.00    0.00
-241063.274    -1.385     0.00    0.00
-240773.761    -1.385     0.00    0.00
-240484.252    -1.385     0.00    0.00
-240194.747    -1.385     0.00    0.00
-239905.245    -1.385     0.00    0.00
-239615.748    -1.385     0.00    0.00
-239326.256    -1.385     0.00    0.00
-239036.767    -1.385     0.00    0.00
-238747.282    -1.385     0.00    0.00
-238457.801    -1.385     0.00    0.00
-238168.325    -1.385     0.00    0.00
-237878.852    -1.385     0.00    0.00
-237589.384    -1.385     0.00    0.00
-237299.920    -1.385     0.00    0.00
-237010.460    -1.385     0.00    0.00
-236721.004    -1.385     0.00    0.00
-236431.552    -1.385     0.00    0.00
-236142.104    -1.385     0.00    0.00
-235852.660    -1.385     0.00    0.00
-235563.220    -1.385     0.00    0.00
-235273.784    -1.385     0.00    0.00
-234984.353    -1.385     0.00    0.00
-234694.925    -1.385     0.00    0.00
-234405.502    -1.385     0.00    0.00
-234116.082    -1.385     0.00    0.00
-233826.667    -1.385     0.00    0.00
-233537.256    -1.385     0.00    0.00
-233247.848    -1.385     0.00    0.00
-232958.445    -1.385     0.00    0.00
-232669.046    -1.385     0.00    0.00
-232379.651    -1.385     0.00    0.00
-232090.260    -1.385     0.00    0.00
-231800.873    -1.385     0.00    0.00
-231511.491    -1.385     0.00    0.00
-231222.112    -1.385     0.00    0.00
-230932.737    -1.385     0.00    0.00
-230643.367    -1.385     0.00    0.00
-230354.000    -1.385     0.00    0.00
-230064.637    -1.385     0.00    0.00
-229775.279    -1.385     0.00    0.00
-229485.924    -1.385     0.00    0.00
-229196.574    -1.385     0.00    0.00
-228907.228    -1.385     0.00    0.00
-228617.885    -1.385     0.00    0.00
-228328.547    -1.385     0.00    0.00
-228039.213    -1.385     0.00    0.00
-227749.883    -1.385     0.00    0.00
-227460.557    -1.385     0.00    0.00
-227171.235    -1.385     0.00    0.00
-226881.916    -1.385     0.00    0.00
-226592.602    -1.385     0.00    0.00
-226303.292    -1.385     0.00    0.00
-226013.986    -1.385     0.00    0.00
-225724.685    -1.385     0.00    0.00
-225435.387    -1.385     0.00    0.00
-225146.093    -1.385     0.00    0.00
-224856.803    -1.385     0.00    0.00
-224567.517    -1.385     0.00    0.00
-224278.235    -1.385     0.00    0.00
-223988.958    -1.385     0.00    0.00
-223699.684    -1.385     0.00    0.00
-223410.414    -1.385     0.00    0.00
-223121.148    -1.385     0.00    0.00
-222831.887    -1.385     0.00    0.00
-222542.629    -1.385     0.00    0.00
-222253.375    -1.385     0.00    0.00
-221964.126    -1.385     0.00    0.00
-221674.880    -1.385     0.00    0.00
-221385.638    -1.385     0.00    0.00
-221096.401    -1.385     0.00    0.00
-220807.167    -1.385     0.00    0.00
-220517.938    -1.385     0.00    0.00
-220228.712    -1.385     0.00    0.00
-219939.490    -1.385     0.00    0.00
-219650.273    -1.385     0.00    0.00
-219361.059    -1.385     0.00    0.00
-219071.850    -1.385     0.00    0.00
-218782.644    -1.385     0.00    0.00
-218493.442    -1.385     0.00    0.00
-218204.245    -1.385     0.00    0.00
-217915.051    -1.385     0.00    0.00
-217625.862    -1.385     0.00    0.00
-217336.676    -1.385     0.00    0.00
-217047.494    -1.385     0.00    0.00
-216758.317    -1.385     0.00    0.00
-216469.143    -1.385     0.00    0.00
-216179.974    -1.385     0.00    0.00
-215890.808    -1.385     0.00    0.00
-215601.646    -1.385     0.00    0.00
-215312.488    -1.385     0.00    0.00
-215023.335    -1.385     0.00    0.00
-214734.185    -1.385     0.00    0.00
-214445.039    -1.385     0.00    0.00
-214155.897    -1.385     0.00    0.00
-213866.760    -1.385     0.00    0.00
-213577.626    -1.385     0.00    0.00
-213288.496    -1.385     0.00    0.00
-212999.370    -1.385     0.00    0.00
-212710.248    -1.385     0.00    0.00
-212421.130    -1.385     0.00    0.00
-212132.016    -1.385     0.00    0.00
-211842.906    -1.385     0.00    0.00
-211553.800    -1.385     0.00    0.00
-211264.698    -1.385     0.00    0.00
-210975.600    -1.385     0.00    0.00
-210686.505    -1.385     0.00    0.00
-210397.415    -1.385     0.00    0.00
-210108.329    -1.385     0.00    0.00
-209819.247    -1.385     0.00    0.00
-209530.168    -1.385     0.00    0.00
-209241.094    -1.385     0.00    0.00
-208952.023    -1.385     0.00    0.00
-208662.957    -1.385     0.00    0.00
-208373.894    -1.385     0.00    0.00
-208084.836    -1.385     0.00    0.00
-207795.781    -1.385     0.00    0.00
-207506.730    -1.385     0.00    0.00
-207217.684    -1.385     0.00    0.00
-206928.641    -1.385     0.00    0.00
-206639.602    -1.385     0.00    0.00
-206350.567    -1.385     0.00    0.00
-206061.536    -1.385     0.00    0.00
-205772.509    -1.385     0.00    0.00
-205483.486    -1.385     0.00    0.00
-205194.466    -1.385     0.00    0.00
-204905.451    -1.385     0.00    0.00
-204616.440    -1.385     0.00    0.00
-204327.432    -1.385     0.00    0.00
-204038.429    -1.385     0.00    0.00
-203749.429    -1.385     0.00    0.00
-203460.434    -1.385     0.00    0.00
-203171.442    -1.385     0.00    0.00
-202882.454    -1.385     0.00    0.00
-202593.470    -1.385     0.00    0.00
-202304.490    -1.385     0.00    0.00
-202015.514    -1.385     0.00    0.00
-201726.542    -1.385     0.00    0.00
-201437.574    -1.385     0.00    0.00
-201148.610    -1.385     0.00    0.00
-200859.649    -1.385     0.00    0.00
-200570.693    -1.385     0.00    0.00
-200281.740    -1.385     0.00    0.00
-199992.792    -1.385     0.00    0.00
-199703.847    -1.385     0.00    0.00
-199414.906    -1.385     0.00    0.00
-199125.969    -1.385     0.00    0.00
-198837.036    -1.385     0.00    0.00
-198548.107    -1.385     0.00    0.00
-198259.182    -1.385     0.00    0.00
-197970.261    -1.385     0.00    0.00
-197681.343    -1.385     0.00    0.00
-197392.430    -1.385     0.00    0.00
-197103.520    -1.385     0.00    0.00
-196814.615    -1.385     0.00    0.00
-196525.713    -1.385     0.00    0.00
-196236.815    -1.385     0.00    0.00
-195947.921    -1.385     0.00    0.00
-195659.031    -1.385     0.00    0.00
-195370.144    -1.385     0.00    0.00
-195081.262    -1.385     0.00    0.00
-194792.383    -1.385     0.00    0.00
-194503.509    -1.385     0.00    0.00
-194214.638    -1.385     0.00    0.00
-193925.771    -1.385     0.00    0.00
-193636.908    -1.385     0.00    0.00
-193348.049    -1.385     0.00    0.00
-193059.194    -1.385     0.00    0.00
-192770.343    -1.385     0.00    0.00
-192481.251    -1.385     0.00    0.00
-192191.565    -1.385     0.00    0.00
-191901.883    -1.385     0.00    0.00
-191612.205    -1.385     0.00    0.00
-191322.531    -1.385     0.00    0.00
-191032.860    -1.385     0.00    0.00
-190743.194    -1.385     0.00    0.00
-190453.531    -1.385     0.00    0.00
-190163.872    -1.385     0.00    0.00
-189874.217    -1.385     0.00    0.00
-189584.566    -1.385     0.00    0.00
-189294.919    -1.385     0.00    0.00
-189005.276    -1.385     0.00    0.00
-188715.636    -1.385     0.00    0.00
-188426.001    -1.385     0.00    0.00
-188136.369    -1.385     0.00    0.00
-187846.742    -1.385     0.00    0.00
-187557.118    -1.385     0.00    0.00
-187267.498    -1.385     0.00    0.00
-186977.882    -1.385     0.00    0.00
-186688.269    -1.385     0.00    0.00
-186398.661    -1.385     0.00    0.00
-186109.056    -1.385     0.00    0.00
-185819.456    -1.385     0.00    0.00
-185529.859    -1.385     0.00    0.00
-185240.266    -1.385     0.00    0.00
-184950.677    -1.385     0.00    0.00
-184661.092    -1.385     0.00    0.00
-184371.511    -1.385     0.00    0.00
-184081.933    -1.385     0.00    0.00
-183792.360    -1.385     0.00    0.00
-183502.790    -1.385     0.00    0.00
-183213.224    -1.385     0.00    0.00
-182923.662    -1.385     0.00    0.00
-182634.104    -1.385     0.00    0.00
-182344.549    -1.385     0.00    0.00
-182054.999    -1.385     0.00    0.00
-181765.452    -1.385     0.00    0.00
-181475.910    -1.385     0.00    0.00
-181186.371    -1.385     0.00    0.00
-180896.836    -1.385     0.00    0.00
-180607.304    -1.385     0.00    0.00
-180317.777    -1.385     0.00    0.00
-180028.253    -1.385     0.00    0.00
-179738.734    -1.385     0.00    0.00
-179449.218    -1.385     0.00    0.00
-179159.706    -1.385     0.00    0.00
-178870.197    -1.385     0.00    0.00
-178580.693    -1.385     0.00    0.00
-178291.192    -1.385     0.00    0.00
-178001.696    -1.385     0.00    0.00
-177712.203    -1.385     0.00    0.00
-177422.714    -1.385     0.00    0.00
-177133.229    -1.385     0.00    0.00
-176843.747    -1.385     0.00    0.00
-176554.270    -1.385     0.00    0.00
-176264.796    -1.385     0.00    0.00
-175975.326    -1.385     0.00    0.00
-175685.860    -1.385     0.00    0.00
-175396.397    -1.385     0.00    0.00
-175106.939    -1.385     0.00    0.00
-174817.484    -1.385     0.00    0.00
-174528.033    -1.385     0.00    0.00
-174238.586    -1.385     0.00    0.00
-173949.143    -1.385     0.00    0.00
-173659.704    -1.385     0.00    0.00
-173370.268    -1.385     0.00    0.00
-173080.836    -1.385     0.00    0.00
-172791.408    -1.385     0.00    0.00
-172501.984    -1.385     0.00    0.00
-172212.564    -1.385     0.00    0.00
-171923.147    -1.385     0.00    0.00
-171633.734    -1.385     0.00    0.00
-171344.325    -1.385     0.00    0.00
-171054.920    -1.385     0.00    0.00
-170765.519    -1.385     0.00    0.00
-170476.121    -1.385     0.00    0.00
-170186.727    -1.385     0.00    0.00
-169897.337    -1.385     0.00    0.00
-169607.951    -1.385     0.00    0.00
-169318.568    -1.385     0.00    0.00
-169029.190    -1.385     0.00    0.00
-168739.815    -1.385     0.00    0.00
-168450.444    -1.385     0.00    0.00
-168161.077    -1.385     0.00    0.00
-167871.713    -1.385     0.00    0.00
-167582.353    -1.385     0.00    0.00
-167292.997    -1.385     0.00    0.00
-167003.645    -1.385     0.00    0.00
-166714.297    -1.385     0.00    0.00
-166424.952    -1.385     0.00    0.00
-166135.611    -1.385     0.00    0.00
-165846.274    -1.385     0.00    0.00
-165556.941    -1.385     0.00    0.00
-165267.611    -1.385     0.00    0.00
-164978.286    -1.385     0.00    0.00
-164688.964    -1.385     0.00    0.00
-164399.645    -1.385     0.00    0.00
-164110.331    -1.385     0.00    0.00
-163821.020    -1.385     0.00    0.00
-163531.713    -1.385     0.00    0.00
-163242.410    -1.385     0.00    0.00
-162953.111    -1.385     0.00    0.00
-162663.815    -1.385     0.00    0.00
-162374.523    -1.385     0.00    0.00
-162085.235    -1.385     0.00    0.00
-161795.951    -1.385     0.00    0.00
-161506.670    -1.385     0.00    0.00
-161217.393    -1.385     0.00    0.00
-160928.120    -1.385     0.00    0.00
-160638.851    -1.385     0.00    0.00
-160349.585    -1.385     0.00    0.00
-160060.323    -1.385     0.00    0.00
-159771.065    -1.385     0.00    0.00
-159481.811    -1.385     0.00    0.00
-159192.560    -1.385     0.00    0.00
-158903.313    -1.385     0.00    0.00
-158614.070    -1.385     0.00    0.00
-158324.830    -1.385     0.00    0.00
-158035.595    -1.385     0.00    0.00
-157746.363    -1.385     0.00    0.00
-157457.134    -1.385     0.00    0.00
-157167.910    -1.385     0.00    0.00
-156878.689    -1.385     0.00    0.00
-156589.472    -1.385     0.00    0.00
-156300.259    -1.385     0.00    0.00
-156011.049    -1.385     0.00    0.00
-155721.843    -1.385     0.00    0.00
-155432.641    -1.385     0.00    0.00
-155143.443    -1.385     0.00    0.00
-154854.248    -1.385     0.00    0.00
-154565.057    -1.385     0.00    0.00
-154275.870    -1.385     0.00    0.00
-153986.686    -1.385     0.00    0.00
-153697.506    -1.385     0.00    0.00
-153408.330    -1.385     0.00    0.00
-153119.158    -1.385     0.00    0.00
-152829.989    -1.385     0.00    0.00
-152540.824    -1.385     0.00    0.00
-152251.663    -1.385     0.00    0.00
-151962.505    -1.385     0.00    0.00
-151673.351    -1.385     0.00    0.00
-151384.201    -1.385     0.00    0.00
-151095.055    -1.385     0.00    0.00
-150805.912    -1.385     0.00    0.00
-150516.773    -1.385     0.00    0.00
-150227.638    -1.385     0.00    0.00
-149938.506    -1.385     0.00    0.00
-149649.378    -1.385     0.00    0.00
-149360.254    -1.385     0.00    0.00
-149071.133    -1.385     0.00    0.00
-148782.017    -1.385     0.00    0.00
-148492.903    -1.385     0.00    0.00
-148203.794    -1.385     0.00    0.00
-147914.688    -1.385     0.00    0.00
-147625.586    -1.385     0.00    0.00
-147336.488    -1.385     0.00    0.00
-147047.393    -1.385     0.00    0.00
-146758.302    -1.385     0.00    0.00
-146469.214    -1.385     0.00    0.00
-146180.131    -1.385     0.00    0.00
-145891.051    -1.385     0.00    0.00
-145601.974    -1.385     0.00    0.00
-145312.902    -1.385     0.00    0.00
-145023.833    -1.385     0.00    0.00
-144734.767    -1.385     0.00    0.00
-144445.706    -1.385     0.00    0.00
-144156.648    -1.385     0.00    0.00
-143867.594    -1.385     0.00    0.00
-143578.543    -1.385     0.00    0.00
-143289.496    -1.385     0.00    0.00
-143000.453    -1.385     0.00    0.00
-142711.413    -1.385     0.00    0.00
-142422.377    -1.385     0.00    0.00
-142133.345    -1.385     0.00    0.00
-141844.316    -1.385     0.00    0.00
-141555.291    -1.385     0.00    0.00
-141266.270    -1.385     0.00    0.00
-140977.252    -1.385     0.00    0.00
-140688.238    -1.385     0.00    0.00
-140399.228    -1.385     0.00    0.00
-140110.221    -1.385     0.00    0.00
-139821.218    -1.385     0.00    0.00
-139532.219    -1.385     0.00    0.00
-139243.223    -1.385     0.00    0.00
-138954.231    -1.385     0.00    0.00
-138665.242    -1.385     0.00    0.00
-138376.258    -1.385     0.00    0.00
-138087.276    -1.385     0.00    0.00
-137798.299    -1.385     0.00    0.00
-137509.325    -1.385     0.00    0.00
-137220.355    -1.385     0.00    0.00
-136931.388    -1.385     0.00    0.00
-136642.425    -1.385     0.00    0.00
-136353.466    -1.385     0.00    0.00
-136064.510    -1.385     0.00    0.00
-135775.558    -1.385     0.00    0.00
-135486.610    -1.385     0.00    0.00
-135197.665    -1.385     0.00    0.00
-134908.724    -1.385     0.00    0.00
-134619.786    -1.385     0.00    0.00
-134330.852    -1.385     0.00    0.00
-134041.922    -1.385     0.00    0.00
-133752.995    -1.385     0.00    0.00
-133464.072    -1.385     0.00    0.00
-133175.152    -1.385     0.00    0.00
-132886.237    -1.385     0.00    0.00
-132597.324    -1.385     0.00    0.00
-132308.416    -1.385     0.00    0.00
-132019.511    -1.385     0.00    0.00
-131730.609    -1.385     0.00    0.00
-131441.712    -1.385     0.00    0.00
-131152.818    -1.385     0.00    0.00
-130863.927    -1.385     0.00    0.00
-130575.040    -1.385     0.00    0.00
-130286.114    -1.385     0.00    0.00
-129996.457    -1.385     0.00    0.00
-129706.803    -1.385     0.00    0.00
-129417.152    -1.385     0.00    0.00
-129127.505    -1.385     0.00    0.00
-128837.862    -1.385     0.00    0.00
-128548.223    -1.385     0.00    0.00
-128258.587    -1.385     0.00    0.00
-127968.954    -1.385     0.00    0.00
-127679.326    -1.385     0.00    0.00
-127389.701    -1.385     0.00    0.00
-127100.079    -1.385     0.00    0.00
-126810.461    -1.385     0.00    0.00
-126520.847    -1.385     0.00    0.00
-126231.236    -1.385     0.00    0.00
-125941.629    -1.385     0.00    0.00
-125652.026    -1.385     0.00    0.00
-125362.426    -1.385     0.00    0.00
-125072.830    -1.385     0.00    0.00
-124783.237    -1.385     0.00    0.00
-124493.648    -1.385     0.00    0.00
-124204.063    -1.385     0.00    0.00
-123914.481    -1.385     0.00    0.00
-123624.903    -1.385     0.00    0.00
-123335.328    -1.385     0.00    0.00
-123045.757    -1.385     0.00    0.00
-122756.190    -1.385     0.00    0.00
-122466.626    -1.385     0.00    0.00
-122177.066    -1.385     0.00    0.00
-121887.509    -1.385     0.00    0.00
-121597.956    -1.385     0.00    0.00
-121308.406    -1.385     0.00    0.00
-121018.860    -1.385     0.00    0.00
-120729.318    -1.385     0.00    0.00
-120439.779    -1.385     0.00    0.00
-120150.244    -1.385     0.00    0.00
-119860.713    -1.385     0.00    0.00
-119571.185    -1.385     0.00    0.00
-119281.660    -1.385     0.00    0.00
-118992.139    -1.385     0.00    0.00
-118702.622    -1.385     0.00    0.00
-118413.108    -1.385     0.00    0.00
-118123.598    -1.385     0.00    0.00
-117834.092    -1.385     0.00    0.00
-117544.589    -1.385     0.00    0.00
-117255.089    -1.385     0.00    0.00
-116965.593    -1.385     0.00    0.00
-116676.101    -1.385     0.00    0.00
-116386.612    -1.385     0.00    0.00
-116097.127    -1.385     0.00    0.00
-115807.646    -1.385     0.00    0.00
-115518.167    -1.385     0.00    0.00
-115228.693    -1.385     0.00    0.00
-114939.222    -1.385     0.00    0.00
-114649.755    -1.385     0.00    0.00
-114360.291    -1.385     0.00    0.00
-114070.831    -1.385     0.00    0.00
-113781.374    -1.385     0.00    0.00
-113491.921    -1.385     0.00    0.00
-113202.471    -1.385     0.00    0.00
-112913.025    -1.385     0.00    0.00
-112623.582    -1.385     0.00    0.00
-112334.143    -1.385     0.00    0.00
-112044.708    -1.385     0.00    0.00
-111755.276    -1.385     0.00    0.00
-111465.848    -1.385     0.00    0.00
-111176.423    -1.385     0.00    0.00
-110887.001    -1.385     0.00    0.00
-110597.584    -1.385     0.00    0.00
-110308.169    -1.385     0.00    0.00
-110018.759    -1.385     0.00    0.00
-109729.352    -1.385     0.00    0.00
-109439.948    -1.385     0.00    0.00
-109150.548    -1.385     0.00    0.00
-108861.151    -1.385     0.00    0.00
-108571.758    -1.385     0.00    0.00
-108282.369    -1.385     0.00    0.00
-107992.983    -1.385     0.00    0.00
-107703.600    -1.385     0.00    0.00
-107414.221    -1.385     0.00    0.00
-107124.846    -1.385     0.00    0.00
-106835.474    -1.385     0.00    0.00
-106546.106    -1.385     0.00    0.00
-106256.741    -1.385     0.00    0.00
-105967.379    -1.385     0.00    0.00
-105678.021    -1.385     0.00    0.00
-105388.667    -1.385     0.00    0.00
-105099.316    -1.385     0.00    0.00
-104809.969    -1.385     0.00    0.00
-104520.625    -1.385     0.00    0.00
-104231.285    -1.385     0.00    0.00
-103941.948    -1.385     0.00    0.00
-103652.615    -1.385     0.00    0.00
-103363.285    -1.385     0.00    0.00
-103073.959    -1.385     0.00    0.00
-102784.636    -1.385     0.00    0.00
-102495.316    -1.385     0.00    0.00
-102206.001    -1.385     0.00    0.00
-101916.688    -1.385     0.00    0.00
-101627.380    -1.385     0.00    0.00
-101338.074    -1.385     0.00    0.00
-101048.772    -1.385     0.00    0.00
-100759.474    -1.385     0.00    0.00
-100470.179    -1.385     0.00    0.00
-100180.888    -1.385     0.00    0.00
 -99891.600    -1.385     0.00    0.00
 -99602.316    -1.385     0.00    0.00
 -99313.035    -1.385     0.00    0.00
 -99023.757    -1.385     0.00    0.00
 -98734.483    -1.385     0.00    0.00
 -98445.213    -1.385     0.00    0.00
 -98155.946    -1.385     0.00    0.00
 -97866.682    -1.385     0.00    0.00
 -97577.422    -1.385     0.00    0.00
 -97288.166    -1.385     0.00    0.00
 -96998.913    -1.385     0.00    0.00
 -96709.663    -1.385     0.00    0.00
 -96420.417    -1.385     0.00    0.00
 -96131.174    -1.385     0.00    0.00
 -95841.935    -1.385     0.00    0.00
 -95552.699    -1.385     0.00    0.00
 -95263.467    -1.385     0.00    0.00
 -94974.238    -1.385     0.00    0.00
 -94685.013    -1.385     0.00    0.00
 -94395.791    -1.385     0.00    0.00
 -94106.572    -1.385     0.00    0.00
 -93817.357    -1.385     0.00    0.00
 -93528.146    -1.385     0.00    0.00
 -93238.938    -1.385     0.00    0.00
 -92949.733    -1.385     0.00    0.00
 -92660.532    -1.385     0.00    0.00
 -92371.334    -1.385     0.00    0.00
 -92082.140    -1.385     0.00    0.00
 -91792.949    -1.385     0.00    0.00
 -91503.762    -1.385     0.00    0.00
 -91214.578    -1.385     0.00    0.00
 -90925.397    -1.385     0.00    0.00
 -90636.220    -1.385     0.00    0.00
 -90347.047    -1.385     0.00    0.00
 -90057.876    -1.385     0.00    0.00
 -89768.710    -1.385     0.00    0.00
 -89479.546    -1.385     0.00    0.00
 -89190.387    -1.385     0.00    0.00
 -88901.230    -1.385     0.00    0.00
 -88612.077    -1.385     0.00    0.00
 -88322.928    -1.385     0.00    0.00
 -88033.782    -1.385     0.00    0.00
 -87744.639    -1.385     0.00    0.00
 -87455.500    -1.385     0.00    0.00
 -87166.364    -1.385     0.00    0.00
 -86877.231    -1.385     0.00    0.00
 -86588.102    -1.385     0.00    0.00
 -86298.977    -1.385     0.00    0.00
 -86009.855    -1.385     0.00    0.00
 -85720.736    -1.385     0.00    0.00
 -85431.621    -1.385     0.00    0.00
 -85142.509    -1.385     0.00    0.00
 -84853.400    -1.385     0.00    0.00
 -84564.295    -1.385     0.00    0.00
 -84275.194    -1.385     0.00    0.00
 -83986.095    -1.385     0.00    0.00
 -83697.001    -1.385     0.00    0.00
 -83407.909    -1.385     0.00    0.00
 -83118.821    -1.385     0.00    0.00
 -82829.737    -1.385     0.00    0.00
 -82540.655    -1.385     0.00    0.00
 -82251.578    -1.385     0.00    0.00
 -81962.503    -1.385     0.00    0.00
 -81673.432    -1.385     0.00    0.00
 -81384.365    -1.385     0.00    0.00
 -81095.301    -1.385     0.00    0.00
 -80806.240    -1.385     0.00    0.00
 -80517.182    -1.385     0.00    0.00
 -80228.128    -1.385     0.00    0.00
 -79939.078    -1.385     0.00    0.00
 -79650.031    -1.385     0.00    0.00
 -79360.987    -1.385     0.00    0.00
 -79071.946    -1.385     0.00    0.00
 -78782.909    -1.385     0.00    0.00
 -78493.876    -1.385     0.00    0.00
 -78204.845    -1.385     0.00    0.00
 -77915.818    -1.385     0.00    0.00
 -77626.795    -1.385     0.00    0.00
 -77337.775    -1.385     0.00    0.00
 -77048.758    -1.385     0.00    0.00
 -76759.745    -1.385     0.00    0.00
 -76470.735    -1.385     0.00    0.00
 -76181.728    -1.385     0.00    0.00
 -75892.725    -1.385     0.00    0.00
 -75603.725    -1.385     0.00    0.00
 -75314.729    -1.385     0.00    0.00
 -75025.735    -1.385     0.00    0.00
 -74736.746    -1.385     0.00    0.00
 -74447.759    -1.385     0.00    0.00
 -74158.776    -1.385     0.00    0.00
 -73869.797    -1.385     0.00    0.00
 -73580.820    -1.385     0.00    0.00
 -73291.847    -1.385     0.00    0.00
 -73002.878    -1.385     0.00    0.00
 -72713.912    -1.385     0.00    0.00
 -72424.949    -1.385     0.00    0.00
 -72135.989    -1.385     0.00    0.00
 -71847.033    -1.385     0.00    0.00
 -71558.080    -0.601     2.71    3.84
 -71269.131     3.486    14.15   11.66
 -70980.185     7.209    12.88   14.70
 -70691.242    13.649    22.29   17.12
 -70402.303    18.615    17.19   17.26
 -70113.367    23.683    17.54   15.90
 -69824.434    29.446    19.95   12.07
 -69535.505    32.697    11.25    8.39
 -69246.579    35.695    10.37    2.96
 -68957.656    36.374     2.35    2.88
 -68668.737    37.199     2.85    2.93
 -68379.821    38.240     3.61    2.48
 -68090.908    38.615     1.30    2.19
 -67801.405    39.232     2.13    1.76
 -67511.774    39.465     0.81    1.68
 -67222.147    39.374    -0.32    1.89
 -66932.523    39.008    -1.26    1.96
 -66642.902    38.599    -1.41    1.93
 -66353.284    38.891     1.01    1.78
 -66063.670    39.265     1.29    1.87
 -65774.059    39.549     0.98    1.78
 -65484.451    39.684     0.47    1.95
 -65194.847    39.857     0.60    2.14
 -64905.246    40.029     0.60    2.47
 -64615.649    40.533     1.74    2.58
 -64326.055    40.891     1.24    2.84
 -64036.464    41.032     0.49    3.12
 -63746.877    41.426     1.36    3.16
 -63457.292    42.429     3.46    2.90
 -63167.712    43.164     2.54    2.80
 -62878.134    43.344     0.62    2.90
 -62588.560    42.999    -1.19    3.45
 -62298.989    42.896    -0.35    3.56
 -62009.422    43.477     2.01    4.07
 -61719.858    44.565     3.76    5.13
 -61430.297    45.765     4.14    5.97
 -61140.739    48.019     7.78    7.00
 -60851.185    50.546     8.73    7.40
 -60561.634    54.265    12.84    6.29
 -60272.087    58.019    12.96    7.66
 -59982.542    62.845    16.67   10.56
 -59693.002    68.734    20.34   12.84
 -59403.464    75.999    25.09   18.12
 -59113.930    84.115    28.03   19.83
 -58824.399    93.212    31.42   21.98
 -58534.871   101.565    28.85   23.65
 -58245.347   111.529    34.41   23.06
 -57955.826   118.091    22.66   22.98
 -57666.308   121.156    10.59   23.51
 -57376.794   124.374    11.11   22.48
 -57087.283   127.133     9.53   21.71
 -56797.775   131.529    15.19   18.43
 -56508.270   134.533    10.38   16.15
 -56218.769   138.650    14.22    8.53
 -55929.271   141.242     8.96    4.28
 -55639.777   142.133     3.07    3.29
 -55350.285   142.702     1.97    3.19
 -55060.797   143.212     1.76    2.66
 -54771.313   143.532     1.11    2.17
 -54481.831   143.682     0.52    2.11
 -54192.353   143.808     0.44    2.38
 -53902.878   144.805     3.44    3.01
 -53613.407   145.132     1.13    3.32
 -53323.939   145.915     2.71    3.33
 -53034.474   146.845     3.21    3.30
 -52745.012   147.426     2.01    3.33
 -52455.554   147.865     1.52    3.50
 -52166.098   148.457     2.05    3.68
 -51876.647   148.648     0.66    3.62
 -51587.198   148.717     0.24    4.34
 -51297.753   146.971    -6.03   10.55
 -51008.311   145.378    -5.50   14.90
 -50718.872   145.327    -0.18   16.17
 -50429.437   145.415     0.30   16.14
 -50140.005   149.046    12.55    6.06
 -49850.576   149.535     1.69    5.93
 -49561.150   150.732     4.14    4.31
 -49271.728   149.791    -3.25    5.73
 -48982.309   147.548    -7.75    8.60
 -48692.893   135.960   -40.04   24.06
 -48403.480   128.271   -26.57   26.80
 -48114.071   125.805    -8.52   25.71
 -47824.665   126.849     3.61   26.00
 -47535.262   129.374     8.73   26.43
 -47245.863   134.703    18.41   27.13
 -46956.467   142.535    27.06   24.61
 -46667.074   148.749    21.47   18.69
 -46377.684   154.486    19.83    6.93
 -46088.297   155.949     5.05    1.97
 -45798.914   156.271     1.11    1.92
 -45509.534   156.209    -0.21    1.89
 -45220.158   156.073    -0.47    1.86
 -44930.784   155.882    -0.66    1.96
 -44641.414   155.977     0.33    2.16
 -44352.047   155.598    -1.31    2.32
 -44062.683   155.493    -0.37    2.28
 -43773.323   155.449    -0.15    2.24
 -43483.966   155.353    -0.33    2.04
 -43194.612   155.046    -1.06    2.44
 -42905.261   154.853    -0.67    2.69
 -42615.913   154.065    -2.72    3.73
 -42326.569   152.815    -4.32    4.85
 -42037.228   151.700    -3.85    5.05
 -41747.890   150.782    -3.17    5.17
 -41458.556   149.482    -4.49    5.21
 -41169.224   148.081    -4.84    5.11
 -40879.896   146.382    -5.87    4.91
 -40590.571   144.805    -5.45    5.11
 -40301.250   143.468    -4.62    4.88
 -40011.931   142.699    -2.66    4.64
 -39722.616   142.276    -1.46    4.44
 -39433.304   143.098     2.84    5.14
 -39143.996   145.036     6.70    6.59
 -38854.690   147.255     7.67    7.37
 -38565.388   149.015     6.09    7.29
 -38276.089   150.744     5.98    7.11
 -37986.793   152.064     4.56    6.85
 -37697.500   152.202     0.48    6.54
 -37408.211   152.734     1.84    6.72
 -37118.924   153.012     0.96    6.90
 -36829.641   154.156     3.96    6.48
 -36540.362   155.115     3.32    5.92
 -36251.085   156.426     4.53    5.02
 -35961.812   156.771     1.19    4.58
 -35672.542   156.299    -1.63    4.69
 -35383.275   155.796    -1.74    4.76
 -35094.011   155.115    -2.35    5.51
 -34804.750   155.015    -0.35    5.78
 -34515.493   154.563    -1.56    5.69
 -34226.239   154.512    -0.18    5.60
 -33936.988   153.849    -2.29    5.43
 -33647.740   153.480    -1.28    5.14
 -33358.496   153.747     0.92    4.81
 -33069.254   153.019    -2.52    4.12
 -32780.016   152.415    -2.09    3.63
 -32490.781   152.081    -1.16    3.06
 -32201.549   152.164     0.29    3.06
 -31912.321   152.715     1.91    3.45
 -31623.095   152.982     0.92    3.40
 -31333.873   150.788    -7.59   12.89
 -31044.654   147.335   -11.94   20.23
 -30755.438   146.215    -3.87   22.41
 -30466.225   142.802   -11.80   25.99
 -30177.016   141.583    -4.21   26.87
 -29887.810   141.799     0.75   25.89
 -29598.607   147.133    18.45   16.71
 -29309.407   149.870     9.46    7.16
 -29020.210   150.667     2.76    2.93
 -28731.016   149.861    -2.79    3.13
 -28441.826   148.719    -3.95    3.10
 -28152.639   147.253    -5.07    2.80
 -27863.455   146.322    -3.22    2.13
 -27574.274   145.819    -1.74    1.82
 -27285.096   145.749    -0.24    1.86
 -26995.921   145.839     0.31    1.87
 -26706.750   145.699    -0.49    1.97
 -26417.582   145.633    -0.23    2.16
 -26128.417   146.012     1.31    2.35
 -25839.255   147.032     3.53    2.71
 -25550.096   147.937     3.13    3.22
 -25260.940   148.632     2.40    3.42
 -24971.788   149.669     3.59    3.83
 -24682.639   150.649     3.39    3.75
 -24393.492   151.738     3.77    3.13
 -24104.349   152.519     2.70    2.40
 -23815.210   153.124     2.09    2.46
 -23526.073   153.702     2.00    2.20
 -23236.939   154.412     2.46    3.01
 -22947.809   153.422    -3.42    8.40
 -22658.682   149.099   -14.95   17.45
 -22369.558   140.515   -29.69   25.09
 -22080.437   129.894   -36.74   31.90
 -21791.319   116.365   -46.79   34.43
 -21502.204   104.528   -40.94   34.72
 -21213.093    87.988   -57.21   36.74
 -20923.984    69.098   -65.34   38.67
 -20634.879    54.932   -49.00   35.16
 -20345.777    41.819   -45.36   31.52
 -20056.678    30.514   -39.10   24.59
 -19767.582    24.098   -22.19   17.92
 -19478.490    18.808   -18.30   10.47
 -19189.400    16.315    -8.62    5.12
 -18900.314    16.382     0.23    5.00
 -18611.230    15.878    -1.74    5.39
 -18322.150    14.327    -5.36    5.66
 -18033.073    12.460    -6.46    5.51
 -17743.999    10.451    -6.95    5.87
 -17454.928     7.853    -8.99    6.15
 -17165.861     6.451    -4.85    5.86
 -16876.796     5.443    -3.49    5.39
 -16587.735     5.564     0.42    5.42
 -16298.676     5.408    -0.54    4.72
 -16009.621     5.249    -0.55    3.97
 -15720.569     5.222    -0.09    4.01
 -15431.520     4.943    -0.97    4.10
 -15142.474     3.734    -4.18    3.62
 -14853.431     2.865    -3.01    3.39
 -14564.392     2.056    -2.80    2.79
 -14275.355     1.182    -3.02    1.54
 -13986.322     1.199     0.06    1.46
 -13697.291     1.271     0.25    1.34
 -13408.264     1.457     0.64    1.32
 -13119.240     1.315    -0.49    1.39
 -12830.219     1.408     0.32    1.80
 -12541.201     2.131     2.50    2.92
 -12252.186     3.124     3.43    3.95
 -11963.175     3.582     1.59    4.00
 -11674.166     4.446     2.99    4.50
 -11385.160     5.437     3.43    4.88
 -11096.158     6.107     2.32    4.75
 -10807.159     6.785     2.34    4.43
 -10518.162     7.730     3.27    4.28
 -10229.169     8.412     2.36    3.75
  -9940.179     8.972     1.94    3.01
  -9651.192     9.349     1.30    2.28
  -9362.208     9.391     0.15    1.89
  -9073.228     9.615     0.78    1.70
  -8784.250     9.667     0.18    1.90
  -8495.275     8.615    -3.64    3.35
  -8206.304     7.339    -4.42    4.40
  -7917.335     5.344    -6.91    5.08
  -7628.370     3.665    -5.81    4.91
  -7339.407     2.202    -5.07    4.45
  -7050.448     0.665    -5.32    2.91
  -6761.492    -0.081    -2.58    1.11
  -6472.539    -0.092    -0.04    1.09
  -6183.589     1.215     4.52    3.78
  -5894.642     2.310     3.79    4.90
  -5605.309     3.583     4.40    5.62
  -5315.705     4.990     4.86    6.30
  -5026.105     6.115     3.88    6.31
  -4736.507     7.247     3.91    6.30
  -4446.912     7.841     2.05    6.01
  -4157.321     6.992    -2.93    5.84
  -3867.732     5.753    -4.28    6.10
  -3578.147     4.249    -5.20    6.03
  -3288.564     2.721    -5.28    5.25
  -2998.985     1.932    -2.72    4.73
  -2709.409     0.799    -3.91    3.36
  -2419.835    -0.368    -4.03    0.29
  -2130.265    -0.232     0.47    0.69
  -1840.698    -0.174     0.20    0.77
  -1551.134    -0.051     0.42    0.95
  -1261.573     0.012     0.22    0.99
   -972.016     0.265     0.88    1.27
   -682.461     0.449     0.63    1.67
   -392.909     0.480     0.11    1.89
   -103.360     0.667     0.65    2.39
    186.185     0.702     0.12    2.56
    475.728     0.927     0.78    3.03
    765.267     0.463    -1.60    2.59
   1054.804     0.632     0.58    2.82
   1344.337     0.857     0.78    3.22
   1633.867     1.090     0.81    3.66
   1923.395     2.419     4.59    5.43
   2212.919     4.132     5.92    6.62
   2502.440     5.796     5.75    7.35
   2791.958     7.686     6.53    7.63
   3081.473     8.564     3.03    7.64
   3370.985     8.415    -0.51    7.73
   3660.494     8.293    -0.42    8.07
   3950.000     7.865    -1.48    7.80
   4239.503     7.115    -2.59    7.73
   4529.003     5.242    -6.47    6.91
   4818.500     4.247    -3.44    6.77
   5107.994     2.882    -4.71    5.77
   5397.485     1.960    -3.19    4.49
   5686.972     1.361    -2.07    3.71
   5976.457     1.032    -1.14    3.02
   6265.939     0.982    -0.17    3.05
   6555.417     0.971    -0.04    2.89
   6844.893     0.512    -1.59    1.93
   7134.366     0.337    -0.61    1.51
   7423.835     0.415     0.27    1.47
   7713.302     0.477     0.21    1.41
   8002.765     0.565     0.30    1.37
   8292.226     0.598     0.12    1.21
   8581.683     0.849     0.87    1.32
   8871.138     1.065     0.75    1.49
   9160.589     1.480     1.43    1.60
   9450.038     1.960     1.66    2.07
   9739.483     2.150     0.66    2.10
  10028.926     2.779     2.17    3.24
  10318.365     4.449     5.77    6.68
  10607.802     5.761     4.53    8.65
  10897.235     6.949     4.11    9.45
  11186.665     7.460     1.77    9.77
  11476.093     7.920     1.59    9.79
  11765.517     7.512    -1.41    9.35
  12054.938     6.091    -4.91    8.00
  12344.357     4.064    -7.00    3.60
  12633.772     4.202     0.48    2.73
  12923.185     4.943     2.56    3.35
  13212.594     6.049     3.82    4.18
  13502.000     7.042     3.43    6.02
  13791.404     7.736     2.40    7.95
  14080.804    11.849    14.21   14.55
  14370.201    12.529     2.35   14.67
  14659.596    13.184     2.26   14.24
  14948.987    12.549    -2.20   12.71
  15238.376    12.293    -0.88   10.74
  15527.761    13.238     3.27    8.69
  15817.144    13.510     0.94    7.89
  16106.523    15.149     5.66    7.79
  16395.900    16.012     2.98    7.86
  16685.273    17.664     5.71    8.75
  16974.644    19.665     6.92    9.23
  17264.011    19.949     0.98    8.87
  17553.376    19.977     0.10    8.64
  17842.737    20.686     2.45    8.54
  18132.096    21.132     1.54    7.70
  18421.451    20.887    -0.85    6.16
  18710.804    21.777     3.08    6.03
  19000.154    22.649     3.01    5.83
  19289.501    22.972     1.12    4.41
  19578.844    24.192     4.21    4.47
  19868.185    24.805     2.12    4.21
  20157.523    26.222     4.90    4.27
  20446.858    27.288     3.68    4.31
  20736.190    28.995     5.90    4.18
  21025.519    30.581     5.48    4.48
  21314.845    32.141     5.39    4.54
  21604.168    32.565     1.47    4.34
  21893.488    32.650     0.29    4.61
  22182.805    31.882    -2.65    5.52
  22472.119    30.562    -4.56    6.00
  22761.430    28.322    -7.74    7.35
  23050.738    26.099    -7.69    7.83
  23340.044    24.022    -7.18    7.44
  23629.346    21.665    -8.15    7.13
  23918.645    19.687    -6.84    6.22
  24207.942    18.219    -5.07    5.06
  24497.235    18.107    -0.39    4.82
  24786.526    18.067    -0.14    4.41
  25075.813    18.631     1.95    3.69
  25365.098    18.512    -0.41    3.33
  25654.380    18.682     0.59    3.71
  25943.658    20.264     5.47    4.80
  26232.934    21.074     2.80    5.11
  26522.207    22.282     4.17    5.18
  26811.477    23.349     3.69    5.16
  27100.744    24.802     5.02    5.46
  27390.008    25.650     2.93    5.81
  27679.269    25.732     0.28    5.74
  27968.528    26.167     1.50    5.58
  28257.783    27.632     5.07    6.41
  28547.035    31.532    13.48    9.87
  28836.285    36.836    18.34   12.37
  29125.531    41.857    17.36   14.86
  29414.775    49.633    26.88   15.80
  29704.015    56.960    25.33   14.97
  29993.253    62.175    18.03   14.02
  30282.488    63.992     6.28   12.76
  30571.720    65.219     4.24   12.22
  30860.949    64.564    -2.27   12.52
  31150.175    64.206    -1.24   11.96
  31439.398    63.799    -1.41   11.39
  31728.618    65.149     4.67   13.69
  32017.836    72.335    24.85   22.34
  32307.050    81.374    31.25   24.13
  32596.262    85.158    13.08   23.25
  32885.470    82.548    -9.03   23.93
  33174.676    80.927    -5.60   24.38
  33463.879    76.512   -15.27   23.70
  33753.079    67.022   -32.81   18.39
  34042.276    63.312   -12.83   13.97
  34331.470    61.717    -5.51   18.05
  34620.661    59.681    -7.04   19.14
  34909.849    58.259    -4.92   21.32
  35199.035    54.965   -11.39   22.73
  35488.217    48.960   -20.77   18.28
  35777.397    42.666   -21.76   14.99
  36066.574    36.443   -21.52    9.66
  36355.747    34.165    -7.88    8.52
  36644.918    32.451    -5.93    7.35
  36934.086    31.703    -2.59    6.40
  37223.251    31.632    -0.25    6.36
  37512.414    30.097    -5.31    6.55
  37801.573    29.438    -2.28    7.65
  38090.730    28.682    -2.61    8.02
  38379.883    26.982    -5.88    7.11
  38669.034    26.926    -0.19    7.15
  38958.182    26.580    -1.19    7.02
  39247.327    26.532    -0.17    6.89
  39536.469    27.531     3.45    5.75
  39825.608    27.986     1.58    5.63
  40114.744    28.736     2.59    5.85
  40403.878    28.995     0.89    5.70
  40693.008    28.236    -2.62    5.25
  40982.136    28.581     1.19    5.17
  41271.261    29.730     3.97    5.67
  41560.383    31.288     5.39    6.17
  41849.502    33.150     6.44    6.37
  42138.618    34.719     5.43    6.47
  42427.732    36.615     6.56    5.72
  42716.842    38.164     5.36    6.25
  43005.950    40.361     7.60    6.42
  43295.055    42.429     7.15    7.59
  43584.157    43.426     3.45    7.83
  43873.256    45.391     6.80    9.33
  44162.352    48.032     9.13    9.65
  44451.445    50.999    10.26   11.89
  44740.536    53.341     8.10   12.62
  45029.624    54.822     5.12   12.66
  45318.708    60.549    19.81   15.80
  45607.790    65.843    18.32   19.92
  45896.869    68.999    10.91   21.99
  46185.946    76.463    25.82   27.35
  46475.019    80.039    12.37   29.46
  46764.090    82.107     7.15   31.01
  47053.157    79.399    -9.37   32.26
  47342.222    77.115    -7.90   31.72
  47631.284    75.564    -5.37   30.03
  47920.344    73.582    -6.86   28.42
  48209.400    70.999    -8.94   23.40
  48498.453    71.071     0.25   23.89
  48787.504    73.497     8.39   26.54
  49076.552    79.202    19.74   26.76
  49365.597    81.165     6.79   27.90
  49654.639    81.349     0.63   26.53
  49943.679    83.446     7.26   24.77
  50232.715    89.253    20.09   24.65
  50521.749    95.457    21.47   24.17
  50810.780    99.812    15.07   23.96
  51099.808   108.849    31.27   28.65
  51388.833   114.841    20.73   30.99
  51677.855   122.012    24.81   29.79
  51966.875   125.064    10.56   30.35
  52255.892   121.971   -10.70   33.82
  52544.906   122.271     1.04   37.76
  52833.917   118.402   -13.38   39.34
  53122.925   111.253   -24.74   38.57
  53411.931    99.271   -41.46   36.36
  53700.933    95.357   -13.54   34.23
  53989.933    95.482     0.43   30.49
  54278.930   101.927    22.30   34.91
  54567.925   108.633    23.20   40.31
  54856.916   113.682    17.47   42.66
  55145.905   119.317    19.50   41.77
  55434.891   129.288    34.50   38.37
  55723.874   136.960    26.55   36.06
  56012.854   138.751     6.20   34.19
  56301.831   133.373   -18.61   34.65
  56591.021   128.133   -18.12   33.78
  56880.602   120.765   -25.44   33.64
  57170.181   112.684   -27.91   31.39
  57459.757   106.051   -22.91   27.84
  57749.330   101.943   -14.18   23.97
  58038.900   105.715    13.03   32.24
  58328.467   115.836    34.95   43.74
  58618.032   127.258    39.45   47.00
  58907.594   137.255    34.52   49.64
  59197.153   150.480    45.67   48.23
  59486.709   157.714    24.98   45.96
  59776.263   162.632    16.99   43.68
  60065.813   166.115    12.03   39.96
  60355.361   170.665    15.71   35.12
  60644.906   173.115     8.46   29.87
  60934.448   175.451     8.07   26.10
  61223.988   177.870     8.35   23.51
  61513.524   181.288    11.81   19.21
  61803.058   181.908     2.14   16.99
  62092.589   178.891   -10.42   17.10
  62382.118   177.501    -4.80   17.04
  62671.643   177.305    -0.68   17.77
  62961.166   178.482     4.07   16.50
  63250.686   176.374    -7.28   14.71
  63540.203   177.107     2.53   15.49
  63829.718   175.878    -4.25   15.56
  64119.229   174.215    -5.74   15.41
  64408.738   171.747    -8.53   15.77
  64698.244   167.650   -14.15   16.46
  64987.747   163.926   -12.87   18.62
  65277.248   160.098   -13.22   17.82
  65566.746   154.665   -18.77   16.56
  65856.240   153.337    -4.59   17.24
  66145.733   153.167    -0.59   18.70
  66435.222   155.732     8.86   21.06
  66724.709   158.405     9.23   20.06
  67014.193   161.763    11.60   20.73
  67303.674   162.463     2.42   20.28
  67593.152   159.480   -10.30   22.14
  67882.628   148.903   -36.54   29.34
  68172.101   139.699   -31.80   33.48
  68461.571   128.582   -38.40   32.75
  68751.038   119.408   -31.69   29.66
  69040.503   115.697   -12.82   26.50
  69329.964   108.065   -26.37   16.25
  69619.423   109.247     4.08   15.80
  69908.880   112.039     9.65   17.13
  70198.333   118.150    21.11   20.46
  70487.784   123.189    17.41   19.33
  70777.232   130.615    25.66   17.05
  71066.677   133.199     8.93   16.68
  71356.120   134.771     5.43   15.85
  71645.560   136.089     4.56   15.73
  71934.997   137.910     6.29   15.45
  72224.431   137.982     0.25   14.46
  72513.863   140.353     8.19   16.03
  72803.292   147.405    24.36   16.25
  73092.718   153.822    22.17   16.96
  73382.141   159.049    18.06   17.90
  73671.562   163.327    14.78   18.59
  73960.980   164.615     4.45   18.16
  74250.395   164.046    -1.97   20.79
  74539.807   159.822   -14.60   22.98
  74829.217   156.650   -10.96   23.04
  75118.624   152.386   -14.73   21.57
  75408.028   154.099     5.92   24.25
  75697.430   154.615     1.79   25.84
  75986.829   161.715    24.53   33.04
  76276.225   162.455     2.55   32.70
  76565.618   167.887    18.77   32.81
  76855.009   170.141     7.79   28.06
  77144.397   168.949    -4.12   26.22
  77433.782   165.255   -12.76   23.77
  77723.164   163.861    -4.82   24.05
  78012.544   159.015   -16.74   22.15
  78301.921   150.771   -28.49   19.46
  78591.296   148.927    -6.37   18.78
  78880.667   148.899    -0.10   17.38
  79170.036   149.056     0.54   18.55
  79459.402   154.581    19.09   20.02
  79748.766   156.722     7.40   19.62
  80038.127   157.965     4.30   21.71
  80327.485   159.015     3.63   22.53
  80616.840   158.882    -0.46   21.72
  80906.193   157.495    -4.79   22.55
  81195.543   155.419    -7.17   20.77
  81484.890   156.915     5.17   21.32
  81774.235   162.115    17.97   23.49
  82063.576   169.332    24.94   26.35
  82352.916   176.836    25.93   28.01
  82642.252   185.202    28.91   28.21
  82931.586   190.857    19.55   29.20
  83220.917   198.960    28.01   26.70
  83510.245   208.287    32.24   30.44
  83799.571   216.167    27.23   30.28
  84088.894   223.365    24.88   34.42
  84378.215   229.205    20.18   32.68
  84667.532   236.887    26.55   36.80
  84956.847   241.744    16.79   38.56
  85246.160   250.632    30.72   42.28
  85535.469   259.599    30.99   47.04
  85824.776   271.054    39.59   48.85
  86114.080   283.943    44.55   46.66
  86403.382   294.399    36.14   39.99
  86692.681   299.015    15.96   36.37
  86981.977   295.228   -13.09   38.96
  87271.271   287.391   -27.09   41.97
  87560.562   275.549   -40.94   38.41
  87849.850   260.054   -53.56   34.40
  88139.135   247.812   -42.32   33.69
  88428.418   234.209   -47.02   33.55
  88717.698   225.158   -31.29   33.19
  89006.976   218.988   -21.33   31.04
  89296.251   212.891   -21.08   23.58
  89585.523   216.265    11.66   27.90
  89874.793   223.460    24.87   32.45
  90164.059   230.244    23.45   31.10
  90453.324   239.999    33.72   28.22
  90742.585   245.493    18.99   25.02
  91031.844   248.768    11.32   26.91
  91321.100   249.512     2.57   26.21
  91610.354   255.779    21.67   32.33
  91899.605   261.288    19.04   32.64
  92188.853   272.532    38.87   33.58
  92478.099   280.857    28.78   33.31
  92767.342   287.808    24.03   33.95
  93056.582   297.107    32.15   30.37
  93345.820   300.432    11.50   29.26
  93635.055   300.189    -0.84   27.85
  93924.288   298.054    -7.38   26.75
  94213.517   293.081   -17.19   23.36
  94502.744   290.515    -8.87   17.69
  94791.969   291.771     4.34   16.26
  95081.191   300.697    30.86   28.63
  95370.410   312.167    39.66   35.64
  95659.627   324.391    42.27   35.57
  95948.841   331.236    23.67   36.77
  96238.052   333.648     8.34   41.95
  96527.261   329.468   -14.45   44.60
  96816.467   324.357   -17.67   43.66
  97105.670   315.049   -32.18   37.04
  97394.871   307.472   -26.20   27.63
  97684.069   305.056    -8.36   22.22
  97973.265   307.768     9.38   22.35
  98262.458   314.499    23.27   25.23
  98551.648   318.369    13.38   24.32
  98840.836   318.352    -0.06   25.76
  99130.021   311.899   -22.32   32.00
  99419.203   301.753   -35.08   36.76
  99708.383   293.696   -27.86   35.29
  99997.560   288.749   -17.11   35.67
 100286.735   283.056   -19.69   30.61
 100575.907   290.443    25.54   39.73
 100865.076   300.972    36.41   44.74
 101154.243   307.927    24.05   42.88
 101443.407   321.920    48.39   45.74
 101732.568   340.332    63.67   54.32
 102021.727   352.908    43.49   63.15
 102310.884   371.812    65.37   67.34
 102600.037   394.915    79.90   74.61
 102889.189   426.391   108.85   66.77
 103178.337   442.082    54.26   53.95
 103467.483   447.598    19.08   47.38
 103756.626   438.236   -32.38   51.78
 104045.767   424.874   -46.21   51.77
 104334.905   408.753   -55.75   50.90
 104624.041   386.681   -76.34   38.62
 104913.174   371.150   -53.72   30.54
 105202.304   358.632   -43.29   23.20
 105491.432   350.966   -26.51   20.09
 105780.557   344.005   -24.08   15.84
 106069.680   336.714   -25.22   16.26
 106358.799   327.615   -31.47   15.94
 106647.917   320.501   -24.61   19.62
 106937.032   315.422   -17.56   20.81
 107226.144   312.322   -10.72   21.22
 107515.254   307.259   -17.51   20.63
 107804.361   306.815    -1.54   21.11
 108093.465   306.566    -0.86   22.40
 108382.567   302.995   -12.35   23.17
 108671.666   303.082     0.30   23.22
 108960.763   302.202    -3.05   24.01
 109249.857   300.999    -4.16   24.36
 109538.949   300.765    -0.81   23.00
 109828.038   294.666   -21.10   22.36
 110117.124   291.965    -9.34   22.63
 110406.208   286.649   -18.39   22.72
 110695.290   284.378    -7.86   23.86
 110984.368   278.236   -21.25   24.48
 111273.445   274.369   -13.38   26.15
 111562.518   266.549   -27.05   26.50
 111851.589   261.317   -18.10   23.95
 112140.658   260.242    -3.72   23.70
 112429.724   260.753     1.77   22.62
 112718.787   265.965    18.03   23.38
 113007.848   269.937    13.74   22.19
 113296.906   273.615    12.72   21.85
 113585.962   280.339    23.26   21.41
 113875.015   284.791    15.40   18.69
 114164.066   287.293     8.66   18.02
 114453.114   290.765    12.01   17.25
 114742.160   294.712    13.65   17.21
 115031.203   296.891     7.54   16.29
 115320.243   299.477     8.95   14.78
 115609.281   301.150     5.79   14.97
 115898.316   306.150    17.30   16.85
 116187.349   311.402    18.17   16.88
 116476.379   316.495    17.62   17.96
 116765.407   321.960    18.91   18.17
 117054.432   329.098    24.70   21.33
 117343.455   337.357    28.57   24.86
 117632.475   340.922    12.33   29.77
 117921.492   342.192     4.39   30.52
 118210.507   342.361     0.59   30.56
 118499.520   341.194    -4.04   32.16
 118788.597   339.960    -4.27   32.50
 119078.151   334.765   -17.94   29.31
 119367.703   334.882     0.40   24.33
 119657.252   336.422     5.32   23.61
 119946.799   340.080    12.63   25.13
 120236.343   347.765    26.54   29.06
 120525.884   351.352    12.39   32.00
 120815.423   351.796     1.53   33.78
 121104.960   348.149   -12.60   36.16
 121394.494   340.995   -24.71   35.10
 121684.026   329.039   -41.29   33.07
 121973.554   316.990   -41.61   29.58
 122263.081   308.632   -28.87   25.57
 122552.605   299.310   -32.20   23.49
 122842.126   293.051   -21.62   21.14
 123131.645   288.065   -17.22   14.18
 123421.161   288.151     0.30   12.82
 123710.675   293.158    17.29   16.09
 124000.187   304.150    37.97   26.36
 124289.695   322.845    64.57   46.98
 124579.202   344.514    74.85   68.18
 124868.705   369.615    86.70   83.54
 125158.207   384.236    50.50   84.71
 125447.705   400.822    57.29   79.75
 125737.202   413.058    42.26   76.55
 126026.695   416.908    13.30   68.15
 126316.187   422.432    19.08   61.80
 126605.675   426.667    14.63   62.03
 126895.161   436.344    33.43   62.15
 127184.645   450.747    49.75   57.65
 127474.126   464.265    46.70   59.88
 127763.605   488.149    82.50   69.86
 128053.081   514.370    90.58   64.43
 128342.555   531.908    60.59   61.60
 128632.026   542.515    36.64   56.19
 128921.495   554.158    40.22   48.94
 129210.961   568.349    49.02   28.13
 129500.425   570.133     6.16   21.14
 129789.886   563.293   -23.63   14.72
 130079.345   558.633   -16.10   27.15
 130368.801   548.199   -36.05   35.73
 130658.255   531.949   -56.14   42.11
 130947.706   516.202   -54.40   45.36
 131237.155   496.665   -67.49   45.13
 131526.601   481.832   -51.25   38.44
 131816.045   469.836   -41.45   28.21
 132105.486   465.327   -15.58   30.36
 132394.925   465.192    -0.47   33.01
 132684.361   471.515    21.85   37.30
 132973.795   481.387    34.11   43.40
 133263.227   492.999    40.12   48.74
 133552.656   512.943    68.91   45.92
 133842.082   524.140    38.69   40.37
 134131.506   530.615    22.37   41.10
 134420.928   533.734    10.78   41.88
 134710.347   533.684    -0.17   40.48
 134999.763   534.615     3.22   38.56
 135289.177   539.042    15.29   39.23
 135578.589   543.315    14.77   39.48
 135867.998   549.486    21.32   42.10
 136157.405   553.361    13.39   44.33
 136446.809   564.857    39.72   44.75
 136736.211   570.282    18.75   49.27
 137025.610   578.184    27.31   45.32
 137315.007   576.697    -5.14   46.39
 137604.402   571.339   -18.51   49.38
 137893.794   560.012   -39.14   52.53
 138183.183   549.012   -38.01   53.32
 138472.570   536.209   -44.24   45.40
 138761.955   530.682   -19.10   42.29
 139051.337   535.253    15.80   43.99
 139340.717   535.582     1.14   51.04
 139630.094   532.883    -9.33   56.49
 139919.469   534.288     4.85   65.98
 140208.841   536.533     7.76   80.84
 140498.211   548.853    42.57   98.10
 140787.579   569.484    71.30  112.53
 141076.944   588.794    66.73  112.39
 141366.306   612.081    80.47  111.31
 141655.666   640.699    98.90   92.44
 141945.024   656.382    54.20   77.49
 142234.379   646.244   -35.03   82.08
 142523.732   634.874   -39.30   87.78
 142813.083   605.065  -103.02  100.66
 143102.431   572.955  -110.97  109.62
 143391.776   527.255  -157.94  113.56
 143681.119   479.649  -164.53  102.60
 143970.460   440.412  -135.61   79.14
 144259.798   402.202  -132.06   47.61
 144549.134   382.001   -69.81   28.30
 144838.468   373.682   -28.75   20.79
 145127.799   364.874   -30.44   12.15
 145417.127   360.468   -15.23    9.56
 145706.453   358.815    -5.71    9.44
 145995.777   361.194     8.22   18.03
 146285.098   368.908    26.66   28.15
 146574.417   375.926    24.25   32.32
 146863.734   378.812     9.98   31.41
 147153.048   382.029    11.12   30.39
 147442.360   384.666     9.11   30.53
 147731.669   389.857    17.94   34.25
 148020.976   391.352     5.17   36.03
 148310.280   391.309    -0.15   35.02
 148599.582   391.132    -0.61   34.49
 148888.882   390.763    -1.28   32.66
 149178.179   385.282   -18.95   25.19
 149467.474   382.184   -10.71   21.11
 149756.766   380.115    -7.15   17.72
 150046.056   378.514    -5.54   15.10
 150335.344   378.182    -1.15   14.63
 150624.629   380.702     8.71   15.06
 150913.912   380.357    -1.19   15.15
 151203.192   378.874    -5.13   15.31
 151492.470   375.451   -11.83   15.81
 151781.746   371.932   -12.17   16.42
 152071.019   367.926   -13.85   16.25
 152360.290   361.429   -22.46   13.46
 152649.559   357.493   -13.61    9.32
 152938.825   354.853    -9.13    3.92
 153228.088   354.482    -1.28    2.94
 153517.350   355.149     2.30    3.77
 153806.609   355.533     1.33    3.56
 154095.865   356.194     2.28    4.00
 154385.119   356.382     0.65    3.89
 154674.371   356.771     1.34    4.27
 154963.620   358.419     5.70    6.44
 155252.867   361.976    12.30   11.81
 155542.112   370.632    29.93   25.15
 155831.354   384.081    46.49   38.74
 156120.594   394.847    37.22   40.47
 156409.832   400.304    18.86   37.23
 156699.067   413.915    47.06   37.97
 156988.300   428.965    52.03   40.95
 157277.530   440.529    39.98   42.67
 157566.758   443.151     9.07   41.36
 157855.984   441.432    -5.94   41.40
 158145.207   440.167    -4.37   39.99
 158434.428   432.399   -26.86   40.64
 158723.647   421.632   -37.23   38.29
 159012.863   405.322   -56.39   29.23
 159302.077   399.581   -19.85   26.30
 159591.288   395.046   -15.68   24.88
 159880.498   390.599   -15.38   25.04
 160169.704   384.391   -21.46   22.82
 160458.909   381.382   -10.40   22.25
 160748.111   377.926   -11.95   21.14
 161037.311   374.107   -13.20   22.26
 161326.508   370.728   -11.68   23.42
 161615.703   362.665   -27.88   17.54
 161904.896   355.025   -26.42   13.00
 162194.086   350.598   -15.31   10.67
 162483.274   347.081   -12.16    9.18
 162772.460   347.799     2.48   10.85
 163061.643   352.065    14.75   17.08
 163350.824   358.566    22.48   24.93
 163640.003   367.219    29.92   30.17
 163929.179   376.549    32.26   29.86
 164218.353   385.071    29.47   29.70
 164507.525   390.282    18.02   27.77
 164796.694   395.332    17.46   27.65
 165085.861   399.805    15.47   27.00
 165375.026   398.293    -5.23   25.41
 165664.188   393.865   -15.31   26.79
 165953.348   387.149   -23.23   28.93
 166242.505   376.650   -36.31   33.40
 166531.661   364.365   -42.48   34.97
 166820.814   348.782   -53.89   29.98
 167109.964   334.650   -48.87   21.87
 167399.113   323.782   -37.59   19.28
 167688.259   313.374   -35.99   16.34
 167977.403   308.782   -15.88   12.59
 168266.544   309.565     2.71   12.85
 168555.683   311.378     6.27   14.33
 168844.820   314.029     9.17   15.48
 169133.954   317.475    11.92   13.52
 169423.086   318.845     4.74   11.39
 169712.216   320.615     6.12    8.83
 170001.344   319.910    -2.44    9.21
 170290.469   319.242    -2.31    9.80
 170579.592   321.236     6.90   12.31
 170868.712   323.449     7.65   13.51
 171157.831   326.926    12.03   12.18
 171446.946   328.992     7.15   11.46
 171736.060   328.046    -3.27   12.39
 172025.171   326.426    -5.61   13.77
 172314.281   325.908    -1.79   13.28
 172603.387   325.408    -1.73   13.48
 172892.492   326.199     2.73   12.80
 173181.594   327.477     4.42   13.27
 173470.694   330.249     9.59   13.18
 173759.791   334.276    13.93   10.79
 174048.887   336.736     8.51    7.67
 174337.980   338.215     5.12    7.06
 174627.070   337.259    -3.31    7.78
 174916.159   334.910    -8.13    8.69
 175205.245   332.437    -8.56    9.43
 175494.329   329.443   -10.36    8.71
 175783.410   326.327   -10.78    8.13
 176072.489   323.449    -9.96    7.49
 176361.566   319.922   -12.20    7.35
 176650.641   316.512   -11.80    9.44
 176939.714   309.282   -25.01   14.73
 177228.784   300.159   -31.56   19.73
 177517.852   288.910   -38.91   25.75
 177806.917   276.299   -43.63   29.07
 178095.981   263.971   -42.64   29.22
 178385.042   249.382   -50.47   26.55
 178674.100   236.544   -44.41   19.44
 178963.157   228.865   -26.56   13.88
 179252.211   224.650   -14.58   10.57
 179541.263   223.042    -5.56   12.56
 179830.313   220.582    -8.51   13.55
 180119.360   220.528    -0.19   14.72
 180408.405   221.908     4.78   17.21
 180697.448   218.598   -11.45   19.49
 180986.489   213.315   -18.28   20.77
 181275.965   207.887   -18.75   22.05
 181565.493   202.598   -18.26   22.15
 181855.019   197.271   -18.40   20.02
 182144.542   192.597   -16.14   15.93
 182434.063   188.065   -15.65    5.50
 182723.582   187.165    -3.11    5.11
 183013.099   186.970    -0.67    5.03
 183302.613   188.008     3.59    6.23
 183592.125   190.339     8.05    7.72
 183881.635   193.480    10.85   10.71
 184171.143   198.150    16.13   12.76
 184460.648   205.206    24.37   16.11
 184750.151   212.305    24.52   16.88
 185039.652   218.822    22.51   16.88
 185329.150   221.150     8.04   16.35
 185618.646   221.215     0.23   16.92
 185908.140   217.779   -11.87   17.31
 186197.632   212.995   -16.53   18.43
 186487.122   205.899   -24.51   16.93
 186776.609   200.205   -19.67   13.25
 187066.094   197.141   -10.58    9.22
 187355.577   197.049    -0.32    8.56
 187645.057   197.732     2.36    8.83
 187934.536   198.035     1.05    8.77
 188224.012   201.169    10.83   11.19
 188513.486   207.073    20.40   16.75
 188802.957   216.546    32.73   26.03
 189092.427   215.696    -2.94   29.11
 189381.894   214.938    -2.62   30.09
 189671.359   214.633    -1.05   31.38
 189960.822   213.039    -5.50   32.32
 190250.282   204.347   -30.03   28.21
 190539.740   195.712   -29.83   16.42
 190829.196   191.282   -15.30    3.04
 191118.650   191.382     0.35    2.94
 191408.102   191.891     1.76    2.93
 191697.551   193.194     4.50    3.95
 191986.998   195.249     7.10    7.06
 192276.443   198.271    10.44    8.59
 192565.886   200.140     6.46    8.17
 192855.326   201.836     5.86    7.36
 193144.764   203.322     5.14    6.07
 193434.200   203.702     1.31    5.69
 193723.634   203.012    -2.38    5.43
 194013.066   201.648    -4.71    3.66
 194302.495   201.012    -2.20    2.05
 194591.922   201.029     0.06    2.11
 194881.347   203.408     8.22    9.08
 195170.770   205.719     7.98   10.32
 195460.191   211.390    19.59   19.59
 195749.609   217.581    21.39   24.15
 196039.025   220.499    10.08   24.04
 196328.439   222.071     5.43   24.00
 196617.851   221.650    -1.46   24.24
 196907.260   217.665   -13.77   24.73
 197196.668   212.920   -16.39   23.52
 197486.073   205.765   -24.72   17.46
 197775.476   198.812   -24.03    5.47
 198064.877   198.512    -1.04    6.98
 198354.275   199.115     2.09    8.34
 198643.672   199.215     0.35    8.56
 198933.066   198.107    -3.83    9.25
 199222.458   197.167    -3.25    9.66
 199511.848   196.022    -3.96   11.52
 199801.235   194.908    -3.85   13.21
 200090.621   196.382     5.09   24.69
 200380.004   194.415    -6.80   25.94
 200669.385   189.899   -15.61   21.27
 200958.764   186.344   -12.28   16.47
 201248.141   185.046    -4.48   16.24
 201537.515   181.615   -11.86   10.86
 201826.888   178.839    -9.59    7.02
 202116.258   176.699    -7.40    4.14
 202405.626   175.149    -5.36    3.78
 202694.992   173.686    -5.06    3.79
 202984.355   172.426    -4.35    3.91
 203273.717   171.151    -4.40    3.75
 203563.076   170.715    -1.51    4.06
 203852.433   170.480    -0.81    3.96
 204141.788   169.965    -1.78    3.76
 204431.141   169.995     0.10    4.04
 204720.492   170.089     0.33    4.02
 205009.840   170.099     0.03    3.92
 205299.187   169.182    -3.17    3.99
 205588.531   168.992    -0.66    3.95
 205877.873   169.633     2.21    3.89
 206167.213   170.081     1.55    3.78
 206456.551   170.633     1.91    3.72
 206745.886   171.408     2.68    3.66
 207035.219   171.779     1.28    3.40
 207324.551   171.943     0.57    3.57
 207613.880   171.667    -0.95    4.02
 207903.207   170.756    -3.15    4.16
 208192.532   169.565    -4.12    4.48
 208481.854   168.180    -4.79    4.31
 208771.175   166.891    -4.45    4.17
 209060.493   165.565    -4.59    3.89
 209349.809   164.826    -2.55    3.74
 209639.123   164.133    -2.40    2.95
 209928.435   164.515     1.32    3.74
 210217.745   165.232     2.48    4.23
 210507.053   166.970     6.01    5.30
 210796.358   168.097     3.90    5.63
 211085.662   170.032     6.69    6.05
 211374.963   170.581     1.90    5.71
 211664.262   170.320    -0.90    5.83
 211953.559   169.849    -1.63    5.68
 212242.854   169.564    -0.99    5.27
 212532.147   170.259     2.41    5.84
 212821.437   172.383     7.34    7.55
 213110.726   174.532     7.43    8.84
 213400.012   180.531    20.74   11.32
 213689.296   186.131    19.36   12.80
 213978.578   192.446    21.83   15.40
 214267.858   195.794    11.57   16.71
 214557.136   197.039     4.30   18.36
 214846.412   189.322   -26.68   26.87
 215135.686   178.965   -35.80   32.86
 215424.957   168.344   -36.72   32.86
 215714.227   154.581   -47.58   25.08
 216003.494   148.581   -20.74   16.92
 216292.759   149.908     4.59   16.91
 216582.022   156.533    22.90   23.25
 216871.283   165.785    31.98   25.36
 217160.542   176.915    38.48   27.42
 217449.799   187.477    36.51   30.70
 217739.053   199.719    42.32   33.20
 218028.306   207.189    25.83   31.16
 218317.556   210.749    12.31   31.93
 218606.805   211.747     3.45   31.83
 218896.051   210.229    -5.24   30.91
 219185.295   210.977     2.59   28.51
 219474.537   212.982     6.93   27.53
 219763.777   215.253     7.85   28.85
 220053.015   216.828     5.45   26.05
 220342.250   221.615    16.55   27.62
 220631.484   226.192    15.82   29.71
 220920.716   229.169    10.29   30.90
 221209.945   231.582     8.34   30.33
 221499.172   238.042    22.33   31.29
 221788.398   246.753    30.12   33.15
 222077.621   255.132    28.97   34.95
 222366.842   261.736    22.83   34.55
 222656.061   270.029    28.67   32.68
 222945.278   274.988    17.15   28.70
 223234.493   277.310     8.03   26.24
 223523.706   270.337   -24.11   28.62
 223812.916   260.686   -33.37   27.72
 224102.125   248.699   -41.45   25.39
 224391.332   238.142   -36.50   20.79
 224680.536   232.873   -18.22   18.95
 224969.738   228.982   -13.46   19.18
 225258.939   226.665    -8.01   21.52
 225548.137   228.477     6.27   27.80
 225837.333   230.312     6.34   32.60
 226126.527   235.337    17.37   37.43
 226415.719   242.226    23.82   40.79
 226704.909   241.189    -3.58   39.55
 226994.097   237.249   -13.63   40.57
 227283.283   230.205   -24.36   41.31
 227572.467   220.192   -34.62   39.63
 227861.649   209.495   -36.99   36.98
 228150.828   200.828   -29.97   29.13
 228440.006   196.598   -14.63   21.89
 228729.182   207.236    36.79   36.39
 229018.355   226.081    65.17   53.12
 229307.526   262.046   124.37   78.30
 229596.696   294.435   112.00   83.70
 229885.863   329.029   119.63   75.01
 230175.029   359.899   106.75   64.47
 230464.192   382.357    77.66   52.24
 230753.353   400.150    61.53   45.18
 231042.512   407.042    23.83   45.48
 231331.669   404.132   -10.06   54.64
 231620.824   397.699   -22.25   58.82
 231909.977   392.247   -18.85   58.94
 232199.128   382.771   -32.77   60.02
 232488.277   367.899   -51.43   60.70
 232777.424   355.124   -44.18   59.90
 233066.569   349.955   -17.88   55.69
 233355.712   351.815     6.43   51.32
