#  286.997  -0.345   1.425 ;Mean Elev.(m), Avg Gradient(m/km), RMS Gradient(m/km) - SRTM1     
#  274.139  -0.973   6.139 ;Mean Elev.(m), Avg Gradient(m/km), RMS Gradient(m/km) - ASTER GDEM
#  286.995  -0.322   0.824 ;Mean Elev.(m), Avg Gradient(m/km), RMS Gradient(m/km) - GMTED2010 
  31  16.797901  -1.377402   290.520   290.535 10 54963.22024589 53.380
  34  16.795257  -1.381479   290.697   290.663 12 54992.96718904 53.936
  35  16.793089  -1.376420   290.506   290.520  7 55002.88283369 56.228
  36  16.792753  -1.378504   290.269   290.254  9 55012.79847805 56.483
  37  16.793387  -1.382759   290.434   290.400 12 55022.71412162 53.309
  46  16.791324  -1.383887   290.799   290.840 13 55111.95491504 32.718
  47  16.792798  -1.383804   291.054   291.086 13 55121.87055861 30.554
  48  16.793820  -1.382410   291.385   291.367 12 55131.78619904 55.098
  49  16.794464  -1.382940   291.757   291.781 12 55141.70183800 51.065
  58  16.791542  -1.385619   290.648   290.640 13 55230.94263910 44.254
  59  16.792260  -1.385476   290.522   290.475 13 55240.85828370 55.183
  60  16.791935  -1.386114   290.346   290.336 13 55250.77392476 53.668
  61  16.790421  -1.385462   289.791   289.763 13 55260.68956341 28.912
  70  16.793467  -1.380043   290.612   290.694 10 55349.93033563 56.257
  71  16.794717  -1.379115   290.810   290.803 11 55359.84597707 55.381
  72  16.795498  -1.380483   290.592   290.579 11 55369.76161675 56.268
  73  16.796233  -1.382254   290.501   290.498 12 55379.67725521 53.375
  82  16.794553  -1.382904   291.133   291.126 12 55468.91804600 43.688
  83  16.796502  -1.380799   291.361   291.355 12 55478.83368405 54.056
  84  16.797992  -1.378689   291.097   291.100 10 55488.74931923 50.313
  85  16.798691  -1.376208   291.419   291.418 10 55498.66495228 56.282
  93  16.793514  -1.383393   290.488   290.442 13 55577.99011452 37.311
  94  16.795668  -1.381726   290.158   290.121 12 55587.90575365 55.952
  95  16.797782  -1.378480   289.891   289.871 11 55597.82138934 55.005
  96  16.798831  -1.376247   289.679   289.751  9 55607.73702250 27.423
 105  16.797294  -1.379770   289.311   289.230 12 55696.97780531 41.304
 106  16.799437  -1.374943   289.228   289.219  9 55706.89343908 49.573
 107  16.798627  -1.376987   289.130   289.214  9 55716.80908943 32.088
 108  16.797323  -1.380518   288.993   289.033 11 55726.72473816 28.515
 121  16.800092  -1.374825   291.198   291.109  8 55855.62807120 34.745
 122  16.799567  -1.374369   291.641   291.613  9 55865.54371249 54.361
 123  16.797823  -1.378130   291.862   291.850 11 55875.45936644 54.664
 124  16.797639  -1.379727   292.005   291.973 11 55885.37501437 55.941
 133  16.795335  -1.381351   289.419   289.464 12 55974.61580208 53.284
 134  16.797346  -1.380625   289.283   289.245 11 55984.53143885 33.542
 135  16.800329  -1.376486   289.265   289.262  9 55994.44707274 27.783
 136  16.798330  -1.376460   289.432   289.464 10 56004.36272471 45.506
 145  16.795375  -1.382723   289.918   289.906 12 56093.60351590 49.558
 146  16.795333  -1.382544   289.697   289.753 12 56103.51916117 42.358
 147  16.796201  -1.382457   289.481   289.479 12 56113.43479222 54.806
 148  16.797243  -1.380619   289.425   289.461 11 56123.35043074 28.301
 157  16.798540  -1.376085   291.332   291.273  9 56212.59119733 48.460
 159  16.799675  -1.374997   291.547   291.514  9 56232.42248556 54.961
 164  16.796393  -1.381138   292.003   292.006 11 56282.00071472 55.815
 169  16.793782  -1.383814   290.618   290.578 12 56331.57893983 52.592
 171  16.797818  -1.379511   290.050   290.023 11 56351.41021850 33.920
 174  16.793252  -1.384535   289.466   289.493 13 56381.15715620 30.098
 180  16.795537  -1.382536   290.362   290.350 12 56440.65100837 29.799
 181  16.792975  -1.384024   290.631   290.630 13 56450.56665891 49.370
 182  16.792393  -1.383168   289.819   289.820 13 56460.48230709 34.353
 183  16.792988  -1.383019   289.263   289.276 13 56470.39795227 22.280
 192  16.794569  -1.381588   290.437   290.427 12 56559.63872988 47.733
 193  16.794606  -1.383345   290.368   290.340 12 56569.55437231 29.821
 194  16.795516  -1.380493   291.112   291.113 12 56579.47001279 51.751
 195  16.798486  -1.375869   291.251   291.337  9 56589.38564935 34.837
 204  16.792619  -1.383161   290.599   290.604 13 56678.62646318 52.316
 205  16.792959  -1.383086   290.119   290.103 13 56688.54210724 26.701
 206  16.794868  -1.382321   289.974   289.984 13 56698.45774895 25.293
 207  16.797671  -1.380341   289.746   289.734 11 56708.37338589 23.024
 211  16.791270  -1.385946   289.708   289.651 13 56748.03597179 50.078
 212  16.793145  -1.383245   289.651   289.640 12 56757.95161148 53.993
 215  16.793563  -1.382764   290.362   290.361 12 56787.69854620 52.507
 216  16.790271  -1.386666   290.998   290.992 13 56797.61419913 54.687
 223  16.794420  -1.382301   290.045   289.967 12 56867.02369448 55.291
 224  16.793362  -1.382903   290.235   290.182 13 56876.93934582 56.405
 227  16.790757  -1.384596   290.805   290.811 13 56906.68628234 55.964
 228  16.790492  -1.385321   290.949   290.929 13 56916.60192343 36.185
 231  16.799249  -1.376297   291.613   291.612  9 56946.34882843 52.105
 235  16.794847  -1.382777   292.484   292.420 12 56986.01141702 53.449
 236  16.797858  -1.379396   292.665   292.596 12 56995.92705090 53.818
 239  16.794348  -1.382312   291.977   291.966 12 57025.67399933 38.818
 243  16.796340  -1.381918   289.601   289.557 12 57065.33657673 54.623
 247  16.794126  -1.382659   289.392   289.407 12 57104.99915177 55.280
 251  16.795483  -1.381309   289.767   289.719 12 57144.66172488 28.075
 255  16.794983  -1.381757   289.981   289.859 12 57184.32430715 28.283
 259  16.793776  -1.382917   290.001   290.080 12 57223.98688045 46.798
 263  16.798320  -1.376844   290.152   290.168 10 57263.64942986 52.362
 267  16.794823  -1.380944   290.192   290.205 12 57303.31203265 35.213
 270  16.791590  -1.383953   291.172   291.159 13 57333.05896686 53.678
 271  16.793742  -1.383310   291.714   291.704 12 57342.97460677 56.104
 275  16.794285  -1.381563   292.662   292.655 12 57382.63718263 55.406
 282  16.791893  -1.384123   289.621   289.620 13 57452.04670006 54.907
 283  16.793154  -1.382936   289.891   289.870 13 57461.96234451 40.333
 287  16.799982  -1.375929   290.166   290.082  9 57501.62488806 51.141
 293  16.792626  -1.383713   291.128   291.131 12 57561.11878862 56.556
 294  16.792838  -1.383958   290.567   290.522 13 57571.03443309 55.964
 295  16.794084  -1.383529   290.326   290.339 13 57580.95007725 33.671
 296  16.795627  -1.382203   290.000   290.000 12 57590.86571946 51.796
 297  16.795958  -1.380491   290.138   290.123 12 57600.78135883 55.207
