-349422.161    -1.628     0.00    0.00
-349132.775    -1.628     0.00    0.00
-348843.392    -1.628     0.00    0.00
-348554.015    -1.628     0.00    0.00
-348264.642    -1.628     0.00    0.00
-347975.274    -1.628     0.00    0.00
-347685.910    -1.628     0.00    0.00
-347396.551    -1.628     0.00    0.00
-347107.197    -1.628     0.00    0.00
-346817.847    -1.628     0.00    0.00
-346528.502    -1.628     0.00    0.00
-346239.161    -1.628     0.00    0.00
-345949.825    -1.628     0.00    0.00
-345660.493    -1.628     0.00    0.00
-345371.166    -1.628     0.00    0.00
-345081.844    -1.628     0.00    0.00
-344792.526    -1.628     0.00    0.00
-344503.213    -1.628     0.00    0.00
-344213.904    -1.628     0.00    0.00
-343924.600    -1.628     0.00    0.00
-343635.300    -1.628     0.00    0.00
-343346.005    -1.628     0.00    0.00
-343056.715    -1.628     0.00    0.00
-342767.429    -1.628     0.00    0.00
-342478.148    -1.628     0.00    0.00
-342188.871    -1.628     0.00    0.00
-341899.599    -1.628     0.00    0.00
-341610.331    -1.628     0.00    0.00
-341321.068    -1.628     0.00    0.00
-341031.810    -1.628     0.00    0.00
-340742.556    -1.628     0.00    0.00
-340453.306    -1.628     0.00    0.00
-340164.061    -1.628     0.00    0.00
-339874.821    -1.628     0.00    0.00
-339585.585    -1.628     0.00    0.00
-339296.354    -1.628     0.00    0.00
-339007.128    -1.628     0.00    0.00
-338717.905    -1.628     0.00    0.00
-338428.688    -1.628     0.00    0.00
-338139.475    -1.628     0.00    0.00
-337850.266    -1.628     0.00    0.00
-337561.062    -1.628     0.00    0.00
-337271.863    -1.628     0.00    0.00
-336982.668    -1.628     0.00    0.00
-336693.478    -1.628     0.00    0.00
-336404.292    -1.628     0.00    0.00
-336115.111    -1.628     0.00    0.00
-335825.934    -1.628     0.00    0.00
-335536.762    -1.628     0.00    0.00
-335247.594    -1.628     0.00    0.00
-334958.431    -1.628     0.00    0.00
-334669.272    -1.628     0.00    0.00
-334380.118    -1.628     0.00    0.00
-334090.969    -1.628     0.00    0.00
-333801.824    -1.628     0.00    0.00
-333512.683    -1.628     0.00    0.00
-333223.547    -1.628     0.00    0.00
-332934.416    -1.628     0.00    0.00
-332645.289    -1.628     0.00    0.00
-332356.166    -1.628     0.00    0.00
-332067.048    -1.628     0.00    0.00
-331777.935    -1.628     0.00    0.00
-331488.826    -1.628     0.00    0.00
-331199.722    -1.628     0.00    0.00
-330910.622    -1.628     0.00    0.00
-330621.526    -1.628     0.00    0.00
-330332.435    -1.628     0.00    0.00
-330043.349    -1.628     0.00    0.00
-329754.267    -1.628     0.00    0.00
-329465.190    -1.628     0.00    0.00
-329176.117    -1.628     0.00    0.00
-328887.048    -1.628     0.00    0.00
-328597.984    -1.628     0.00    0.00
-328308.925    -1.628     0.00    0.00
-328019.870    -1.628     0.00    0.00
-327730.820    -1.628     0.00    0.00
-327441.774    -1.628     0.00    0.00
-327152.732    -1.628     0.00    0.00
-326863.695    -1.628     0.00    0.00
-326574.663    -1.628     0.00    0.00
-326285.635    -1.628     0.00    0.00
-325996.611    -1.628     0.00    0.00
-325707.592    -1.628     0.00    0.00
-325418.578    -1.628     0.00    0.00
-325129.568    -1.628     0.00    0.00
-324840.562    -1.628     0.00    0.00
-324551.561    -1.628     0.00    0.00
-324262.564    -1.628     0.00    0.00
-323973.572    -1.628     0.00    0.00
-323684.584    -1.628     0.00    0.00
-323395.601    -1.628     0.00    0.00
-323106.622    -1.628     0.00    0.00
-322817.648    -1.628     0.00    0.00
-322528.678    -1.628     0.00    0.00
-322239.713    -1.628     0.00    0.00
-321950.752    -1.628     0.00    0.00
-321661.796    -1.628     0.00    0.00
-321372.844    -1.628     0.00    0.00
-321083.896    -1.628     0.00    0.00
-320794.953    -1.628     0.00    0.00
-320506.014    -1.628     0.00    0.00
-320217.080    -1.628     0.00    0.00
-319928.151    -1.628     0.00    0.00
-319639.225    -1.628     0.00    0.00
-319350.305    -1.628     0.00    0.00
-319061.388    -1.628     0.00    0.00
-318772.476    -1.628     0.00    0.00
-318483.569    -1.628     0.00    0.00
-318194.666    -1.628     0.00    0.00
-317905.767    -1.628     0.00    0.00
-317616.873    -1.628     0.00    0.00
-317327.984    -1.628     0.00    0.00
-317039.098    -1.628     0.00    0.00
-316750.218    -1.628     0.00    0.00
-316461.341    -1.628     0.00    0.00
-316172.469    -1.628     0.00    0.00
-315883.602    -1.628     0.00    0.00
-315594.739    -1.628     0.00    0.00
-315305.880    -1.628     0.00    0.00
-315017.026    -1.628     0.00    0.00
-314728.176    -1.628     0.00    0.00
-314439.331    -1.628     0.00    0.00
-314150.490    -1.628     0.00    0.00
-313861.653    -1.628     0.00    0.00
-313572.821    -1.628     0.00    0.00
-313283.994    -1.628     0.00    0.00
-312995.171    -1.628     0.00    0.00
-312706.352    -1.628     0.00    0.00
-312417.537    -1.628     0.00    0.00
-312128.727    -1.628     0.00    0.00
-311839.922    -1.628     0.00    0.00
-311551.121    -1.628     0.00    0.00
-311262.324    -1.628     0.00    0.00
-310973.532    -1.628     0.00    0.00
-310684.744    -1.628     0.00    0.00
-310395.227    -1.628     0.00    0.00
-310105.495    -1.628     0.00    0.00
-309815.767    -1.628     0.00    0.00
-309526.044    -1.628     0.00    0.00
-309236.325    -1.628     0.00    0.00
-308946.610    -1.628     0.00    0.00
-308656.900    -1.628     0.00    0.00
-308367.195    -1.628     0.00    0.00
-308077.494    -1.628     0.00    0.00
-307787.797    -1.628     0.00    0.00
-307498.104    -1.628     0.00    0.00
-307208.417    -1.628     0.00    0.00
-306918.733    -1.628     0.00    0.00
-306629.054    -1.628     0.00    0.00
-306339.379    -1.628     0.00    0.00
-306049.709    -1.628     0.00    0.00
-305760.043    -1.628     0.00    0.00
-305470.382    -1.628     0.00    0.00
-305180.725    -1.628     0.00    0.00
-304891.072    -1.628     0.00    0.00
-304601.424    -1.628     0.00    0.00
-304311.781    -1.628     0.00    0.00
-304022.141    -1.628     0.00    0.00
-303732.506    -1.628     0.00    0.00
-303442.876    -1.628     0.00    0.00
-303153.250    -1.628     0.00    0.00
-302863.628    -1.628     0.00    0.00
-302574.011    -1.628     0.00    0.00
-302284.398    -1.628     0.00    0.00
-301994.789    -1.628     0.00    0.00
-301705.185    -1.628     0.00    0.00
-301415.586    -1.628     0.00    0.00
-301125.990    -1.628     0.00    0.00
-300836.399    -1.628     0.00    0.00
-300546.813    -1.628     0.00    0.00
-300257.231    -1.628     0.00    0.00
-299967.653    -1.628     0.00    0.00
-299678.080    -1.628     0.00    0.00
-299388.511    -1.628     0.00    0.00
-299098.946    -1.628     0.00    0.00
-298809.386    -1.628     0.00    0.00
-298519.830    -1.628     0.00    0.00
-298230.279    -1.628     0.00    0.00
-297940.732    -1.628     0.00    0.00
-297651.189    -1.628     0.00    0.00
-297361.651    -1.628     0.00    0.00
-297072.117    -1.628     0.00    0.00
-296782.587    -1.628     0.00    0.00
-296493.062    -1.628     0.00    0.00
-296203.541    -1.628     0.00    0.00
-295914.025    -1.628     0.00    0.00
-295624.513    -1.628     0.00    0.00
-295335.005    -1.628     0.00    0.00
-295045.502    -1.628     0.00    0.00
-294756.003    -1.628     0.00    0.00
-294466.508    -1.628     0.00    0.00
-294177.018    -1.628     0.00    0.00
-293887.532    -1.628     0.00    0.00
-293598.050    -1.628     0.00    0.00
-293308.573    -1.628     0.00    0.00
-293019.100    -1.628     0.00    0.00
-292729.632    -1.628     0.00    0.00
-292440.168    -1.628     0.00    0.00
-292150.708    -1.628     0.00    0.00
-291861.253    -1.628     0.00    0.00
-291571.802    -1.628     0.00    0.00
-291282.355    -1.628     0.00    0.00
-290992.913    -1.628     0.00    0.00
-290703.475    -1.628     0.00    0.00
-290414.041    -1.628     0.00    0.00
-290124.612    -1.628     0.00    0.00
-289835.187    -1.628     0.00    0.00
-289545.766    -1.628     0.00    0.00
-289256.350    -1.628     0.00    0.00
-288966.938    -1.628     0.00    0.00
-288677.530    -1.628     0.00    0.00
-288388.127    -1.628     0.00    0.00
-288098.728    -1.628     0.00    0.00
-287809.333    -1.628     0.00    0.00
-287519.943    -1.628     0.00    0.00
-287230.557    -1.628     0.00    0.00
-286941.175    -1.628     0.00    0.00
-286651.798    -1.628     0.00    0.00
-286362.425    -1.628     0.00    0.00
-286073.056    -1.628     0.00    0.00
-285783.692    -1.628     0.00    0.00
-285494.332    -1.628     0.00    0.00
-285204.976    -1.628     0.00    0.00
-284915.625    -1.628     0.00    0.00
-284626.278    -1.628     0.00    0.00
-284336.935    -1.628     0.00    0.00
-284047.596    -1.628     0.00    0.00
-283758.262    -1.628     0.00    0.00
-283468.932    -1.628     0.00    0.00
-283179.607    -1.628     0.00    0.00
-282890.286    -1.628     0.00    0.00
-282600.969    -1.628     0.00    0.00
-282311.656    -1.628     0.00    0.00
-282022.348    -1.628     0.00    0.00
-281733.044    -1.628     0.00    0.00
-281443.744    -1.628     0.00    0.00
-281154.449    -1.628     0.00    0.00
-280865.158    -1.628     0.00    0.00
-280575.871    -1.628     0.00    0.00
-280286.588    -1.628     0.00    0.00
-279997.310    -1.628     0.00    0.00
-279708.036    -1.628     0.00    0.00
-279418.766    -1.628     0.00    0.00
-279129.501    -1.628     0.00    0.00
-278840.240    -1.628     0.00    0.00
-278550.983    -1.628     0.00    0.00
-278261.731    -1.628     0.00    0.00
-277972.482    -1.628     0.00    0.00
-277683.239    -1.628     0.00    0.00
-277393.999    -1.628     0.00    0.00
-277104.763    -1.628     0.00    0.00
-276815.532    -1.628     0.00    0.00
-276526.306    -1.628     0.00    0.00
-276237.083    -1.628     0.00    0.00
-275947.865    -1.628     0.00    0.00
-275658.651    -1.628     0.00    0.00
-275369.441    -1.628     0.00    0.00
-275080.236    -1.628     0.00    0.00
-274791.034    -1.628     0.00    0.00
-274501.837    -1.628     0.00    0.00
-274212.645    -1.628     0.00    0.00
-273923.456    -1.628     0.00    0.00
-273634.272    -1.628     0.00    0.00
-273345.092    -1.628     0.00    0.00
-273055.917    -1.628     0.00    0.00
-272766.745    -1.628     0.00    0.00
-272477.578    -1.628     0.00    0.00
-272188.416    -1.628     0.00    0.00
-271899.257    -1.628     0.00    0.00
-271610.103    -1.628     0.00    0.00
-271320.953    -1.628     0.00    0.00
-271031.807    -1.628     0.00    0.00
-270742.665    -1.628     0.00    0.00
-270453.528    -1.628     0.00    0.00
-270164.395    -1.628     0.00    0.00
-269875.266    -1.628     0.00    0.00
-269586.141    -1.628     0.00    0.00
-269297.021    -1.628     0.00    0.00
-269007.905    -1.628     0.00    0.00
-268718.793    -1.628     0.00    0.00
-268429.685    -1.628     0.00    0.00
-268140.582    -1.628     0.00    0.00
-267851.483    -1.628     0.00    0.00
-267562.388    -1.628     0.00    0.00
-267273.297    -1.628     0.00    0.00
-266984.211    -1.628     0.00    0.00
-266695.128    -1.628     0.00    0.00
-266406.050    -1.628     0.00    0.00
-266116.977    -1.628     0.00    0.00
-265827.907    -1.628     0.00    0.00
-265538.842    -1.628     0.00    0.00
-265249.781    -1.628     0.00    0.00
-264960.724    -1.628     0.00    0.00
-264671.671    -1.628     0.00    0.00
-264382.622    -1.628     0.00    0.00
-264093.578    -1.628     0.00    0.00
-263804.538    -1.628     0.00    0.00
-263515.502    -1.628     0.00    0.00
-263226.471    -1.628     0.00    0.00
-262937.443    -1.628     0.00    0.00
-262648.420    -1.628     0.00    0.00
-262359.401    -1.628     0.00    0.00
-262070.387    -1.628     0.00    0.00
-261781.376    -1.628     0.00    0.00
-261492.370    -1.628     0.00    0.00
-261203.367    -1.628     0.00    0.00
-260914.370    -1.628     0.00    0.00
-260625.376    -1.628     0.00    0.00
-260336.386    -1.628     0.00    0.00
-260047.401    -1.628     0.00    0.00
-259758.420    -1.628     0.00    0.00
-259469.443    -1.628     0.00    0.00
-259180.470    -1.628     0.00    0.00
-258891.501    -1.628     0.00    0.00
-258602.537    -1.628     0.00    0.00
-258313.577    -1.628     0.00    0.00
-258024.621    -1.628     0.00    0.00
-257735.669    -1.628     0.00    0.00
-257446.721    -1.628     0.00    0.00
-257157.778    -1.628     0.00    0.00
-256868.839    -1.628     0.00    0.00
-256579.904    -1.628     0.00    0.00
-256290.973    -1.628     0.00    0.00
-256002.046    -1.628     0.00    0.00
-255713.123    -1.628     0.00    0.00
-255424.205    -1.628     0.00    0.00
-255135.291    -1.628     0.00    0.00
-254846.381    -1.628     0.00    0.00
-254557.475    -1.628     0.00    0.00
-254268.573    -1.628     0.00    0.00
-253979.676    -1.628     0.00    0.00
-253690.782    -1.628     0.00    0.00
-253401.893    -1.628     0.00    0.00
-253113.008    -1.628     0.00    0.00
-252824.127    -1.628     0.00    0.00
-252535.251    -1.628     0.00    0.00
-252246.378    -1.628     0.00    0.00
-251957.510    -1.628     0.00    0.00
-251668.645    -1.628     0.00    0.00
-251379.785    -1.628     0.00    0.00
-251090.929    -1.628     0.00    0.00
-250802.078    -1.628     0.00    0.00
-250513.230    -1.628     0.00    0.00
-250224.387    -1.628     0.00    0.00
-249935.547    -1.628     0.00    0.00
-249646.712    -1.628     0.00    0.00
-249357.881    -1.628     0.00    0.00
-249069.054    -1.628     0.00    0.00
-248780.232    -1.628     0.00    0.00
-248491.413    -1.628     0.00    0.00
-248202.125    -1.628     0.00    0.00
-247912.417    -1.628     0.00    0.00
-247622.714    -1.628     0.00    0.00
-247333.015    -1.628     0.00    0.00
-247043.321    -1.628     0.00    0.00
-246753.630    -1.628     0.00    0.00
-246463.944    -1.628     0.00    0.00
-246174.262    -1.628     0.00    0.00
-245884.583    -1.628     0.00    0.00
-245594.910    -1.628     0.00    0.00
-245305.240    -1.628     0.00    0.00
-245015.574    -1.628     0.00    0.00
-244725.913    -1.628     0.00    0.00
-244436.255    -1.628     0.00    0.00
-244146.602    -1.628     0.00    0.00
-243856.953    -1.628     0.00    0.00
-243567.308    -1.628     0.00    0.00
-243277.668    -1.628     0.00    0.00
-242988.031    -1.628     0.00    0.00
-242698.399    -1.628     0.00    0.00
-242408.770    -1.628     0.00    0.00
-242119.146    -1.628     0.00    0.00
-241829.526    -1.628     0.00    0.00
-241539.910    -1.628     0.00    0.00
-241250.299    -1.628     0.00    0.00
-240960.691    -1.628     0.00    0.00
-240671.087    -1.628     0.00    0.00
-240381.488    -1.628     0.00    0.00
-240091.893    -1.628     0.00    0.00
-239802.302    -1.628     0.00    0.00
-239512.715    -1.628     0.00    0.00
-239223.132    -1.628     0.00    0.00
-238933.553    -1.628     0.00    0.00
-238643.979    -1.628     0.00    0.00
-238354.408    -1.628     0.00    0.00
-238064.842    -1.628     0.00    0.00
-237775.280    -1.628     0.00    0.00
-237485.722    -1.628     0.00    0.00
-237196.168    -1.628     0.00    0.00
-236906.618    -1.628     0.00    0.00
-236617.072    -1.628     0.00    0.00
-236327.531    -1.628     0.00    0.00
-236037.993    -1.628     0.00    0.00
-235748.460    -1.628     0.00    0.00
-235458.930    -1.628     0.00    0.00
-235169.405    -1.628     0.00    0.00
-234879.884    -1.628     0.00    0.00
-234590.367    -1.628     0.00    0.00
-234300.854    -1.628     0.00    0.00
-234011.345    -1.628     0.00    0.00
-233721.841    -1.628     0.00    0.00
-233432.340    -1.628     0.00    0.00
-233142.844    -1.628     0.00    0.00
-232853.351    -1.628     0.00    0.00
-232563.863    -1.628     0.00    0.00
-232274.379    -1.628     0.00    0.00
-231984.899    -1.628     0.00    0.00
-231695.423    -1.628     0.00    0.00
-231405.951    -1.628     0.00    0.00
-231116.483    -1.628     0.00    0.00
-230827.019    -1.628     0.00    0.00
-230537.559    -1.628     0.00    0.00
-230248.104    -1.628     0.00    0.00
-229958.652    -1.628     0.00    0.00
-229669.205    -1.628     0.00    0.00
-229379.762    -1.628     0.00    0.00
-229090.322    -1.628     0.00    0.00
-228800.887    -1.628     0.00    0.00
-228511.456    -1.628     0.00    0.00
-228222.029    -1.628     0.00    0.00
-227932.606    -1.628     0.00    0.00
-227643.187    -1.628     0.00    0.00
-227353.772    -1.628     0.00    0.00
-227064.362    -1.628     0.00    0.00
-226774.955    -1.628     0.00    0.00
-226485.552    -1.628     0.00    0.00
-226196.154    -1.628     0.00    0.00
-225906.759    -1.628     0.00    0.00
-225617.369    -1.628     0.00    0.00
-225327.982    -1.628     0.00    0.00
-225038.600    -1.628     0.00    0.00
-224749.222    -1.628     0.00    0.00
-224459.848    -1.628     0.00    0.00
-224170.478    -1.628     0.00    0.00
-223881.111    -1.628     0.00    0.00
-223591.749    -1.628     0.00    0.00
-223302.391    -1.628     0.00    0.00
-223013.037    -1.628     0.00    0.00
-222723.688    -1.628     0.00    0.00
-222434.342    -1.628     0.00    0.00
-222145.000    -1.628     0.00    0.00
-221855.662    -1.628     0.00    0.00
-221566.328    -1.628     0.00    0.00
-221276.999    -1.628     0.00    0.00
-220987.673    -1.628     0.00    0.00
-220698.352    -1.628     0.00    0.00
-220409.034    -1.628     0.00    0.00
-220119.720    -1.628     0.00    0.00
-219830.411    -1.628     0.00    0.00
-219541.106    -1.628     0.00    0.00
-219251.804    -1.628     0.00    0.00
-218962.507    -1.628     0.00    0.00
-218673.213    -1.628     0.00    0.00
-218383.924    -1.628     0.00    0.00
-218094.639    -1.628     0.00    0.00
-217805.357    -1.628     0.00    0.00
-217516.080    -1.628     0.00    0.00
-217226.807    -1.628     0.00    0.00
-216937.538    -1.628     0.00    0.00
-216648.272    -1.628     0.00    0.00
-216359.011    -1.628     0.00    0.00
-216069.754    -1.628     0.00    0.00
-215780.501    -1.628     0.00    0.00
-215491.252    -1.628     0.00    0.00
-215202.007    -1.628     0.00    0.00
-214912.766    -1.628     0.00    0.00
-214623.528    -1.628     0.00    0.00
-214334.295    -1.628     0.00    0.00
-214045.066    -1.628     0.00    0.00
-213755.841    -1.628     0.00    0.00
-213466.620    -1.628     0.00    0.00
-213177.403    -1.628     0.00    0.00
-212888.190    -1.628     0.00    0.00
-212598.981    -1.628     0.00    0.00
-212309.776    -1.628     0.00    0.00
-212020.575    -1.628     0.00    0.00
-211731.378    -1.628     0.00    0.00
-211442.184    -1.628     0.00    0.00
-211152.995    -1.628     0.00    0.00
-210863.810    -1.628     0.00    0.00
-210574.629    -1.628     0.00    0.00
-210285.452    -1.628     0.00    0.00
-209996.279    -1.628     0.00    0.00
-209707.110    -1.628     0.00    0.00
-209417.944    -1.628     0.00    0.00
-209128.783    -1.628     0.00    0.00
-208839.626    -1.628     0.00    0.00
-208550.473    -1.628     0.00    0.00
-208261.324    -1.628     0.00    0.00
-207972.178    -1.628     0.00    0.00
-207683.037    -1.628     0.00    0.00
-207393.900    -1.628     0.00    0.00
-207104.766    -1.628     0.00    0.00
-206815.637    -1.628     0.00    0.00
-206526.512    -1.628     0.00    0.00
-206237.390    -1.628     0.00    0.00
-205948.273    -1.628     0.00    0.00
-205659.159    -1.628     0.00    0.00
-205370.050    -1.628     0.00    0.00
-205080.944    -1.628     0.00    0.00
-204791.842    -1.628     0.00    0.00
-204502.745    -1.628     0.00    0.00
-204213.651    -1.628     0.00    0.00
-203924.561    -1.628     0.00    0.00
-203635.476    -1.628     0.00    0.00
-203346.394    -1.628     0.00    0.00
-203057.316    -1.628     0.00    0.00
-202768.242    -1.628     0.00    0.00
-202479.172    -1.628     0.00    0.00
-202190.106    -1.628     0.00    0.00
-201901.044    -1.628     0.00    0.00
-201611.986    -1.628     0.00    0.00
-201322.932    -1.628     0.00    0.00
-201033.881    -1.628     0.00    0.00
-200744.835    -1.628     0.00    0.00
-200455.793    -1.628     0.00    0.00
-200166.754    -1.628     0.00    0.00
-199877.720    -1.628     0.00    0.00
-199588.689    -1.628     0.00    0.00
-199299.663    -1.628     0.00    0.00
-199010.640    -1.628     0.00    0.00
-198721.621    -1.628     0.00    0.00
-198432.607    -1.628     0.00    0.00
-198143.596    -1.628     0.00    0.00
-197854.589    -1.628     0.00    0.00
-197565.586    -1.628     0.00    0.00
-197276.587    -1.628     0.00    0.00
-196987.592    -1.628     0.00    0.00
-196698.600    -1.628     0.00    0.00
-196409.613    -1.628     0.00    0.00
-196120.630    -1.628     0.00    0.00
-195831.650    -1.628     0.00    0.00
-195542.675    -1.628     0.00    0.00
-195253.703    -1.628     0.00    0.00
-194964.735    -1.628     0.00    0.00
-194675.772    -1.628     0.00    0.00
-194386.812    -1.628     0.00    0.00
-194097.856    -1.628     0.00    0.00
-193808.904    -1.628     0.00    0.00
-193519.956    -1.628     0.00    0.00
-193231.011    -1.628     0.00    0.00
-192942.071    -1.628     0.00    0.00
-192653.135    -1.628     0.00    0.00
-192364.202    -1.628     0.00    0.00
-192075.274    -1.628     0.00    0.00
-191786.349    -1.628     0.00    0.00
-191497.428    -1.628     0.00    0.00
-191208.511    -1.628     0.00    0.00
-190919.598    -1.628     0.00    0.00
-190630.689    -1.628     0.00    0.00
-190341.784    -1.628     0.00    0.00
-190052.882    -1.628     0.00    0.00
-189763.985    -1.628     0.00    0.00
-189475.091    -1.628     0.00    0.00
-189186.202    -1.628     0.00    0.00
-188897.316    -1.628     0.00    0.00
-188608.434    -1.628     0.00    0.00
-188319.556    -1.628     0.00    0.00
-188030.682    -1.628     0.00    0.00
-187741.812    -1.628     0.00    0.00
-187452.945    -1.628     0.00    0.00
-187164.083    -1.628     0.00    0.00
-186875.224    -1.628     0.00    0.00
-186586.370    -1.628     0.00    0.00
-186297.519    -1.628     0.00    0.00
-186008.428    -1.628     0.00    0.00
-185718.742    -1.628     0.00    0.00
-185429.061    -1.628     0.00    0.00
-185139.383    -1.628     0.00    0.00
-184849.709    -1.628     0.00    0.00
-184560.039    -1.628     0.00    0.00
-184270.373    -1.628     0.00    0.00
-183980.711    -1.628     0.00    0.00
-183691.052    -1.628     0.00    0.00
-183401.398    -1.628     0.00    0.00
-183111.748    -1.628     0.00    0.00
-182822.101    -1.628     0.00    0.00
-182532.458    -1.628     0.00    0.00
-182242.819    -1.628     0.00    0.00
-181953.184    -1.628     0.00    0.00
-181663.553    -1.628     0.00    0.00
-181373.926    -1.628     0.00    0.00
-181084.303    -1.628     0.00    0.00
-180794.683    -1.628     0.00    0.00
-180505.067    -1.628     0.00    0.00
-180215.456    -1.628     0.00    0.00
-179925.848    -1.628     0.00    0.00
-179636.244    -1.628     0.00    0.00
-179346.644    -1.628     0.00    0.00
-179057.047    -1.628     0.00    0.00
-178767.455    -1.628     0.00    0.00
-178477.866    -1.628     0.00    0.00
-178188.282    -1.628     0.00    0.00
-177898.701    -1.628     0.00    0.00
-177609.124    -1.628     0.00    0.00
-177319.551    -1.628     0.00    0.00
-177029.981    -1.628     0.00    0.00
-176740.416    -1.628     0.00    0.00
-176450.855    -1.628     0.00    0.00
-176161.297    -1.628     0.00    0.00
-175871.743    -1.628     0.00    0.00
-175582.193    -1.628     0.00    0.00
-175292.647    -1.628     0.00    0.00
-175003.105    -1.628     0.00    0.00
-174713.566    -1.628     0.00    0.00
-174424.031    -1.628     0.00    0.00
-174134.501    -1.628     0.00    0.00
-173844.974    -1.628     0.00    0.00
-173555.451    -1.628     0.00    0.00
-173265.931    -1.628     0.00    0.00
-172976.416    -1.628     0.00    0.00
-172686.904    -1.628     0.00    0.00
-172397.397    -1.628     0.00    0.00
-172107.893    -1.628     0.00    0.00
-171818.393    -1.628     0.00    0.00
-171528.897    -1.628     0.00    0.00
-171239.404    -1.628     0.00    0.00
-170949.916    -1.628     0.00    0.00
-170660.431    -1.628     0.00    0.00
-170370.950    -1.628     0.00    0.00
-170081.473    -1.628     0.00    0.00
-169791.999    -1.628     0.00    0.00
-169502.530    -1.628     0.00    0.00
-169213.064    -1.628     0.00    0.00
-168923.602    -1.628     0.00    0.00
-168634.144    -1.628     0.00    0.00
-168344.690    -1.628     0.00    0.00
-168055.240    -1.628     0.00    0.00
-167765.793    -1.628     0.00    0.00
-167476.351    -1.628     0.00    0.00
-167186.912    -1.628     0.00    0.00
-166897.476    -1.628     0.00    0.00
-166608.045    -1.628     0.00    0.00
-166318.618    -1.628     0.00    0.00
-166029.194    -1.628     0.00    0.00
-165739.774    -1.628     0.00    0.00
-165450.358    -1.628     0.00    0.00
-165160.945    -1.628     0.00    0.00
-164871.537    -1.628     0.00    0.00
-164582.132    -1.628     0.00    0.00
-164292.731    -1.628     0.00    0.00
-164003.334    -1.628     0.00    0.00
-163713.941    -1.628     0.00    0.00
-163424.551    -1.628     0.00    0.00
-163135.166    -1.628     0.00    0.00
-162845.784    -1.628     0.00    0.00
-162556.405    -1.628     0.00    0.00
-162267.031    -1.628     0.00    0.00
-161977.660    -1.628     0.00    0.00
-161688.294    -1.628     0.00    0.00
-161398.931    -1.628     0.00    0.00
-161109.571    -1.628     0.00    0.00
-160820.216    -1.628     0.00    0.00
-160530.864    -1.628     0.00    0.00
-160241.516    -1.628     0.00    0.00
-159952.172    -1.628     0.00    0.00
-159662.832    -1.628     0.00    0.00
-159373.495    -1.628     0.00    0.00
-159084.162    -1.628     0.00    0.00
-158794.833    -1.628     0.00    0.00
-158505.508    -1.628     0.00    0.00
-158216.186    -1.628     0.00    0.00
-157926.869    -1.628     0.00    0.00
-157637.555    -1.628     0.00    0.00
-157348.244    -1.628     0.00    0.00
-157058.938    -1.628     0.00    0.00
-156769.635    -1.628     0.00    0.00
-156480.336    -1.628     0.00    0.00
-156191.041    -1.628     0.00    0.00
-155901.750    -1.628     0.00    0.00
-155612.462    -1.628     0.00    0.00
-155323.178    -1.628     0.00    0.00
-155033.898    -1.628     0.00    0.00
-154744.621    -1.628     0.00    0.00
-154455.349    -1.628     0.00    0.00
-154166.080    -1.628     0.00    0.00
-153876.815    -1.628     0.00    0.00
-153587.553    -1.628     0.00    0.00
-153298.296    -1.628     0.00    0.00
-153009.042    -1.628     0.00    0.00
-152719.791    -1.628     0.00    0.00
-152430.545    -1.628     0.00    0.00
-152141.302    -1.628     0.00    0.00
-151852.063    -1.628     0.00    0.00
-151562.828    -1.628     0.00    0.00
-151273.597    -1.628     0.00    0.00
-150984.369    -1.628     0.00    0.00
-150695.145    -1.628     0.00    0.00
-150405.924    -1.628     0.00    0.00
-150116.708    -1.628     0.00    0.00
-149827.495    -1.628     0.00    0.00
-149538.286    -1.628     0.00    0.00
-149249.080    -1.628     0.00    0.00
-148959.879    -1.628     0.00    0.00
-148670.681    -1.628     0.00    0.00
-148381.487    -1.628     0.00    0.00
-148092.296    -1.628     0.00    0.00
-147803.109    -1.628     0.00    0.00
-147513.926    -1.628     0.00    0.00
-147224.747    -1.628     0.00    0.00
-146935.571    -1.628     0.00    0.00
-146646.399    -1.628     0.00    0.00
-146357.231    -1.628     0.00    0.00
-146068.067    -1.628     0.00    0.00
-145778.906    -1.628     0.00    0.00
-145489.749    -1.628     0.00    0.00
-145200.595    -1.628     0.00    0.00
-144911.446    -1.628     0.00    0.00
-144622.300    -1.628     0.00    0.00
-144333.157    -1.628     0.00    0.00
-144044.019    -1.628     0.00    0.00
-143754.884    -1.628     0.00    0.00
-143465.753    -1.628     0.00    0.00
-143176.625    -1.628     0.00    0.00
-142887.501    -1.628     0.00    0.00
-142598.381    -1.628     0.00    0.00
-142309.265    -1.628     0.00    0.00
-142020.152    -1.628     0.00    0.00
-141731.043    -1.628     0.00    0.00
-141441.938    -1.628     0.00    0.00
-141152.836    -1.628     0.00    0.00
-140863.738    -1.628     0.00    0.00
-140574.644    -1.628     0.00    0.00
-140285.553    -1.628     0.00    0.00
-139996.466    -1.628     0.00    0.00
-139707.383    -1.628     0.00    0.00
-139418.304    -1.628     0.00    0.00
-139129.228    -1.628     0.00    0.00
-138840.156    -1.628     0.00    0.00
-138551.087    -1.628     0.00    0.00
-138262.022    -1.628     0.00    0.00
-137972.961    -1.628     0.00    0.00
-137683.904    -1.628     0.00    0.00
-137394.850    -1.628     0.00    0.00
-137105.800    -1.628     0.00    0.00
-136816.753    -1.628     0.00    0.00
-136527.710    -1.628     0.00    0.00
-136238.671    -1.628     0.00    0.00
-135949.636    -1.628     0.00    0.00
-135660.604    -1.628     0.00    0.00
-135371.576    -1.628     0.00    0.00
-135082.551    -1.628     0.00    0.00
-134793.530    -1.628     0.00    0.00
-134504.513    -1.628     0.00    0.00
-134215.500    -1.628     0.00    0.00
-133926.490    -1.628     0.00    0.00
-133637.483    -1.628     0.00    0.00
-133348.481    -1.628     0.00    0.00
-133059.482    -1.628     0.00    0.00
-132770.487    -1.628     0.00    0.00
-132481.495    -1.628     0.00    0.00
-132192.507    -1.628     0.00    0.00
-131903.523    -1.628     0.00    0.00
-131614.542    -1.628     0.00    0.00
-131325.565    -1.628     0.00    0.00
-131036.591    -1.628     0.00    0.00
-130747.622    -1.628     0.00    0.00
-130458.655    -1.628     0.00    0.00
-130169.693    -1.628     0.00    0.00
-129880.734    -1.628     0.00    0.00
-129591.779    -1.628     0.00    0.00
-129302.827    -1.628     0.00    0.00
-129013.879    -1.628     0.00    0.00
-128724.935    -1.628     0.00    0.00
-128435.994    -1.628     0.00    0.00
-128147.057    -1.628     0.00    0.00
-127858.123    -1.628     0.00    0.00
-127569.194    -1.628     0.00    0.00
-127280.267    -1.628     0.00    0.00
-126991.345    -1.628     0.00    0.00
-126702.426    -1.628     0.00    0.00
-126413.510    -1.628     0.00    0.00
-126124.599    -1.628     0.00    0.00
-125835.690    -1.628     0.00    0.00
-125546.786    -1.628     0.00    0.00
-125257.885    -1.628     0.00    0.00
-124968.988    -1.628     0.00    0.00
-124680.094    -1.628     0.00    0.00
-124391.204    -1.628     0.00    0.00
-124102.317    -1.628     0.00    0.00
-123813.392    -1.628     0.00    0.00
-123523.735    -1.628     0.00    0.00
-123234.081    -1.628     0.00    0.00
-122944.431    -1.628     0.00    0.00
-122654.785    -1.628     0.00    0.00
-122365.142    -1.628     0.00    0.00
-122075.503    -1.628     0.00    0.00
-121785.868    -1.628     0.00    0.00
-121496.236    -1.628     0.00    0.00
-121206.608    -1.628     0.00    0.00
-120916.983    -1.628     0.00    0.00
-120627.362    -1.628     0.00    0.00
-120337.744    -1.628     0.00    0.00
-120048.131    -1.628     0.00    0.00
-119758.520    -1.628     0.00    0.00
-119468.914    -1.628     0.00    0.00
-119179.311    -1.628     0.00    0.00
-118889.712    -1.628     0.00    0.00
-118600.116    -1.628     0.00    0.00
-118310.524    -1.628     0.00    0.00
-118020.935    -1.628     0.00    0.00
-117731.350    -1.628     0.00    0.00
-117441.769    -1.628     0.00    0.00
-117152.191    -1.628     0.00    0.00
-116862.617    -1.628     0.00    0.00
-116573.046    -1.628     0.00    0.00
-116283.479    -1.628     0.00    0.00
-115993.916    -1.628     0.00    0.00
-115704.356    -1.628     0.00    0.00
-115414.800    -1.628     0.00    0.00
-115125.247    -1.628     0.00    0.00
-114835.698    -1.628     0.00    0.00
-114546.153    -1.628     0.00    0.00
-114256.611    -1.628     0.00    0.00
-113967.072    -1.628     0.00    0.00
-113677.538    -1.628     0.00    0.00
-113388.007    -1.628     0.00    0.00
-113098.479    -1.628     0.00    0.00
-112808.955    -1.628     0.00    0.00
-112519.435    -1.628     0.00    0.00
-112229.918    -1.628     0.00    0.00
-111940.405    -1.628     0.00    0.00
-111650.895    -1.628     0.00    0.00
-111361.389    -1.628     0.00    0.00
-111071.886    -1.628     0.00    0.00
-110782.387    -1.628     0.00    0.00
-110492.892    -1.628     0.00    0.00
-110203.400    -1.628     0.00    0.00
-109913.912    -1.628     0.00    0.00
-109624.427    -1.628     0.00    0.00
-109334.946    -1.628     0.00    0.00
-109045.468    -1.628     0.00    0.00
-108755.994    -1.628     0.00    0.00
-108466.524    -1.628     0.00    0.00
-108177.057    -1.628     0.00    0.00
-107887.593    -1.628     0.00    0.00
-107598.133    -1.628     0.00    0.00
-107308.677    -1.628     0.00    0.00
-107019.224    -1.628     0.00    0.00
-106729.775    -1.628     0.00    0.00
-106440.330    -1.628     0.00    0.00
-106150.888    -1.628     0.00    0.00
-105861.449    -1.628     0.00    0.00
-105572.014    -1.628     0.00    0.00
-105282.582    -1.628     0.00    0.00
-104993.155    -1.628     0.00    0.00
-104703.730    -1.628     0.00    0.00
-104414.309    -1.628     0.00    0.00
-104124.892    -1.628     0.00    0.00
-103835.478    -1.628     0.00    0.00
-103546.068    -1.628     0.00    0.00
-103256.661    -1.628     0.00    0.00
-102967.258    -1.628     0.00    0.00
-102677.858    -1.628     0.00    0.00
-102388.462    -1.628     0.00    0.00
-102099.070    -1.628     0.00    0.00
-101809.681    -1.628     0.00    0.00
-101520.295    -1.628     0.00    0.00
-101230.913    -1.628     0.00    0.00
-100941.534    -1.628     0.00    0.00
-100652.159    -1.628     0.00    0.00
-100362.788    -1.628     0.00    0.00
-100073.420    -1.628     0.00    0.00
 -99784.056    -1.628     0.00    0.00
 -99494.695    -1.628     0.00    0.00
 -99205.337    -1.628     0.00    0.00
 -98915.983    -1.628     0.00    0.00
 -98626.633    -1.628     0.00    0.00
 -98337.286    -1.628     0.00    0.00
 -98047.943    -1.628     0.00    0.00
 -97758.603    -1.628     0.00    0.00
 -97469.266    -1.628     0.00    0.00
 -97179.934    -1.628     0.00    0.00
 -96890.604    -1.628     0.00    0.00
 -96601.278    -1.628     0.00    0.00
 -96311.956    -1.628     0.00    0.00
 -96022.637    -1.628     0.00    0.00
 -95733.322    -1.628     0.00    0.00
 -95444.010    -1.628     0.00    0.00
 -95154.702    -1.628     0.00    0.00
 -94865.397    -1.628     0.00    0.00
 -94576.095    -1.628     0.00    0.00
 -94286.797    -1.628     0.00    0.00
 -93997.503    -1.628     0.00    0.00
 -93708.212    -1.628     0.00    0.00
 -93418.925    -1.628     0.00    0.00
 -93129.641    -1.628     0.00    0.00
 -92840.360    -1.628     0.00    0.00
 -92551.083    -1.628     0.00    0.00
 -92261.810    -1.628     0.00    0.00
 -91972.540    -1.628     0.00    0.00
 -91683.273    -1.628     0.00    0.00
 -91394.010    -1.628     0.00    0.00
 -91104.750    -1.628     0.00    0.00
 -90815.494    -1.628     0.00    0.00
 -90526.241    -1.628     0.00    0.00
 -90236.992    -1.628     0.00    0.00
 -89947.747    -1.628     0.00    0.00
 -89658.504    -1.628     0.00    0.00
 -89369.266    -1.628     0.00    0.00
 -89080.030    -1.628     0.00    0.00
 -88790.798    -1.628     0.00    0.00
 -88501.570    -1.628     0.00    0.00
 -88212.345    -1.628     0.00    0.00
 -87923.124    -1.628     0.00    0.00
 -87633.906    -1.628     0.00    0.00
 -87344.691    -1.628     0.00    0.00
 -87055.480    -1.628     0.00    0.00
 -86766.272    -1.628     0.00    0.00
 -86477.068    -1.628     0.00    0.00
 -86187.867    -1.628     0.00    0.00
 -85898.670    -1.628     0.00    0.00
 -85609.476    -1.628     0.00    0.00
 -85320.286    -1.628     0.00    0.00
 -85031.099    -1.628     0.00    0.00
 -84741.915    -1.628     0.00    0.00
 -84452.735    -1.628     0.00    0.00
 -84163.559    -1.628     0.00    0.00
 -83874.386    -1.628     0.00    0.00
 -83585.216    -1.628     0.00    0.00
 -83296.050    -1.628     0.00    0.00
 -83006.887    -1.628     0.00    0.00
 -82717.727    -1.628     0.00    0.00
 -82428.571    -1.628     0.00    0.00
 -82139.419    -1.628     0.00    0.00
 -81850.270    -1.628     0.00    0.00
 -81561.124    -1.628     0.00    0.00
 -81271.982    -1.628     0.00    0.00
 -80982.843    -1.628     0.00    0.00
 -80693.707    -1.628     0.00    0.00
 -80404.576    -1.628     0.00    0.00
 -80115.447    -1.628     0.00    0.00
 -79826.322    -1.628     0.00    0.00
 -79537.200    -1.628     0.00    0.00
 -79248.082    -1.628     0.00    0.00
 -78958.967    -1.628     0.00    0.00
 -78669.856    -1.628     0.00    0.00
 -78380.747    -1.628     0.00    0.00
 -78091.643    -1.628     0.00    0.00
 -77802.542    -1.628     0.00    0.00
 -77513.444    -1.628     0.00    0.00
 -77224.349    -1.628     0.00    0.00
 -76935.258    -1.628     0.00    0.00
 -76646.171    -1.628     0.00    0.00
 -76357.087    -1.628     0.00    0.00
 -76068.006    -1.628     0.00    0.00
 -75778.929    -1.628     0.00    0.00
 -75489.855    -1.628     0.00    0.00
 -75200.784    -1.628     0.00    0.00
 -74911.717    -1.628     0.00    0.00
 -74622.653    -1.628     0.00    0.00
 -74333.593    -1.628     0.00    0.00
 -74044.536    -1.628     0.00    0.00
 -73755.482    -1.628     0.00    0.00
 -73466.432    -1.628     0.00    0.00
 -73177.385    -1.628     0.00    0.00
 -72888.342    -1.628     0.00    0.00
 -72599.302    -1.628     0.00    0.00
 -72310.265    -1.628     0.00    0.00
 -72021.232    -1.628     0.00    0.00
 -71732.202    -1.628     0.00    0.00
 -71443.176    -1.628     0.00    0.00
 -71154.153    -1.628     0.00    0.00
 -70865.133    -1.628     0.00    0.00
 -70576.117    -1.628     0.00    0.00
 -70287.104    -1.628     0.00    0.00
 -69998.094    -1.628     0.00    0.00
 -69709.088    -1.628     0.00    0.00
 -69420.085    -1.628     0.00    0.00
 -69131.086    -1.628     0.00    0.00
 -68842.090    -1.628     0.00    0.00
 -68553.097    -1.628     0.00    0.00
 -68264.108    -1.628     0.00    0.00
 -67975.122    -1.628     0.00    0.00
 -67686.139    -1.628     0.00    0.00
 -67397.160    -1.628     0.00    0.00
 -67108.184    -1.628     0.00    0.00
 -66819.212    -1.628     0.00    0.00
 -66530.243    -1.628     0.00    0.00
 -66241.277    -1.628     0.00    0.00
 -65952.314    -1.628     0.00    0.00
 -65663.355    -1.628     0.00    0.00
 -65374.400    -1.628     0.00    0.00
 -65085.447    -0.845     2.71    3.84
 -64796.498     3.243    14.15   11.66
 -64507.553     6.965    12.88   14.70
 -64218.610    13.405    22.29   17.12
 -63929.671    18.372    17.19   17.26
 -63640.736    23.440    17.54   15.90
 -63351.803    29.203    19.95   12.07
 -63062.875    32.454    11.25    8.39
 -62773.949    35.451    10.37    2.96
 -62485.027    36.131     2.35    2.88
 -62196.108    36.955     2.85    2.93
 -61907.192    37.997     3.61    2.48
 -61618.280    38.372     1.30    2.19
 -61328.778    38.989     2.13    1.76
 -61039.147    39.222     0.81    1.68
 -60749.520    39.131    -0.32    1.89
 -60459.896    38.765    -1.26    1.96
 -60170.276    38.355    -1.41    1.93
 -59880.658    38.648     1.01    1.78
 -59591.045    39.022     1.29    1.87
 -59301.434    39.305     0.98    1.78
 -59011.827    39.441     0.47    1.95
 -58722.223    39.613     0.60    2.14
 -58432.623    39.786     0.60    2.47
 -58143.026    40.290     1.74    2.58
 -57853.432    40.648     1.24    2.84
 -57563.842    40.789     0.49    3.12
 -57274.255    41.182     1.36    3.16
 -56984.671    42.186     3.46    2.90
 -56695.091    42.920     2.54    2.80
 -56405.514    43.101     0.62    2.90
 -56115.940    42.755    -1.19    3.45
 -55826.369    42.653    -0.35    3.56
 -55536.802    43.234     2.01    4.07
 -55247.239    44.322     3.76    5.13
 -54957.678    45.522     4.14    5.97
 -54668.121    47.775     7.78    7.00
 -54378.567    50.303     8.73    7.40
 -54089.017    54.022    12.84    6.29
 -53799.470    57.776    12.96    7.66
 -53509.926    62.602    16.67   10.56
 -53220.386    68.491    20.34   12.84
 -52930.848    75.755    25.09   18.12
 -52641.315    83.872    28.03   19.83
 -52351.784    92.969    31.42   21.98
 -52062.257   101.322    28.85   23.65
 -51772.733   111.286    34.41   23.06
 -51483.212   117.847    22.66   22.98
 -51193.695   120.913    10.59   23.51
 -50904.181   124.131    11.11   22.48
 -50614.670   126.889     9.53   21.71
 -50325.163   131.286    15.19   18.43
 -50035.659   134.290    10.38   16.15
 -49746.158   138.407    14.22    8.53
 -49456.661   140.999     8.96    4.28
 -49167.166   141.889     3.07    3.29
 -48877.676   142.458     1.97    3.19
 -48588.188   142.969     1.76    2.66
 -48298.704   143.289     1.11    2.17
 -48009.223   143.439     0.52    2.11
 -47719.745   143.565     0.44    2.38
 -47430.271   144.562     3.44    3.01
 -47140.800   144.889     1.13    3.32
 -46851.332   145.672     2.71    3.33
 -46561.867   146.602     3.21    3.30
 -46272.406   147.182     2.01    3.33
 -45982.948   147.622     1.52    3.50
 -45693.493   148.214     2.05    3.68
 -45404.042   148.405     0.66    3.62
 -45114.594   148.474     0.24    4.34
 -44825.149   146.728    -6.03   10.55
 -44535.707   145.135    -5.50   14.90
 -44246.269   145.084    -0.18   16.17
 -43956.834   145.172     0.30   16.14
 -43667.402   148.803    12.55    6.06
 -43377.974   149.291     1.69    5.93
 -43088.549   150.489     4.14    4.31
 -42799.127   149.547    -3.25    5.73
 -42509.708   147.304    -7.75    8.60
 -42220.293   135.717   -40.04   24.06
 -41930.880   128.028   -26.57   26.80
 -41641.472   125.562    -8.52   25.71
 -41352.066   126.605     3.61   26.00
 -41062.664   129.131     8.73   26.43
 -40773.265   134.460    18.41   27.13
 -40483.869   142.291    27.06   24.61
 -40194.476   148.505    21.47   18.69
 -39905.087   154.243    19.83    6.93
 -39615.701   155.705     5.05    1.97
 -39326.318   156.027     1.11    1.92
 -39036.939   155.965    -0.21    1.89
 -38747.562   155.830    -0.47    1.86
 -38458.189   155.639    -0.66    1.96
 -38168.819   155.734     0.33    2.16
 -37879.453   155.355    -1.31    2.32
 -37590.090   155.249    -0.37    2.28
 -37300.730   155.205    -0.15    2.24
 -37011.373   155.110    -0.33    2.04
 -36722.019   154.803    -1.06    2.44
 -36432.669   154.609    -0.67    2.69
 -36143.322   153.822    -2.72    3.73
 -35853.978   152.572    -4.32    4.85
 -35564.637   151.457    -3.85    5.05
 -35275.300   150.539    -3.17    5.17
 -34985.966   149.239    -4.49    5.21
 -34696.635   147.838    -4.84    5.11
 -34407.307   146.139    -5.87    4.91
 -34117.983   144.562    -5.45    5.11
 -33828.661   143.224    -4.62    4.88
 -33539.343   142.455    -2.66    4.64
 -33250.029   142.033    -1.46    4.44
 -32960.717   142.855     2.84    5.14
 -32671.409   144.793     6.70    6.59
 -32382.104   147.011     7.67    7.37
 -32092.802   148.772     6.09    7.29
 -31803.503   150.501     5.98    7.11
 -31514.208   151.820     4.56    6.85
 -31224.915   151.958     0.48    6.54
 -30935.626   152.491     1.84    6.72
 -30646.341   152.769     0.96    6.90
 -30357.058   153.913     3.96    6.48
 -30067.779   154.872     3.32    5.92
 -29778.502   156.182     4.53    5.02
 -29489.229   156.527     1.19    4.58
 -29199.960   156.055    -1.63    4.69
 -28910.693   155.552    -1.74    4.76
 -28621.430   154.872    -2.35    5.51
 -28332.170   154.772    -0.35    5.78
 -28042.913   154.319    -1.56    5.69
 -27753.659   154.269    -0.18    5.60
 -27464.408   153.605    -2.29    5.43
 -27175.161   153.236    -1.28    5.14
 -26885.917   153.503     0.92    4.81
 -26596.676   152.776    -2.52    4.12
 -26307.438   152.172    -2.09    3.63
 -26018.204   151.838    -1.16    3.06
 -25728.972   151.920     0.29    3.06
 -25439.744   152.472     1.91    3.45
 -25150.519   152.739     0.92    3.40
 -24861.297   150.544    -7.59   12.89
 -24572.078   147.091   -11.94   20.23
 -24282.863   145.972    -3.87   22.41
 -23993.651   142.558   -11.80   25.99
 -23704.442   141.340    -4.21   26.87
 -23415.236   141.555     0.75   25.89
 -23126.033   146.890    18.45   16.71
 -22836.834   149.626     9.46    7.16
 -22547.637   150.424     2.76    2.93
 -22258.444   149.618    -2.79    3.13
 -21969.254   148.475    -3.95    3.10
 -21680.067   147.010    -5.07    2.80
 -21390.883   146.079    -3.22    2.13
 -21101.703   145.575    -1.74    1.82
 -20812.526   145.505    -0.24    1.86
 -20523.351   145.596     0.31    1.87
 -20234.180   145.455    -0.49    1.97
 -19945.013   145.390    -0.23    2.16
 -19655.848   145.769     1.31    2.35
 -19366.686   146.789     3.53    2.71
 -19077.528   147.694     3.13    3.22
 -18788.373   148.388     2.40    3.42
 -18499.221   149.426     3.59    3.83
 -18210.072   150.405     3.39    3.75
 -17920.926   151.495     3.77    3.13
 -17631.784   152.275     2.70    2.40
 -17342.644   152.880     2.09    2.46
 -17053.508   153.458     2.00    2.20
 -16764.375   154.169     2.46    3.01
 -16475.245   153.179    -3.42    8.40
 -16186.118   148.855   -14.95   17.45
 -15896.994   140.272   -29.69   25.09
 -15607.874   129.651   -36.74   31.90
 -15318.756   116.122   -46.79   34.43
 -15029.642   104.284   -40.94   34.72
 -14740.531    87.745   -57.21   36.74
 -14451.423    68.855   -65.34   38.67
 -14162.318    54.689   -49.00   35.16
 -13873.216    41.575   -45.36   31.52
 -13584.118    30.270   -39.10   24.59
 -13295.022    23.855   -22.19   17.92
 -13005.930    18.565   -18.30   10.47
 -12716.841    16.072    -8.62    5.12
 -12427.755    16.139     0.23    5.00
 -12138.672    15.634    -1.74    5.39
 -11849.592    14.084    -5.36    5.66
 -11560.515    12.217    -6.46    5.51
 -11271.442    10.208    -6.95    5.87
 -10982.372     7.609    -8.99    6.15
 -10693.304     6.208    -4.85    5.86
 -10404.240     5.200    -3.49    5.39
 -10115.179     5.320     0.42    5.42
  -9826.121     5.165    -0.54    4.72
  -9537.066     5.005    -0.55    3.97
  -9248.015     4.979    -0.09    4.01
  -8958.966     4.700    -0.97    4.10
  -8669.920     3.491    -4.18    3.62
  -8380.878     2.622    -3.01    3.39
  -8091.839     1.813    -2.80    2.79
  -7802.803     0.939    -3.02    1.54
  -7513.770     0.955     0.06    1.46
  -7224.740     1.028     0.25    1.34
  -6935.713     1.214     0.64    1.32
  -6646.689     1.072    -0.49    1.39
  -6357.669     1.165     0.32    1.80
  -6068.651     1.888     2.50    2.92
  -5779.637     2.880     3.43    3.95
  -5490.625     3.339     1.59    4.00
  -5201.617     4.203     2.99    4.50
  -4912.612     5.193     3.43    4.88
  -4623.610     5.864     2.32    4.75
  -4334.611     6.542     2.34    4.43
  -4045.615     7.487     3.27    4.28
  -3756.622     8.169     2.36    3.75
  -3467.633     8.729     1.94    3.01
  -3178.646     9.105     1.30    2.28
  -2889.662     9.148     0.15    1.89
  -2600.682     9.372     0.78    1.70
  -2311.705     9.424     0.18    1.90
  -2022.730     8.372    -3.64    3.35
  -1733.759     7.096    -4.42    4.40
  -1444.791     5.101    -6.91    5.08
  -1155.826     3.422    -5.81    4.91
   -866.864     1.958    -5.07    4.45
   -577.905     0.422    -5.32    2.91
   -288.950    -0.324    -2.58    1.11
      0.003    -0.335    -0.04    1.09
    288.953     0.972     4.52    3.78
    577.899     2.067     3.79    4.90
    867.231     3.339     4.40    5.62
   1156.835     4.747     4.86    6.30
   1446.435     5.872     3.88    6.31
   1736.033     7.004     3.91    6.30
   2025.627     7.598     2.05    6.01
   2315.218     6.749    -2.93    5.84
   2604.806     5.510    -4.28    6.10
   2894.392     4.005    -5.20    6.03
   3183.974     2.477    -5.28    5.25
   3473.552     1.689    -2.72    4.73
   3763.128     0.555    -3.91    3.36
   4052.701    -0.611    -4.03    0.29
   4342.271    -0.475     0.47    0.69
   4631.837    -0.417     0.20    0.77
   4921.401    -0.295     0.42    0.95
   5210.962    -0.231     0.22    0.99
   5500.519     0.022     0.88    1.27
   5790.073     0.205     0.63    1.67
   6079.625     0.236     0.11    1.89
   6369.173     0.424     0.65    2.39
   6658.718     0.458     0.12    2.56
   6948.260     0.684     0.78    3.03
   7237.800     0.219    -1.60    2.59
   7527.336     0.388     0.58    2.82
   7816.869     0.613     0.78    3.22
   8106.399     0.847     0.81    3.66
   8395.925     2.175     4.59    5.43
   8685.449     3.889     5.92    6.62
   8974.970     5.552     5.75    7.35
   9264.488     7.442     6.53    7.63
   9554.003     8.320     3.03    7.64
   9843.514     8.172    -0.51    7.73
  10133.023     8.050    -0.42    8.07
  10422.528     7.622    -1.48    7.80
  10712.031     6.872    -2.59    7.73
  11001.531     4.999    -6.47    6.91
  11291.027     4.004    -3.44    6.77
  11580.520     2.639    -4.71    5.77
  11870.011     1.716    -3.19    4.49
  12159.498     1.118    -2.07    3.71
  12448.983     0.789    -1.14    3.02
  12738.464     0.739    -0.17    3.05
  13027.942     0.728    -0.04    2.89
  13317.417     0.269    -1.59    1.93
  13606.890     0.093    -0.61    1.51
  13896.359     0.172     0.27    1.47
  14185.825     0.234     0.21    1.41
  14475.288     0.321     0.30    1.37
  14764.748     0.355     0.12    1.21
  15054.205     0.605     0.87    1.32
  15343.660     0.822     0.75    1.49
  15633.111     1.236     1.43    1.60
  15922.559     1.717     1.66    2.07
  16212.004     1.907     0.66    2.10
  16501.446     2.536     2.17    3.24
  16790.885     4.205     5.77    6.68
  17080.321     5.517     4.53    8.65
  17369.754     6.705     4.11    9.45
  17659.184     7.217     1.77    9.77
  17948.611     7.677     1.59    9.79
  18238.035     7.269    -1.41    9.35
  18527.456     5.847    -4.91    8.00
  18816.874     3.820    -7.00    3.60
  19106.289     3.958     0.48    2.73
  19395.701     4.700     2.56    3.35
  19685.110     5.805     3.82    4.18
  19974.516     6.798     3.43    6.02
  20263.919     7.493     2.40    7.95
  20553.319    11.605    14.21   14.55
  20842.716    12.286     2.35   14.67
  21132.110    12.941     2.26   14.24
  21421.501    12.305    -2.20   12.71
  21710.889    12.050    -0.88   10.74
  22000.274    12.995     3.27    8.69
  22289.656    13.267     0.94    7.89
  22579.035    14.905     5.66    7.79
  22868.411    15.769     2.98    7.86
  23157.784    17.420     5.71    8.75
  23447.155    19.422     6.92    9.23
  23736.522    19.705     0.98    8.87
  24025.886    19.734     0.10    8.64
  24315.247    20.442     2.45    8.54
  24604.605    20.889     1.54    7.70
  24893.961    20.643    -0.85    6.16
  25183.313    21.533     3.08    6.03
  25472.662    22.405     3.01    5.83
  25762.009    22.729     1.12    4.41
  26051.352    23.948     4.21    4.47
  26340.692    24.562     2.12    4.21
  26630.030    25.979     4.90    4.27
  26919.364    27.044     3.68    4.31
  27208.696    28.751     5.90    4.18
  27498.024    30.338     5.48    4.48
  27787.350    31.897     5.39    4.54
  28076.673    32.322     1.47    4.34
  28365.992    32.407     0.29    4.61
  28655.309    31.639    -2.65    5.52
  28944.623    30.318    -4.56    6.00
  29233.934    28.079    -7.74    7.35
  29523.241    25.855    -7.69    7.83
  29812.546    23.779    -7.18    7.44
  30101.848    21.421    -8.15    7.13
  30391.147    19.443    -6.84    6.22
  30680.443    17.975    -5.07    5.06
  30969.736    17.864    -0.39    4.82
  31259.027    17.824    -0.14    4.41
  31548.314    18.388     1.95    3.69
  31837.598    18.269    -0.41    3.33
  32126.879    18.439     0.59    3.71
  32416.158    20.021     5.47    4.80
  32705.433    20.831     2.80    5.11
  32994.706    22.039     4.17    5.18
  33283.975    23.105     3.69    5.16
  33573.242    24.558     5.02    5.46
  33862.506    25.407     2.93    5.81
  34151.767    25.489     0.28    5.74
  34441.024    25.924     1.50    5.58
  34730.279    27.389     5.07    6.41
  35019.531    31.289    13.48    9.87
  35308.780    36.592    18.34   12.37
  35598.027    41.613    17.36   14.86
  35887.270    49.389    26.88   15.80
  36176.510    56.716    25.33   14.97
  36465.748    61.931    18.03   14.02
  36754.982    63.749     6.28   12.76
  37044.214    64.975     4.24   12.22
  37333.442    64.320    -2.27   12.52
  37622.668    63.962    -1.24   11.96
  37911.891    63.555    -1.41   11.39
  38201.111    64.905     4.67   13.69
  38490.328    72.091    24.85   22.34
  38779.542    81.131    31.25   24.13
  39068.753    84.914    13.08   23.25
  39357.961    82.304    -9.03   23.93
  39647.166    80.684    -5.60   24.38
  39936.369    76.269   -15.27   23.70
  40225.568    66.779   -32.81   18.39
  40514.765    63.068   -12.83   13.97
  40803.959    61.474    -5.51   18.05
  41093.149    59.438    -7.04   19.14
  41382.337    58.016    -4.92   21.32
  41671.522    54.722   -11.39   22.73
  41960.705    48.717   -20.77   18.28
  42249.884    42.423   -21.76   14.99
  42539.060    36.200   -21.52    9.66
  42828.234    33.922    -7.88    8.52
  43117.404    32.208    -5.93    7.35
  43406.572    31.460    -2.59    6.40
  43695.737    31.389    -0.25    6.36
  43984.899    29.854    -5.31    6.55
  44274.058    29.195    -2.28    7.65
  44563.214    28.439    -2.61    8.02
  44852.367    26.739    -5.88    7.11
  45141.517    26.682    -0.19    7.15
  45430.665    26.337    -1.19    7.02
  45719.809    26.289    -0.17    6.89
  46008.951    27.287     3.45    5.75
  46298.090    27.743     1.58    5.63
  46587.226    28.493     2.59    5.85
  46876.359    28.751     0.89    5.70
  47165.489    27.993    -2.62    5.25
  47454.617    28.338     1.19    5.17
  47743.741    29.487     3.97    5.67
  48032.863    31.044     5.39    6.17
  48321.981    32.907     6.44    6.37
  48611.097    34.475     5.43    6.47
  48900.210    36.372     6.56    5.72
  49189.321    37.920     5.36    6.25
  49478.428    40.118     7.60    6.42
  49767.532    42.186     7.15    7.59
  50056.634    43.182     3.45    7.83
  50345.733    45.148     6.80    9.33
  50634.828    47.789     9.13    9.65
  50923.921    50.755    10.26   11.89
  51213.012    53.098     8.10   12.62
  51502.099    54.579     5.12   12.66
  51791.183    60.305    19.81   15.80
  52080.265    65.600    18.32   19.92
  52369.344    68.755    10.91   21.99
  52658.420    76.219    25.82   27.35
  52947.493    79.796    12.37   29.46
  53236.563    81.864     7.15   31.01
  53525.630    79.155    -9.37   32.26
  53814.695    76.872    -7.90   31.72
  54103.756    75.320    -5.37   30.03
  54392.815    73.339    -6.86   28.42
  54681.871    70.755    -8.94   23.40
  54970.925    70.828     0.25   23.89
  55259.975    73.253     8.39   26.54
  55549.022    78.958    19.74   26.76
  55838.067    80.922     6.79   27.90
  56127.109    81.105     0.63   26.53
  56416.148    83.203     7.26   24.77
  56705.184    89.010    20.09   24.65
  56994.217    95.214    21.47   24.17
  57283.248    99.569    15.07   23.96
  57572.276   108.605    31.27   28.65
  57861.301   114.598    20.73   30.99
  58150.323   121.769    24.81   29.79
  58439.342   124.820    10.56   30.35
  58728.358   121.728   -10.70   33.82
  59017.372   122.027     1.04   37.76
  59306.383   118.159   -13.38   39.34
  59595.391   111.010   -24.74   38.57
  59884.396    99.027   -41.46   36.36
  60173.398    95.113   -13.54   34.23
  60462.398    95.239     0.43   30.49
  60751.394   101.684    22.30   34.91
  61040.388   108.389    23.20   40.31
  61329.379   113.439    17.47   42.66
  61618.368   119.074    19.50   41.77
  61907.353   129.044    34.50   38.37
  62196.336   136.716    26.55   36.06
  62485.316   138.508     6.20   34.19
  62774.293   133.130   -18.61   34.65
  63063.482   127.890   -18.12   33.78
  63353.063   120.522   -25.44   33.64
  63642.641   112.441   -27.91   31.39
  63932.217   105.808   -22.91   27.84
  64221.789   101.700   -14.18   23.97
  64511.359   105.472    13.03   32.24
  64800.926   115.592    34.95   43.74
  65090.491   127.015    39.45   47.00
  65380.052   137.011    34.52   49.64
  65669.611   150.236    45.67   48.23
  65959.167   157.470    24.98   45.96
  66248.720   162.389    16.99   43.68
  66538.270   165.872    12.03   39.96
  66827.818   170.422    15.71   35.12
  67117.362   172.872     8.46   29.87
  67406.904   175.208     8.07   26.10
  67696.443   177.626     8.35   23.51
  67985.980   181.044    11.81   19.21
  68275.513   181.665     2.14   16.99
  68565.044   178.648   -10.42   17.10
  68854.572   177.257    -4.80   17.04
  69144.097   177.062    -0.68   17.77
  69433.619   178.239     4.07   16.50
  69723.139   176.131    -7.28   14.71
  70012.656   176.864     2.53   15.49
  70302.170   175.634    -4.25   15.56
  70591.681   173.972    -5.74   15.41
  70881.190   171.503    -8.53   15.77
  71170.695   167.407   -14.15   16.46
  71460.198   163.682   -12.87   18.62
  71749.698   159.855   -13.22   17.82
  72039.196   154.422   -18.77   16.56
  72328.690   153.093    -4.59   17.24
  72618.182   152.924    -0.59   18.70
  72907.671   155.489     8.86   21.06
  73197.158   158.162     9.23   20.06
  73486.641   161.520    11.60   20.73
  73776.122   162.219     2.42   20.28
  74065.600   159.236   -10.30   22.14
  74355.075   148.660   -36.54   29.34
  74644.548   139.455   -31.80   33.48
  74934.017   128.339   -38.40   32.75
  75223.484   119.165   -31.69   29.66
  75512.949   115.454   -12.82   26.50
  75802.410   107.822   -26.37   16.25
  76091.869   109.004     4.08   15.80
  76381.325   111.796     9.65   17.13
  76670.778   117.907    21.11   20.46
  76960.228   122.946    17.41   19.33
  77249.676   130.372    25.66   17.05
  77539.121   132.955     8.93   16.68
  77828.563   134.527     5.43   15.85
  78118.003   135.846     4.56   15.73
  78407.439   137.667     6.29   15.45
  78696.873   137.739     0.25   14.46
  78986.305   140.110     8.19   16.03
  79275.733   147.162    24.36   16.25
  79565.159   153.579    22.17   16.96
  79854.582   158.805    18.06   17.90
  80144.002   163.084    14.78   18.59
  80433.420   164.372     4.45   18.16
  80722.835   163.803    -1.97   20.79
  81012.247   159.579   -14.60   22.98
  81301.656   156.407   -10.96   23.04
  81591.063   152.143   -14.73   21.57
  81880.467   153.855     5.92   24.25
  82169.868   154.372     1.79   25.84
  82459.266   161.472    24.53   33.04
  82748.662   162.211     2.55   32.70
  83038.055   167.643    18.77   32.81
  83327.445   169.897     7.79   28.06
  83616.833   168.705    -4.12   26.22
  83906.218   165.011   -12.76   23.77
  84195.600   163.618    -4.82   24.05
  84484.979   158.772   -16.74   22.15
  84774.356   150.527   -28.49   19.46
  85063.730   148.684    -6.37   18.78
  85353.101   148.655    -0.10   17.38
  85642.470   148.813     0.54   18.55
  85931.836   154.338    19.09   20.02
  86221.199   156.479     7.40   19.62
  86510.559   157.722     4.30   21.71
  86799.917   158.772     3.63   22.53
  87089.272   158.639    -0.46   21.72
  87378.625   157.251    -4.79   22.55
  87667.974   155.176    -7.17   20.77
  87957.321   156.672     5.17   21.32
  88246.665   161.872    17.97   23.49
  88536.007   169.089    24.94   26.35
  88825.346   176.592    25.93   28.01
  89114.682   184.958    28.91   28.21
  89404.015   190.613    19.55   29.20
  89693.346   198.717    28.01   26.70
  89982.674   208.044    32.24   30.44
  90272.000   215.924    27.23   30.28
  90561.322   223.122    24.88   34.42
  90850.642   228.961    20.18   32.68
  91139.960   236.643    26.55   36.80
  91429.274   241.501    16.79   38.56
  91718.586   250.389    30.72   42.28
  92007.896   259.355    30.99   47.04
  92297.202   270.811    39.59   48.85
  92586.506   283.700    44.55   46.66
  92875.807   294.155    36.14   39.99
  93165.106   298.772    15.96   36.37
  93454.402   294.985   -13.09   38.96
  93743.695   287.148   -27.09   41.97
  94032.986   275.305   -40.94   38.41
  94322.273   259.811   -53.56   34.40
  94611.559   247.569   -42.32   33.69
  94900.841   233.965   -47.02   33.55
  95190.121   224.914   -31.29   33.19
  95479.398   218.745   -21.33   31.04
  95768.673   212.648   -21.08   23.58
  96057.945   216.022    11.66   27.90
  96347.214   223.217    24.87   32.45
  96636.480   230.001    23.45   31.10
  96925.744   239.755    33.72   28.22
  97215.006   245.249    18.99   25.02
  97504.264   248.525    11.32   26.91
  97793.520   249.269     2.57   26.21
  98082.773   255.536    21.67   32.33
  98372.024   261.044    19.04   32.64
  98661.272   272.289    38.87   33.58
  98950.517   280.613    28.78   33.31
  99239.760   287.565    24.03   33.95
  99529.000   296.864    32.15   30.37
  99818.237   300.189    11.50   29.26
 100107.472   299.946    -0.84   27.85
 100396.704   297.811    -7.38   26.75
 100685.934   292.838   -17.19   23.36
 100975.160   290.272    -8.87   17.69
 101264.385   291.527     4.34   16.26
 101553.606   300.454    30.86   28.63
 101842.825   311.924    39.66   35.64
 102132.041   324.148    42.27   35.57
 102421.255   330.993    23.67   36.77
 102710.466   333.405     8.34   41.95
 102999.674   329.224   -14.45   44.60
 103288.880   324.113   -17.67   43.66
 103578.083   314.805   -32.18   37.04
 103867.284   307.229   -26.20   27.63
 104156.481   304.813    -8.36   22.22
 104445.677   307.525     9.38   22.35
 104734.869   314.255    23.27   25.23
 105024.059   318.126    13.38   24.32
 105313.247   318.109    -0.06   25.76
 105602.431   311.655   -22.32   32.00
 105891.613   301.510   -35.08   36.76
 106180.793   293.453   -27.86   35.29
 106469.970   288.505   -17.11   35.67
 106759.144   282.813   -19.69   30.61
 107048.316   290.200    25.54   39.73
 107337.485   300.729    36.41   44.74
 107626.651   307.684    24.05   42.88
 107915.815   321.677    48.39   45.74
 108204.976   340.089    63.67   54.32
 108494.135   352.665    43.49   63.15
 108783.291   371.568    65.37   67.34
 109072.444   394.672    79.90   74.61
 109361.595   426.148   108.85   66.77
 109650.743   441.839    54.26   53.95
 109939.889   447.355    19.08   47.38
 110229.032   437.993   -32.38   51.78
 110518.172   424.631   -46.21   51.77
 110807.310   408.510   -55.75   50.90
 111096.445   386.438   -76.34   38.62
 111385.578   370.907   -53.72   30.54
 111674.708   358.389   -43.29   23.20
 111963.835   350.723   -26.51   20.09
 112252.960   343.762   -24.08   15.84
 112542.082   336.470   -25.22   16.26
 112831.202   327.372   -31.47   15.94
 113120.319   320.257   -24.61   19.62
 113409.433   315.179   -17.56   20.81
 113698.545   312.079   -10.72   21.22
 113987.655   307.016   -17.51   20.63
 114276.761   306.572    -1.54   21.11
 114565.866   306.323    -0.86   22.40
 114854.967   302.751   -12.35   23.17
 115144.066   302.839     0.30   23.22
 115433.163   301.958    -3.05   24.01
 115722.257   300.755    -4.16   24.36
 116011.348   300.522    -0.81   23.00
 116300.437   294.423   -21.10   22.36
 116589.523   291.722    -9.34   22.63
 116878.606   286.406   -18.39   22.72
 117167.687   284.135    -7.86   23.86
 117456.766   277.993   -21.25   24.48
 117745.842   274.126   -13.38   26.15
 118034.915   266.305   -27.05   26.50
 118323.986   261.074   -18.10   23.95
 118613.054   259.999    -3.72   23.70
 118902.119   260.510     1.77   22.62
 119191.183   265.722    18.03   23.38
 119480.243   269.694    13.74   22.19
 119769.301   273.372    12.72   21.85
 120058.356   280.096    23.26   21.41
 120347.409   284.547    15.40   18.69
 120636.460   287.050     8.66   18.02
 120925.507   290.522    12.01   17.25
 121214.553   294.469    13.65   17.21
 121503.595   296.354     6.52   16.85
 121792.635   298.198     6.38   15.27
 122081.673   298.398     0.69   15.60
