-238363.781   370.146     0.00   20.05
-238074.303   370.592     1.54   22.47
-237784.822   366.924   -12.67   25.62
-237495.340   356.832   -34.86   37.75
-237205.856   343.311   -46.71   42.66
-236916.370   327.535   -54.50   44.11
-236626.881   314.119   -46.34   41.82
-236337.391   296.099   -62.25   36.84
-236047.898   281.673   -49.83   37.68
-235758.404   270.165   -39.75   36.06
-235468.907   261.595   -29.60   34.40
-235179.409   258.082   -12.13   34.64
-234889.908   255.046   -10.49   41.91
-234600.406   261.628    22.73   49.96
-234310.901   274.311    43.81   52.61
-234021.394   287.519    45.62   49.38
-233732.328   293.289    19.96   47.29
-233443.262   291.317    -6.82   46.06
-233154.195   286.858   -15.43   40.31
-232865.125   285.545    -4.54   34.08
-232576.053   281.792   -12.98   31.19
-232286.979   279.528    -7.83   30.23
-231997.903   277.847    -5.82   33.79
-231708.825   278.417     1.97   38.30
-231419.745   266.745   -40.38   51.43
-231130.663   257.134   -33.25   61.73
-230841.579   244.519   -43.64   70.35
-230552.493   232.428   -41.82   75.21
-230263.404   218.841   -47.00   71.37
-229974.314   205.599   -45.80   68.64
-229685.222   198.426   -24.81   64.10
-229396.127   191.661   -23.40   63.01
-229107.030   181.961   -33.55   61.05
-228817.932   175.395   -22.71   62.35
-228528.831   167.427   -27.56   59.30
-228239.728   159.176   -28.54   56.97
-227950.623   154.011   -17.86   53.83
-227661.516   146.720   -25.22   51.79
-227372.407   142.145   -15.82   49.95
-227083.296   137.283   -16.81   46.28
-226794.183   136.548    -2.55   42.28
-226505.068   140.082    12.22   40.85
-226215.950   142.685     9.00   36.62
-225926.831   145.289     9.01   36.39
-225637.709   140.634   -16.10   41.75
-225348.586   130.245   -35.93   45.10
-225059.460   115.754   -50.12   50.46
-224770.332   103.487   -42.43   50.59
-224481.202    97.671   -20.11   45.29
-224192.070    91.445   -21.53   41.65
-223902.936    91.404    -0.14   41.60
-223613.800    98.698    25.23   42.58
-223324.662   112.961    49.33   36.05
-223035.522   126.046    45.25   24.72
-222746.379   132.595    22.65   18.00
-222457.235   139.145    22.65   18.97
-222168.088   145.030    20.35   24.82
-221878.939   155.478    36.13   33.29
-221589.788   166.312    37.47   35.01
-221300.635   172.928    22.88   33.41
-221011.480   180.928    27.67   31.90
-220722.323   188.151    24.98   31.06
-220433.164   197.809    33.40   30.41
-220144.002   201.345    12.23   27.84
-219854.839   203.095     6.05   26.92
-219565.673   199.927   -10.95   30.28
-219276.505   195.334   -15.88   32.03
-218987.335   190.578   -16.45   31.28
-218698.163   190.634     0.19   29.56
-218408.989   190.961     1.13   28.68
-218119.813   196.168    18.01   30.53
-217830.635   197.256     3.76   30.97
-217541.454   198.878     5.61   29.96
-217252.272   201.114     7.73   32.28
-216963.087   202.099     3.41   33.05
-216673.900   196.295   -20.07   32.00
-216384.711   190.388   -20.43   33.75
-216095.520   185.611   -16.52   33.87
-215806.327   177.470   -28.15   30.94
-215517.131   169.978   -25.90   25.18
-215227.934   165.693   -14.82   23.17
-214938.734   164.978    -2.47   24.00
-214649.532   161.048   -13.59   20.54
-214360.328   163.273     7.69   20.29
-214071.122   168.116    16.75   23.80
-213781.914   179.116    38.03   32.77
-213492.704   193.116    48.41   42.25
-213203.491   212.789    68.02   45.78
-212914.277   223.781    38.01   47.37
-212625.060   233.565    33.83   44.15
-212335.841   244.945    39.35   41.97
-212046.620   248.872    13.58   34.84
-211757.397   246.368    -8.66   33.55
-211468.171   242.748   -12.52   22.83
-211178.944   239.436   -11.45   20.43
-210889.714   235.207   -14.62   22.73
-210600.482   228.068   -24.68   33.03
-210311.248   217.910   -35.12   38.52
-210022.012   210.877   -24.32   38.43
-209732.774   205.461   -18.72   35.14
-209443.534   208.300     9.81   35.74
-209154.291   219.065    37.22   44.26
-208865.046   255.145   124.73   75.09
-208575.799   287.365   111.39   83.27
-208286.550   312.191    85.83   87.19
-207997.299   336.114    82.70   79.96
-207708.045   342.605    22.44   70.52
-207418.790   340.995    -5.57   66.02
-207129.532   329.496   -39.75   61.35
-206840.272   313.495   -55.32   54.12
-206551.010   298.323   -52.45   53.84
-206261.746   278.322   -69.14   51.19
-205972.479   263.445   -51.43   46.99
-205683.211   253.330   -34.97   40.86
-205393.940   246.656   -23.07   39.22
-205104.667   239.048   -26.30   34.60
-204815.392   233.795   -18.16   35.32
-204526.114   233.306    -1.69   35.90
-204236.835   234.778     5.09   37.19
-203947.553   233.479    -4.49   40.42
-203658.269   237.277    13.13   44.67
-203368.983   242.895    19.42   44.90
-203079.695   244.378     5.13   44.39
-202790.404   244.732     1.22   43.35
-202501.112   244.427    -1.05   44.95
-202211.817   246.048     5.60   44.81
-201922.520   236.131   -34.28   47.13
-201633.221   224.772   -39.26   46.42
-201343.919   221.256   -12.15   47.38
-201054.616   220.392    -2.99   47.03
-200765.310   210.203   -35.22   44.61
-200476.002   201.599   -29.74   43.30
-200186.692   199.436    -7.48   39.07
-199897.379   200.778     4.64   38.90
-199608.065   205.961    17.92   38.74
-199318.748   202.707   -11.25   35.95
-199029.429   206.854    14.33   38.09
-198740.108   216.114    32.00   44.49
-198450.784   222.090    20.66   48.42
-198161.458   228.182    21.05   50.72
-197872.131   224.847   -11.53   58.22
-197582.800   226.140     4.47   63.58
-197293.468   216.385   -33.71   69.17
-197004.134   199.513   -58.31   76.71
-196714.797   188.289   -38.79   74.67
-196425.458   163.961   -84.08   66.29
-196136.117   144.926   -65.79   55.45
-195846.774   125.028   -68.77   41.46
-195557.428   108.961   -55.53   27.58
-195268.080   102.461   -22.46   26.53
-194978.730    93.792   -29.96   23.98
-194689.378    89.845   -13.64   23.24
-194400.023    89.341    -1.74   23.80
-194110.667    86.803    -8.77   24.14
-193821.308    88.080     4.41   24.26
-193531.946    91.030    10.20   26.13
-193242.583    93.092     7.13   28.16
-192953.217    94.261     4.04   28.30
-192663.850    98.365    14.18   31.70
-192374.479    99.892     5.28   31.32
-192085.107   112.927    45.04   35.94
-191795.732   123.043    34.96   40.99
-191506.356   135.341    42.49   42.72
-191216.977   141.168    20.14   37.42
-190927.595   139.375    -6.20   38.36
-190638.212   133.479   -20.38   41.29
-190348.826   125.814   -26.49   42.68
-190059.438   119.145   -23.04   40.95
-189770.048   108.732   -35.98   38.21
-189480.655   101.084   -26.43   34.90
-189191.260    96.685   -15.20   33.32
-188901.863    95.311    -4.75   33.48
-188612.464    94.555    -2.61   33.44
-188323.062    96.211     5.72   37.76
-188033.659    94.330    -6.50   36.08
-187744.252    96.254     6.65   38.51
-187454.844    89.944   -21.80   23.17
-187165.434    88.828    -3.86   15.29
-186876.021    89.453     2.16    8.51
-186586.606    90.375     3.19    7.48
-186297.188    92.978     8.99    7.63
-186007.769    95.065     7.21    9.15
-185718.347    97.395     8.05   10.05
-185428.923    97.695     1.04   10.98
-185139.496    97.795     0.35   13.65
-184850.068    96.495    -4.49   14.81
-184560.637    93.289   -11.08   15.45
-184271.203    89.910   -11.67   15.33
-183981.768    87.944    -6.79   19.61
-183692.330    87.584    -1.24   23.13
-183402.890    84.453   -10.82   24.54
-183113.448    79.961   -15.52   25.51
-182824.003    72.203   -26.80   25.28
-182534.556    65.943   -21.62   25.81
-182245.107    58.695   -25.04   21.45
-181955.656    53.419   -18.23   14.04
-181666.202    50.311   -10.74   14.10
-181376.746    46.065   -14.67   14.51
-181087.288    40.277   -19.99   10.86
-180797.827    37.145   -10.82   10.62
-180508.364    33.894   -11.23   10.67
-180218.899    31.994    -6.56   10.48
-179929.431    30.341    -5.71   10.29
-179639.962    30.306    -0.12   11.55
-179350.490    30.237    -0.24   10.56
-179061.015    28.099    -7.39    9.61
-178771.539    27.027    -3.70    9.85
-178482.060    26.513    -1.78   11.53
-178192.578    27.461     3.28   15.70
-177903.095    29.410     6.73   18.42
-177613.609    33.029    12.50   19.67
-177324.121    36.207    10.98   19.83
-177034.630    39.616    11.78   17.65
-176745.138    41.011     4.82   12.31
-176455.643    42.733     5.95    9.49
-176166.145    43.772     3.59    9.30
-175876.646    48.345    15.80   15.67
-175587.144    55.758    25.61   19.24
-175297.639    59.155    11.73   20.33
-175008.133    61.747     8.95   20.72
-174718.624    65.795    13.98   20.81
-174429.112    72.306    22.49   22.30
-174139.599    79.010    23.16   27.37
-173850.083    86.224    24.91   30.39
-173560.565    93.323    24.52   33.73
-173271.044   109.504    55.89   38.24
-172981.521   120.872    39.26   38.95
-172691.996   126.683    20.07   38.25
-172402.469   133.411    23.24   35.46
-172112.939   133.639     0.79   34.02
-171823.407   134.392     2.60   32.14
-171534.246   131.890    -8.65   31.42
-171245.213   124.878   -24.26   27.12
-170956.179   122.806    -7.17   26.42
-170667.141   119.061   -12.96   22.29
-170378.102   115.461   -12.45   22.77
-170089.060   112.530   -10.14   22.46
-169800.016   108.599   -13.60   21.84
-169510.969   107.513    -3.76   24.76
-169221.921   108.568     3.65   30.61
-168932.869   110.013     5.00   32.30
-168643.816   111.161     3.97   31.55
-168354.760   110.272    -3.08   32.30
-168065.702   101.599   -30.00   35.08
-167776.641    90.420   -38.67   36.77
-167487.579    80.928   -32.84   32.64
-167198.513    72.420   -29.43   25.61
-166909.446    69.926    -8.63   22.78
-166620.376    67.548    -8.23   21.78
-166331.304    68.261     2.47   21.75
-166042.229    72.720    15.42   22.83
-165753.152    79.601    23.80   23.68
-165464.073    87.013    25.64   21.15
-165174.992    91.283    14.77   20.83
-164885.908    94.033     9.51   21.23
-164596.821   103.761    33.65   21.55
-164307.733   111.882    28.09   22.53
-164018.642   115.082    11.07   22.49
-163729.548   113.778    -4.51   22.90
-163440.453   112.565    -4.20   22.43
-163151.355   113.538     3.36   21.34
-162862.254   115.809     7.86   21.50
-162573.151   117.351     5.33   23.05
-162284.046   120.683    11.52   23.81
-161994.939   126.189    19.05   23.55
-161705.829   133.578    25.56   20.39
-161416.717   130.944    -9.11   22.88
-161127.602   126.042   -16.95   26.08
-160838.485   119.511   -22.59   27.79
-160549.366   113.561   -20.58   25.79
-160260.244   110.703    -9.89   25.56
-159971.120   108.049    -9.18   20.96
-159681.993   107.300    -2.59   19.15
-159392.865   107.927     2.17   20.96
-159103.733   109.800     6.48   22.27
-158814.600   110.011     0.73   22.86
-158525.464   110.801     2.73   22.24
-158236.326   110.860     0.20   21.59
-157947.185   114.116    11.26   24.12
-157658.042   119.010    16.93   26.33
-157368.896   124.685    19.63   25.67
-157079.748   129.685    17.29   24.02
-156790.598   130.634     3.28   22.81
-156501.445   127.048   -12.40   22.75
-156212.290   120.728   -21.85   20.16
-155923.133   113.910   -23.58   15.84
-155633.973   108.211   -19.71   14.76
-155344.811   104.479   -12.91   14.04
-155055.646    98.341   -21.23   15.36
-154766.479    90.861   -25.86   17.94
-154477.310    86.249   -15.95   16.08
-154188.138    83.295   -10.22   14.29
-153898.964    80.997    -7.95   14.17
-153609.787    80.875    -0.42   14.88
-153320.608    80.996     0.42   16.08
-153031.427    82.097     3.81   16.03
-152742.243    84.568     8.54   16.02
-152453.057    82.841    -5.97   15.34
-152163.868    81.095    -6.04   14.96
-151874.677    81.295     0.69   14.46
-151585.484    81.628     1.15   13.25
-151296.288    83.211     5.47   12.06
-151007.090    84.645     4.96   12.43
-150717.889    87.995    11.58   12.25
-150428.686    91.289    11.39   11.10
-150139.480    91.639     1.21   10.62
-149850.273    94.927    11.37   11.96
-149561.062    99.076    14.35   12.72
-149271.849   103.461    15.16   14.84
-148982.634   106.461    10.37   15.95
-148693.417   113.012    22.65   17.76
-148404.197   118.658    19.52   19.74
-148114.974   125.388    23.27   20.36
-147825.749   130.555    17.86   20.20
-147536.522   133.545    10.34   18.06
-147247.292   137.237    12.77   17.06
-146958.060   138.347     3.84   17.36
-146668.826   138.745     1.37   18.20
-146379.589   143.266    15.63   21.49
-146090.349   145.429     7.48   22.28
-145801.107   146.841     4.88   20.56
-145511.863   140.634   -21.46   23.08
-145222.616   136.513   -14.25   22.26
-144933.367   128.979   -26.05   23.71
-144644.115   122.256   -23.24   24.18
-144354.861   113.013   -31.96   21.19
-144065.605   107.427   -19.31   18.10
-143776.346   102.548   -16.87   14.47
-143487.084   103.168     2.15   15.02
-143197.820   100.639    -8.74   15.70
-142908.554    99.351    -4.45   16.42
-142619.285    99.046    -1.05   17.47
-142330.014    96.821    -7.69   16.96
-142040.740    92.220   -15.91   17.94
-141751.464    86.811   -18.70   13.80
-141462.186    86.778    -0.12   12.50
-141172.904    87.106     1.14   12.81
-140883.621    87.729     2.15   13.77
-140594.335    89.428     5.87   15.25
-140305.047    89.768     1.18   15.34
-140015.756    86.306   -11.97   17.30
-139726.462    81.645   -16.11   17.19
-139437.167    78.703   -10.17   16.04
-139147.868    75.571   -10.82   16.08
-138858.567    75.768     0.68   17.85
-138569.264    74.361    -4.86   18.00
-138279.959    74.161    -0.69   18.70
-137990.650    76.535     8.20   18.68
-137701.340    73.561   -10.28   15.79
-137412.027    69.211   -15.04   13.13
-137122.711    67.317    -6.55   12.24
-136833.393    66.272    -3.61   12.93
-136544.073    66.470     0.68   13.15
-136254.750    67.571     3.81   13.36
-135965.424    71.538    13.71   14.10
-135676.096    75.496    13.68   14.37
-135386.766    80.523    17.37   14.80
-135097.433    79.043    -5.11   15.77
-134808.097    75.165   -13.40   18.85
-134518.759    72.929    -7.73   19.30
-134229.419    71.996    -3.22   19.24
-133940.076    69.558    -8.43   17.67
-133650.731    67.584    -6.82   14.57
-133361.383    66.588    -3.44   12.72
-133072.033    68.278     5.84   12.17
-132782.680    69.470     4.12   11.37
-132493.324    70.151     2.35   11.79
-132203.966    69.080    -3.70   12.62
-131914.606    66.097   -10.31   15.17
-131625.243    62.437   -12.65   16.64
-131335.878    58.789   -12.61   14.17
-131046.510    58.639    -0.52   14.35
-130757.140    59.979     4.63   15.81
-130467.767    61.673     5.85   15.84
-130178.392    62.535     2.98   15.80
-129889.014    67.300    16.47   13.22
-129599.633    69.761     8.50   11.15
-129310.250    70.961     4.15   11.87
-129020.865    70.944    -0.06   11.77
-128731.477    74.792    13.29   13.22
-128442.087    78.843    14.00   12.84
-128152.694    81.470     9.08   11.19
-127863.298    81.768     1.03   11.84
-127573.900    79.795    -6.82   13.03
-127284.500    77.102    -9.31   14.40
-126995.097    73.832   -11.30   15.33
-126705.691    70.561   -11.30   14.85
-126416.283    65.673   -16.89   15.57
-126126.873    62.737   -10.14   15.48
-125837.460    58.347   -15.17   14.35
-125548.044    55.809    -8.77   14.56
-125258.626    52.571   -11.19   14.81
-124969.205    51.542    -3.56   14.04
-124679.782    49.622    -6.63   13.11
-124390.356    47.392    -7.70   12.63
-124100.928    47.656     0.91   12.62
-123811.497    48.461     2.78   12.51
-123522.064    50.437     6.82   12.22
-123232.628    54.496    14.02   12.15
-122943.189    56.634     7.39   10.92
-122653.748    56.254    -1.31   11.03
-122364.305    59.622    11.64   11.54
-122074.859    62.195     8.89   11.83
-121785.410    64.651     8.49   13.14
-121495.959    65.611     3.32   13.81
-121206.505    65.586    -0.09   12.83
-120917.049    63.841    -6.03   14.03
-120627.590    60.795   -10.52   15.72
-120338.129    58.131    -9.20   13.97
-120048.665    59.158     3.55   14.28
-119759.199    58.961    -0.68   13.83
-119469.730    58.789    -0.60   14.31
-119180.258    59.792     3.46   16.29
-118890.784    63.207    11.80   16.80
-118601.307    66.830    12.52   17.52
-118311.828    69.168     8.08   20.09
-118022.346    70.811     5.68   21.51
-117732.862    71.435     2.15   21.42
-117443.375    72.601     4.03   19.48
-117153.885    73.428     2.86   18.63
-116864.393    73.605     0.61   18.46
-116574.899    71.148    -8.49   17.27
-116285.402    65.408   -19.83   15.45
-115995.902    59.109   -21.76   16.49
-115706.399    52.996   -21.12   17.73
-115416.895    51.076    -6.63   17.96
-115127.387    48.748    -8.04   17.65
-114837.877    47.272    -5.10   17.88
-114548.364    47.737     1.61   18.53
-114258.849    49.651     6.61   18.79
-113969.331    51.584     6.68   19.06
-113679.811    53.065     5.11   19.39
-113390.288    54.511     5.00   17.98
-113100.763    56.392     6.50   15.94
-112811.234    57.751     4.69   15.49
-112521.704    61.897    14.32   15.08
-112232.170    65.578    12.71   13.74
-111942.635    66.171     2.05   13.69
-111653.096    64.049    -7.33   15.21
-111363.555    59.513   -15.67   19.48
-111074.011    55.145   -15.09   21.27
-110784.465    52.385    -9.53   21.98
-110494.916    48.128   -14.70   23.01
-110205.365    44.444   -12.72   22.33
-109915.811    37.961   -22.39   22.06
-109626.254    34.839   -10.78   22.63
-109336.968    33.478    -4.70   22.79
-109047.967    29.584   -13.47   20.80
-108758.964    25.358   -14.62   17.40
-108469.958    19.395   -20.63   13.17
-108180.949    15.461   -13.61   11.06
-107891.938    12.045   -11.82    9.08
-107602.924     8.961   -10.67    5.09
-107313.908     8.063    -3.11    4.21
-107024.889     7.847    -0.75    4.42
-106735.867     8.137     1.00    4.54
-106446.843     8.595     1.58    5.41
-106157.816     8.134    -1.59    5.25
-105868.786     7.510    -2.16    5.44
-105579.754     6.111    -4.84    4.97
-105290.720     5.228    -3.06    4.57
-105001.683     4.272    -3.31    4.44
-104712.643     3.821    -1.56    4.02
-104423.600     3.043    -2.69    2.95
-104134.555     2.995    -0.17    3.52
-103845.507     4.348     4.68    4.97
-103556.457     4.927     2.00    5.15
-103267.404     5.497     1.97    5.30
-102978.349     6.545     3.62    6.32
-102689.290     9.099     8.84    7.78
-102400.230    14.191    17.61   14.08
-102111.166    21.461    25.15   22.23
-101822.100    32.461    38.05   28.68
-101533.031    42.651    35.25   29.69
-101243.960    55.375    44.02   28.61
-100954.886    67.661    42.50   25.44
-100665.810    79.116    39.63   20.37
-100376.731    86.195    24.48   20.52
-100087.649    90.890    16.24   20.11
 -99798.564    94.254    11.64   18.38
 -99509.477    98.161    13.51   17.91
 -99220.388   100.895     9.45   16.59
 -98931.295    99.486    -4.87   15.96
 -98642.200    99.015    -1.63   13.32
 -98353.103    97.530    -5.14   12.47
 -98064.002    94.961    -8.89   11.20
 -97774.899    92.428    -8.76   10.63
 -97485.794    89.289   -10.86   10.63
 -97196.686    86.530    -9.54    9.11
 -96907.575    83.311   -11.13    9.24
 -96618.461    79.565   -12.96    9.79
 -96329.345    76.060   -12.12    9.52
 -96040.226    72.795   -11.29    9.34
 -95751.105    70.095    -9.34    9.04
 -95461.981    66.761   -11.53    7.43
 -95172.854    64.961    -6.23    6.28
 -94883.725    64.266    -2.40    4.60
 -94594.593    63.375    -3.08    4.14
 -94305.458    61.945    -4.95    5.22
 -94016.321    60.945    -3.46    5.08
 -93727.181    59.858    -3.76    4.14
 -93438.038    58.720    -3.94    4.66
 -93148.893    57.049    -5.78    5.18
 -92859.745    56.228    -2.84    5.00
 -92570.594    56.317     0.31    4.77
 -92281.441    56.028    -1.00    4.86
 -91992.285    54.927    -3.81    4.34
 -91703.126    53.926    -3.46    4.92
 -91413.965    52.878    -3.63    5.41
 -91124.801    51.011    -6.46    6.73
 -90835.634    49.388    -5.62    6.94
 -90546.465    47.082    -7.97    6.42
 -90257.293    45.513    -5.43    5.63
 -89968.118    44.065    -5.01    6.23
 -89678.940    42.806    -4.35    6.95
 -89389.760    42.388    -1.45    7.36
 -89100.578    41.806    -2.01    7.49
 -88811.392    40.097    -5.91    7.85
 -88522.204    37.676    -8.37    7.72
 -88233.013    36.555    -3.88    7.89
 -87943.820    35.897    -2.27    8.62
 -87654.624    35.758    -0.48    9.15
 -87365.425    36.690     3.22    9.01
 -87076.223    37.772     3.74    8.97
 -86787.019    39.289     5.25    9.16
 -86497.812    40.695     4.86    8.90
 -86208.602    41.411     2.48    8.41
 -85919.390    40.590    -2.84    8.30
 -85630.175    38.658    -6.68    8.32
 -85340.957    36.661    -6.90    8.67
 -85051.737    34.265    -8.29    8.16
 -84762.514    33.865    -1.38    9.32
 -84473.288    34.300     1.51   10.65
 -84184.059    36.728     8.39   11.24
 -83894.828    38.775     7.08   11.78
 -83605.594    40.599     6.31   12.17
 -83316.358    41.161     1.94   11.68
 -83027.118    41.402     0.83   10.79
 -82737.876    42.574     4.05    9.55
 -82448.631    42.639     0.22    8.62
 -82159.384    42.140    -1.73    8.86
 -81870.134    42.080    -0.21    8.79
 -81580.881    41.323    -2.62    8.90
 -81291.625    40.338    -3.41    9.23
 -81002.367    39.410    -3.21    9.40
 -80713.106    39.599     0.66    9.54
 -80423.842    41.030     4.95   11.05
 -80134.575    44.944    13.53   12.20
 -79845.306    47.470     8.73   11.97
 -79556.034    49.861     8.27   11.64
 -79266.760    52.633     9.58   10.92
 -78977.482    55.295     9.20    9.96
 -78688.202    57.996     9.34    9.64
 -78398.919    59.245     4.32    9.57
 -78109.634    59.910     2.30    9.99
 -77820.345    58.478    -4.95   12.02
 -77531.054    56.996    -5.12   12.98
 -77241.760    55.944    -3.64   13.45
 -76952.464    54.496    -5.01   13.12
 -76663.165    52.994    -5.19   12.68
 -76373.863    52.453    -1.87   12.16
 -76084.558    52.892     1.52   12.96
 -75795.250    55.478     8.94   15.39
 -75505.940    55.237    -0.83   15.57
 -75216.627    56.645     4.86   15.14
 -74927.311    57.495     2.94   14.66
 -74637.993    59.478     6.86   15.61
 -74348.672    61.461     6.86   16.92
 -74059.348    62.685     4.23   17.34
 -73770.021    66.445    12.99   19.22
 -73480.692    70.685    14.66   20.57
 -73191.359    73.355     9.23   21.46
 -72902.024    71.912    -4.99   19.91
 -72612.687    69.821    -7.23   17.80
 -72323.346    68.599    -4.22   14.87
 -72034.003    68.676     0.26   14.07
 -71744.657    73.240    15.77   18.17
 -71455.308    78.470    18.07   21.20
 -71165.957    82.295    13.22   21.16
 -70876.602    84.996     9.33   20.00
 -70587.245    85.926     3.21   19.07
 -70297.886    85.295    -2.18   17.63
 -70008.523    84.530    -2.64   14.21
 -69719.158    87.611    10.65   16.77
 -69429.790    92.996    18.61   18.23
 -69140.419    96.427    11.86   17.53
 -68851.045    98.996     8.88   18.16
 -68561.669   102.737    12.93   18.95
 -68272.289   108.650    20.43   22.84
 -67982.907   119.306    36.82   31.83
 -67693.523   128.639    32.25   36.09
 -67404.135   137.658    31.16   35.76
 -67114.745   146.894    31.91   32.95
 -66825.352   155.413    29.44   30.35
 -66535.956   163.656    28.48   27.58
 -66246.557   164.445     2.72   26.68
 -65957.155   161.575    -9.91   27.28
 -65667.751   154.599   -24.10   29.33
 -65378.344   143.278   -39.12   33.48
 -65088.934   134.961   -28.74   34.70
 -64799.522   122.590   -42.74   32.63
 -64510.106   110.426   -42.03   25.49
 -64220.688   102.445   -27.58   19.61
 -63931.267   100.872    -5.43   21.24
 -63641.843   106.381    19.03   27.39
 -63352.417   109.775    11.73   31.29
 -63062.987   117.161    25.52   36.43
 -62773.555   124.961    26.95   37.70
 -62484.120   131.599    22.93   34.81
 -62194.682   133.402     6.23   31.78
 -61905.242   136.792    11.71   29.43
 -61615.798   133.461   -11.51   32.07
 -61326.352   125.588   -27.20   32.06
 -61036.903   113.277   -42.53   27.61
 -60747.451   105.656   -26.33   22.40
 -60457.997   100.392   -18.19   18.98
 -60168.539   102.470     7.18   21.73
 -59879.079   104.358     6.52   22.20
 -59589.616   108.030    12.69   23.86
 -59300.150   108.841     2.80   24.12
 -59010.681   109.254     1.43   23.90
 -58721.210   111.128     6.47   24.30
 -58431.735   106.453   -16.15   22.29
 -58142.258   101.611   -16.72   16.70
 -57852.778   101.049    -1.94   17.38
 -57563.295   103.289     7.74   18.02
 -57273.809   105.511     7.68   18.11
 -56984.321   108.995    12.03   21.06
 -56694.830   112.535    12.23   23.90
 -56405.336   115.943    11.77   24.82
 -56115.839   118.444     8.64   28.23
 -55826.339   115.533   -10.06   25.84
 -55536.836   113.027    -8.66   26.03
 -55247.331   110.732    -7.93   22.76
 -54957.822   111.013     0.97   20.83
 -54668.311   117.961    24.00   24.61
 -54378.797   124.703    23.28   26.35
 -54089.280   131.178    22.37   27.12
 -53799.761   141.178    34.54   24.94
 -53510.238   145.661    15.49   20.52
 -53220.713   149.300    12.57   16.74
 -52931.185   151.435     7.37   16.46
 -52641.654   150.378    -3.65   20.75
 -52352.120   155.099    16.31   22.39
 -52062.583   158.741    12.58   22.28
 -51773.043   162.411    12.68   21.69
 -51483.501   168.199    19.99   14.27
 -51193.956   168.168    -0.10   14.93
 -50904.408   161.737   -22.21   22.11
 -50614.857   154.092   -26.40   25.36
 -50325.303   145.300   -30.36   26.12
 -50035.746   138.528   -23.39   23.70
 -49746.186   135.030   -12.08   22.85
 -49456.624   133.927    -3.81   21.69
 -49167.059   137.879    13.65   22.81
 -48877.490   139.811     6.67   22.12
 -48587.919   139.666    -0.50   21.66
 -48298.345   138.803    -2.98   22.38
 -48008.769   133.668   -17.73   25.25
 -47719.189   126.928   -23.28   26.04
 -47429.607   121.741   -17.91   23.41
 -47140.166   118.240   -12.10   19.08
 -46851.200   116.616    -5.62   19.50
 -46562.231   117.622     3.48   21.22
 -46273.259   116.610    -3.50   22.81
 -45984.285   118.470     6.43   22.25
 -45695.308   123.633    17.87   22.80
 -45406.327   127.894    14.74   25.07
 -45117.344   129.978     7.21   24.17
 -44828.358   131.427     5.01   22.80
 -44539.369   132.538     3.84   22.91
 -44250.378   123.841   -30.09   30.93
 -43961.383   116.378   -25.82   30.87
 -43672.386   109.043   -25.38   26.24
 -43383.385   108.382    -2.29   26.86
 -43094.382   116.628    28.53   34.41
 -42805.376   131.801    52.50   39.39
 -42516.367   145.881    48.72   35.90
 -42227.355   159.695    47.80   25.16
 -41938.340   167.911    28.43   16.58
 -41649.323   169.685     6.14   13.94
 -41360.302   162.558   -24.66   21.06
 -41071.279   152.845   -33.61   26.26
 -40782.253   137.772   -52.15   32.67
 -40493.223   119.655   -62.68   34.93
 -40204.191   108.634   -38.13   29.42
 -39915.156   100.703   -27.44   20.30
 -39626.119    99.341    -4.71   17.87
 -39337.078   107.185    27.14   25.42
 -39048.034   118.092    37.73   31.43
 -38758.988   130.375    42.49   31.84
 -38469.938   143.116    44.08   27.07
 -38180.886   150.772    26.48   20.34
 -37891.831   157.048    21.71   14.84
 -37602.773   161.445    15.21   13.86
 -37313.712   166.911    18.91   16.14
 -37024.648   168.216     4.51   16.59
 -36735.581   165.260   -10.23   20.97
 -36446.511   158.789   -22.38   29.14
 -36157.438   148.278   -36.36   36.71
 -35868.363   136.811   -39.67   39.80
 -35579.284   121.961   -51.37   38.08
 -35290.203   106.892   -52.13   30.96
 -35001.119    92.661   -49.23   18.03
 -34712.032    90.207    -8.49   15.03
 -34422.941    92.328     7.34   15.40
 -34133.848    93.961     5.65   14.81
 -33844.752    96.775     9.73   15.98
 -33555.654    97.843     3.69   16.17
 -33266.552    96.111    -5.99   17.24
 -32977.447    92.095   -13.89   19.40
 -32688.339    84.444   -26.46   21.63
 -32399.229    79.420   -17.38   23.16
 -32110.115    71.045   -28.97   18.99
 -31820.999    67.382   -12.67   16.22
 -31531.879    66.690    -2.39   16.25
 -31242.757    66.979     1.00   16.35
 -30953.632    67.361     1.32   16.20
 -30664.504    71.745    15.16   18.14
 -30375.373    75.470    12.88   18.81
 -30086.239    80.427    17.14   18.72
 -29797.102    83.558    10.83   17.37
 -29507.962    86.748    11.03   16.80
 -29218.819    89.761    10.42   15.39
 -28929.673    92.526     9.56   15.93
 -28640.525    90.875    -5.71   16.33
 -28351.373    91.996     3.88   18.97
 -28062.218    96.097    14.18   23.32
 -27773.061   101.116    17.36   26.41
 -27483.900    99.978    -3.94   28.03
 -27194.737    94.530   -18.84   24.96
 -26905.570    92.427    -7.27   24.36
 -26616.401    92.668     0.83   21.75
 -26327.229    94.978     7.99   27.61
 -26038.053    94.847    -0.45   30.33
 -25748.875    98.513    12.68   32.69
 -25459.694   107.012    29.39   36.42
 -25170.510   115.014    27.67   36.18
 -24881.323   120.185    17.88   36.29
 -24592.133   122.861     9.25   35.02
 -24302.940   122.300    -1.94   33.56
 -24013.744   118.896   -11.77   33.27
 -23724.545   119.354     1.59   34.59
 -23435.343   109.978   -32.42   36.28
 -23146.138    98.891   -38.34   34.43
 -22856.930    92.816   -21.01   32.68
 -22567.719    90.695    -7.34   32.44
 -22278.506    97.428    23.28   31.66
 -21989.289   100.741    11.46   30.12
 -21700.069   100.610    -0.45   28.30
 -21410.846   103.061     8.47   26.34
 -21121.621   102.063    -3.45   25.95
 -20832.392   100.010    -7.10   26.04
 -20543.160    95.761   -14.69   26.47
 -20253.926    88.872   -23.82   25.76
 -19964.688    84.436   -15.34   25.28
 -19675.448    77.858   -22.74   25.46
 -19386.204    74.765   -10.69   25.84
 -19096.957    70.737   -13.92   27.41
 -18807.708    62.168   -29.62   26.92
 -18518.455    56.392   -19.97   25.82
 -18229.200    50.097   -21.76   23.38
 -17939.941    44.511   -19.31   22.63
 -17650.680    37.927   -22.76   22.04
 -17361.415    29.878   -27.83   19.74
 -17072.148    24.104   -19.96   18.92
 -16782.877    16.841   -25.11   12.98
 -16493.604    11.145   -19.69   10.97
 -16204.327     7.470   -12.70    8.40
 -15915.048     4.306   -10.94    4.81
 -15625.765     2.676    -5.63    2.25
 -15336.480     2.048    -2.17    1.84
 -15047.191     2.031    -0.06    1.82
 -14757.900     2.106     0.26    1.73
 -14468.605     2.224     0.40    1.59
 -14179.308     2.461     0.82    1.45
 -13890.007     2.311    -0.52    1.42
 -13600.704     2.358     0.16    1.41
 -13311.397     2.495     0.47    1.32
 -13022.088     2.195    -1.04    1.44
 -12732.775     2.011    -0.63    1.57
 -12443.459     1.453    -1.93    1.63
 -12154.141     1.277    -0.61    1.73
 -11864.819     1.011    -0.92    1.85
 -11575.494     0.599    -1.42    1.88
 -11286.167     0.361    -0.82    1.81
 -10996.836    -0.039    -1.38    1.89
 -10707.502     0.538     1.99    3.40
 -10418.166     1.392     2.95    4.58
 -10128.826     2.224     2.88    5.08
  -9839.483     3.158     3.23    5.24
  -9550.137     3.334     0.61    5.25
  -9260.788     3.748     1.43    5.24
  -8971.436     3.306    -1.53    4.87
  -8682.081     2.347    -3.31    3.82
  -8392.723     1.526    -2.84    2.49
  -8103.362     2.012     1.68    3.23
  -7813.998     2.145     0.46    3.48
  -7524.631     1.875    -0.93    3.48
  -7235.261     1.513    -1.25    3.56
  -6945.888     0.995    -1.79    3.46
  -6656.512     0.538    -1.58    3.35
  -6367.132     0.027    -1.76    3.02
  -6077.750    -0.849    -3.03    1.05
  -5788.365    -0.886    -0.13    0.61
  -5498.976    -0.600     0.99    1.12
  -5209.585    -0.289     1.08    1.36
  -4920.191    -0.301    -0.04    1.37
  -4630.793    -0.172     0.45    1.48
  -4341.392     0.878     3.63    3.32
  -4051.989     2.410     5.29    5.12
  -3762.582     3.317     3.14    5.38
  -3473.172     4.461     3.95    5.24
  -3183.759     5.273     2.80    4.89
  -2894.343     6.061     2.72    4.40
  -2604.925     5.803    -0.89    4.25
  -2315.503     4.295    -5.21    3.85
  -2026.077     3.265    -3.56    3.70
  -1736.649     2.203    -3.67    3.80
  -1447.218     1.028    -4.06    3.12
  -1157.784     0.295    -2.53    2.63
   -868.346    -0.297    -2.05    1.97
   -578.906    -0.793    -1.71    0.87
   -289.463    -0.405     1.34    1.48
     -0.016     0.063     1.62    2.13
    289.434     0.300     0.82    2.42
    578.886     0.351     0.18    2.46
    868.342     0.237    -0.39    2.43
   1157.801     0.185    -0.18    2.44
   1447.263    -0.280    -1.61    2.06
   1736.728    -0.547    -0.92    1.91
   2026.196    -0.315     0.80    2.13
   2315.667     0.385     2.42    2.61
   2605.142     0.892     1.75    2.67
   2894.619     1.470     1.99    2.69
   3184.100     2.219     2.59    2.83
   3473.583     2.538     1.10    2.55
   3763.070     2.521    -0.06    2.06
   4052.559     2.651     0.45    1.97
   4342.052     2.565    -0.30    1.90
   4631.548     2.461    -0.36    1.88
   4921.047     2.378    -0.29    1.65
   5210.549     1.977    -1.38    1.31
   5500.055     1.729    -0.86    1.24
   5789.563     1.611    -0.41    1.26
   6079.074     1.658     0.16    1.36
   6368.589     1.558    -0.34    1.35
   6658.106     1.495    -0.22    1.17
   6947.627     1.428    -0.23    1.26
   7237.151     1.530     0.35    1.27
   7526.678     1.751     0.76    1.28
   7816.208     2.011     0.90    1.28
   8105.741     4.436     8.37    6.85
   8395.278    10.913    22.37   16.49
   8684.817    21.368    36.11   27.29
   8974.359    40.593    66.40   43.17
   9263.905    60.012    67.07   50.44
   9553.454    86.858    92.72   52.13
   9843.006   104.289    60.20   45.33
  10132.561   118.944    50.61   39.33
  10422.119   128.737    33.82   38.12
  10711.680   133.151    15.24   40.13
  11001.244   137.128    13.73   41.59
  11290.812   142.278    17.79   39.58
  11580.382   148.634    21.95   36.12
  11869.956   157.961    32.21   27.58
  12159.533   163.014    17.45   18.59
  12449.113   166.065    10.54    8.61
  12738.696   166.328     0.91    5.43
  13028.282   165.046    -4.43    4.65
  13317.872   161.719   -11.49   10.63
  13607.464   159.693    -7.00   13.60
  13897.060   154.436   -18.15   22.80
  14186.659   151.134   -11.40   24.63
  14476.261   148.929    -7.61   26.44
  14765.866   145.142   -13.08   27.49
  15055.474   143.582    -5.39   26.69
  15344.427   139.910   -12.71   26.87
  15633.366   141.628     5.94   25.87
  15922.308   143.828     7.61   26.40
  16211.253   149.845    20.82   26.58
  16500.201   154.945    17.65   25.03
  16789.152   160.461    19.09   20.47
  17078.107   166.533    21.01   14.15
  17367.064   170.080    12.28    7.59
  17656.025   171.461     4.78    5.77
  17944.989   171.945     1.67    5.82
  18233.956   172.504     1.93    5.76
  18522.926   173.233     2.52    5.79
  18811.900   174.116     3.06    5.55
  19100.876   174.909     2.74    5.35
  19389.856   175.511     2.09    5.20
  19678.839   175.148    -1.26    5.00
  19967.824   175.289     0.49    4.84
  20256.813   175.203    -0.30    4.83
  20545.806   174.875    -1.13    5.00
  20834.801   173.929    -3.28    5.04
  21123.800   173.114    -2.82    5.12
  21412.801   172.961    -0.53    4.76
  21701.806   172.806    -0.54    4.47
  21990.814   172.720    -0.30    4.17
  22279.825   173.741     3.53    4.43
  22568.840   174.945     4.16    5.17
  22857.857   175.879     3.23    6.41
  23146.878   175.772    -0.37    7.60
  23435.902   174.845    -3.21    9.74
  23724.929   170.818   -13.93   13.78
  24013.959   164.588   -21.56   18.59
  24302.992   151.711   -44.55   25.11
  24592.029   142.111   -33.21   24.92
  24881.068   134.142   -27.57   21.86
  25170.111   129.137   -17.32   18.44
  25459.157   128.261    -3.03   18.27
  25748.206   134.203    20.56   22.98
  26037.259   139.461    18.19   25.61
  26326.314   146.584    24.64   26.76
  26615.373   155.419    30.56   24.63
  26904.435   164.599    31.76   21.12
  27193.500   172.461    27.20   17.82
  27482.568   176.912    15.40   15.98
  27771.640   181.078    14.41   13.35
  28060.714   184.558    12.04    8.47
  28349.792   187.300     9.49    2.89
  28638.873   188.104     2.78    2.07
  28927.957   188.478     1.29    2.02
  29217.045   189.013     1.85    2.65
  29506.135   189.568     1.92    3.07
  29795.229   189.496    -0.25    4.69
  30084.326   188.634    -2.98    8.84
  30373.426   189.151     1.79    9.42
  30662.530   190.877     5.97   10.74
  30951.636   195.895    17.36   11.86
  31240.746   201.048    17.82   12.82
  31529.859   206.211    17.86   15.66
  31818.975   211.193    17.23   16.07
  32108.094   217.737    22.63   16.05
  32397.217   224.595    23.72   15.98
  32686.343   231.249    23.02   15.42
  32975.472   239.074    27.06   15.51
  33264.604   246.818    26.78   14.07
  33553.739   254.317    25.94   13.82
  33842.878   261.151    23.63   11.98
  34132.020   263.977     9.78   10.05
  34421.165   267.060    10.66    8.81
  34710.313   267.185     0.43   10.17
  34999.465   265.538    -5.70   14.26
  35288.620   259.961   -19.28   20.53
  35577.778   254.328   -19.48   26.62
  35866.939   248.745   -19.31   29.22
  36156.103   241.273   -25.84   32.33
  36445.271   230.378   -37.68   32.64
  36734.442   219.786   -36.63   31.66
  37023.616   217.504    -7.89   31.06
  37312.793   214.013   -12.07   27.64
  37601.973   216.879     9.91   28.40
  37891.157   219.504     9.08   27.83
  38180.344   227.131    26.37   29.35
  38469.534   232.668    19.15   30.40
  38758.728   235.189     8.72   31.91
  39047.925   241.295    21.11   34.96
  39337.125   249.148    27.15   33.95
  39626.328   251.881     9.45   32.56
  39915.534   250.737    -3.95   31.61
  40204.744   249.823    -3.16   31.29
  40493.957   241.584   -28.49   32.36
  40783.173   231.504   -34.86   32.12
  41072.392   223.683   -27.04   27.78
  41361.615   215.874   -27.00   20.38
  41650.841   211.185   -16.21   18.39
  41940.070   211.165    -0.07   19.20
  42229.302   215.878    16.30   22.33
  42518.538   218.748     9.92   23.22
  42807.777   218.203    -1.89   23.36
  43097.019   216.478    -5.96   21.85
  43386.265   213.874    -9.00   20.36
  43675.513   216.111     7.74   21.96
  43964.765   220.911    16.59   31.52
  44254.020   230.195    32.09   37.82
  44543.279   244.781    50.43   37.06
  44832.541   254.289    32.87   32.08
  45121.806   256.978     9.30   29.15
  45411.074   256.254    -2.50   29.04
  45700.345   246.486   -33.77   33.29
  45989.620   232.535   -48.23   31.84
  46278.898   216.341   -55.98   27.80
  46568.180   203.996   -42.67   26.39
  46857.464   195.801   -28.33   26.45
  47146.752   188.224   -26.19   26.39
  47436.043   178.828   -32.48   20.76
  47725.338   172.076   -23.34   18.44
  48014.635   166.651   -18.75   15.79
  48303.936   160.172   -22.40   10.61
  48593.241   158.011    -7.47    9.96
  48882.548   154.720   -11.38    7.51
  49171.859   152.240    -8.57    7.03
  49461.173   150.823    -4.90    5.16
  49750.491   150.496    -1.13    6.35
  50039.811   151.030     1.85    6.98
  50329.135   153.555     8.72    8.75
  50618.463   156.338     9.62   13.79
  50907.793   157.358     3.52   14.30
  51197.127   157.978     2.14   14.54
  51486.464   156.122    -6.41   13.05
  51775.805   156.504     1.32   12.91
  52065.148   155.155    -4.66    9.58
  52354.495   153.661    -5.16    7.80
  52643.846   154.076     1.43    8.92
  52933.199   154.015    -0.21    9.57
  53222.556   151.978    -7.04   10.35
  53511.917   147.351   -15.99   11.38
  53801.280   143.252   -14.17   10.46
  54090.647   140.655    -8.97    9.90
  54380.017   138.254    -8.30    8.33
  54669.391   136.063    -7.57    6.45
  54958.768   135.943    -0.41    6.81
  55248.148   137.461     5.25    8.78
  55537.531   139.011     5.36    9.55
  55826.918   140.528     5.24    8.96
  56116.308   141.668     3.94    9.53
  56405.701   142.158     1.69    9.72
  56695.098   143.128     3.35   10.72
  56984.498   141.634    -5.16    8.73
  57273.901   139.928    -5.89    8.83
  57563.308   137.995    -6.68    8.05
  57852.718   135.685    -7.98    7.85
  58142.131   133.220    -8.52    7.22
  58431.548   130.599    -9.06    6.61
  58720.968   128.289    -7.98    5.80
  59010.391   126.427    -6.43    5.21
  59299.818   124.961    -5.06    4.14
  59589.248   124.372    -2.04    3.89
  59878.681   124.639     0.92    4.79
  60168.118   125.316     2.34    5.32
  60457.558   126.278     3.32    5.72
  60747.001   126.814     1.85    5.82
  61036.448   126.926     0.39    5.41
  61325.897   126.185    -2.56    5.98
  61615.351   123.378    -9.70    6.22
  61904.807   121.502    -6.48    6.69
  62194.267   119.171    -8.05    6.85
  62483.731   116.944    -7.69    5.90
  62773.197   114.995    -6.73    5.64
  63062.668   113.137    -6.42    5.57
  63352.141   112.142    -3.44    5.66
  63641.618   110.411    -5.98    4.44
  63931.098   109.256    -3.99    4.01
  64220.581   108.220    -3.58    3.52
  64510.068   107.301    -3.18    3.06
  64799.558   106.711    -2.04    3.59
  65089.052   106.513    -0.68    4.37
  65378.549   106.043    -1.62    4.96
  65668.049   105.161    -3.05    4.82
  65957.552   104.048    -3.85    4.33
  66247.059   103.461    -2.02    4.08
  66536.570   103.048    -1.43    4.35
  66826.083   102.273    -2.68    4.28
  67115.600   101.496    -2.68    4.05
  67405.121   100.528    -3.34    5.09
  67694.645    99.892    -2.20    5.55
  67984.172    98.165    -5.97    5.24
  68273.702    96.526    -5.66    5.62
  68563.236    94.561    -6.79    5.20
  68852.774    92.306    -7.79    4.94
  69142.314    90.330    -6.82    4.27
  69431.858    88.427    -6.57    4.33
  69721.406    86.334    -7.23    3.73
  70010.956    84.545    -6.18    3.17
  70300.511    82.945    -5.52    2.97
  70590.068    81.685    -4.35    3.07
  70879.629    80.211    -5.09    2.91
  71169.193    78.821    -4.80    3.10
  71458.761    77.814    -3.48    3.16
  71748.332    76.673    -3.94    3.08
  72037.907    76.216    -1.58    3.25
  72327.485    76.063    -0.53    3.92
  72617.066    76.111     0.17    4.81
  72906.651    75.811    -1.04    5.36
  73196.239    75.858     0.16    5.97
  73485.830    75.316    -1.87    7.01
  73775.425    74.261    -3.64    6.79
  74065.023    72.375    -6.51    6.52
  74354.625    70.639    -5.99    7.00
  74644.230    68.375    -7.82    7.12
  74933.839    65.683    -9.30    7.92
  75223.450    63.254    -8.38    7.90
  75513.066    61.328    -6.65    8.27
  75802.684    59.582    -6.03    8.48
  76092.306    56.858    -9.41    8.36
  76381.932    54.623    -7.72    8.14
  76671.561    52.578    -7.06    7.65
  76961.193    50.797    -6.15    6.53
  77250.829    49.260    -5.31    5.49
  77539.939    48.806    -1.57    5.35
  77828.844    47.877    -3.22    6.04
  78117.752    46.728    -3.98    6.14
  78406.664    46.628    -0.35    6.33
  78695.579    46.789     0.56    6.29
  78984.498    46.561    -0.79    6.66
  79273.420    48.049     5.15    8.04
  79562.346    49.678     5.64    8.84
  79851.275    52.371     9.32    9.31
  80140.207    54.961     8.96    8.74
  80429.143    57.445     8.59    9.42
  80718.082    60.195     9.52    9.59
  81007.024    61.978     6.17   11.04
  81295.970    65.185    11.10   11.10
  81584.920    68.617    11.88   12.24
  81873.872    71.745    10.82   12.11
  82162.829    73.926     7.55   11.60
  82451.788    76.266     8.10   10.86
  82740.751    77.720     5.03    8.68
  83029.718    78.345     2.16    7.82
  83318.688    78.182    -0.56    6.98
  83607.661    75.711    -8.55    8.42
  83896.638    72.530   -11.01    9.46
  84185.618    68.505   -13.93   11.95
  84474.601    63.928   -15.84   13.33
  84763.589    59.599   -14.98   12.75
  85052.579    57.795    -6.24   12.21
  85341.573    57.375    -1.45   13.81
  85630.570    59.634     7.82   15.08
  85919.571    64.151    15.63   16.64
  86208.575    72.548    29.05   17.41
  86497.583    79.748    24.92   15.63
  86786.594    86.185    22.27   14.98
  87075.608    92.622    22.27   13.45
  87364.626    96.568    13.65   13.06
  87653.648    99.545    10.30   11.21
  87942.672   101.058     5.24   10.03
  88231.701   101.148     0.31    9.71
  88520.733    99.207    -6.71   10.78
  88809.768    96.604    -9.01   11.84
  89098.806    94.266    -8.09   11.75
  89387.848    91.445    -9.76   10.44
  89676.894    89.453    -6.89   10.26
  89965.943    89.009    -1.54   10.92
  90254.995    90.504     5.17   10.95
  90544.051    94.245    12.94   11.39
  90833.111    96.443     7.61   10.00
  91122.173    98.027     5.48    9.49
  91411.240   100.545     8.71    8.93
  91700.309   104.256    12.84   11.48
  91989.383   110.634    22.06   14.53
  92278.459   116.604    20.65   15.14
  92567.539   122.695    21.07   14.97
  92856.623   127.944    18.16   12.73
  93145.710   130.611     9.23   10.54
  93434.801   129.878    -2.54   11.27
  93723.895   126.927   -10.21   13.36
  94012.992   123.272   -12.64   14.58
  94302.093   118.944   -14.97   14.27
  94591.197   115.748   -11.05   10.37
  94880.305   113.927    -6.30    7.78
  95169.417   113.861    -0.23    7.60
  95458.532   115.616     6.07    7.69
  95747.650   119.513    13.48    8.13
  96036.772   121.683     7.50    9.51
  96325.897   124.028     8.11   10.25
  96615.026   126.256     7.71   10.63
  96904.158   128.283     7.01    9.91
  97193.294   129.479     4.14    9.15
  97482.433   131.289     6.26    9.09
  97771.576   133.977     9.30    9.88
  98060.722   137.994    13.89   11.34
  98349.872   142.220    14.62   14.48
  98639.025   147.228    17.32   13.94
  98928.182   148.375     3.97   14.11
  99217.342   147.595    -2.70   14.50
  99506.506   143.828   -13.03   16.33
  99795.673   139.611   -14.58   16.43
 100084.844   132.847   -23.39   13.90
 100374.018   128.048   -16.60   10.35
 100663.196   125.511    -8.77    7.89
 100952.377   125.306    -0.71    7.80
 101241.562   125.978     2.32    7.98
 101530.750   127.792     6.27    7.95
 101819.942   130.622     9.79    9.23
 102109.137   133.513    10.00   10.15
 102398.336   135.890     8.22   10.48
 102687.538   138.295     8.32   10.82
 102976.744   141.843    12.27   11.55
 103265.953   143.633     6.19   13.07
 103555.166   143.151    -1.67   13.55
 103844.382   144.134     3.40   13.67
 104133.602   147.224    10.68   19.06
 104422.825   156.555    32.26   30.10
 104712.052   164.437    27.25   32.33
 105001.283   172.927    29.35   32.98
 105290.517   185.496    43.46   31.91
 105579.754   195.504    34.60   29.77
 105868.995   205.245    33.68   21.57
 106158.240   212.187    24.00   16.06
 106447.488   215.634    11.92   14.36
 106736.739   219.278    12.60   12.05
 107025.994   222.154     9.94   10.53
 107315.253   223.945     6.19   10.02
 107604.515   225.795     6.40   11.17
 107893.781   226.778     3.40   12.85
 108183.050   230.863    14.12   17.11
 108472.323   233.031     7.50   17.42
 108761.600   233.278     0.85   17.81
 109050.879   230.461    -9.74   17.51
 109340.163   225.814   -16.07   18.10
 109629.450   221.428   -15.16   16.32
 109918.740   218.063   -11.63   16.37
 110208.035   214.289   -13.05   14.04
 110497.332   213.540    -2.59   14.36
 110786.633   213.191    -1.21   14.83
 111075.938   217.761    15.80   19.77
 111365.246   224.174    22.17   20.01
 111654.558   230.385    21.47   23.23
 111943.874   234.979    15.88   24.97
 112233.193   234.661    -1.10   24.70
 112522.515   233.892    -2.66   24.61
 112811.841   233.388    -1.74   25.86
 113101.171   228.892   -15.54   24.07
 113390.504   223.496   -18.65   22.08
 113679.841   220.806    -9.30   22.80
 113969.181   217.261   -12.25   22.48
 114258.525   212.814   -15.37   23.81
 114547.873   205.789   -24.28   23.87
 114837.224   197.678   -28.03   22.48
 115126.578   189.854   -27.04   21.72
 115415.936   183.306   -22.63   21.33
 115705.298   175.289   -27.71   21.21
 115994.664   168.114   -24.80   19.65
 116284.032   162.338   -19.96   16.54
 116573.405   158.014   -14.94   14.27
 116862.781   153.595   -15.27    6.87
 117152.161   151.323    -7.85    5.16
 117441.544   150.623    -2.42    4.93
 117730.931   149.211    -4.88    3.20
 118020.321   148.945    -0.92    3.14
 118309.715   148.410    -1.85    3.13
 118599.113   147.821    -2.03    3.14
 118888.514   147.228    -2.05    3.09
 119177.919   146.894    -1.16    3.34
 119467.327   146.606    -0.99    3.31
 119756.739   146.402    -0.71    3.24
 120046.154   146.272    -0.45    2.93
 120335.573   148.478     7.62   10.38
 120624.996   156.479    27.64   24.26
 120914.423   165.699    31.86   35.72
 121203.852   171.030    18.42   39.68
 121493.286   173.548     8.70   43.46
 121782.723   171.599    -6.73   44.28
 122072.164   164.928   -23.05   42.11
 122361.608   156.617   -28.71   37.15
 122651.056   145.772   -37.47   26.58
 122940.508   137.311   -29.23    6.22
 123229.963   135.786    -5.27    4.04
 123519.422   135.841     0.19    3.87
 123808.884   135.486    -1.23    4.04
 124098.350   135.645     0.55    3.72
 124387.819   136.074     1.48    4.25
 124677.293   136.051    -0.08    4.59
 124966.770   135.945    -0.37    4.90
 125256.250   135.323    -2.15    5.25
 125545.734   134.590    -2.53    5.41
 125835.222   134.404    -0.64    5.62
 126124.713   134.361    -0.15    5.85
 126414.208   134.843     1.66    6.54
 126703.707   135.786     3.26    6.70
 126993.209   137.111     4.58    7.47
 127282.715   140.690    12.36    8.13
 127572.224   143.526     9.80    8.54
 127861.737   145.745     7.66    8.47
 128151.254   148.030     7.89    8.10
 128440.774   149.182     3.98    8.02
 128730.298   149.065    -0.40    7.63
 129019.826   147.650    -4.89    8.33
 129309.357   144.910    -9.46    8.46
 129598.892   141.013   -13.46    7.00
 129888.430   140.358    -2.26    6.35
 130177.973   141.695     4.62    8.82
 130467.518   143.453     6.07    9.64
 130757.068   145.944     8.60   10.17
 131046.621   148.045     7.25    9.73
 131336.178   149.751     5.89    9.65
 131625.738   151.168     4.90    9.12
 131915.302   151.578     1.42    9.07
 132204.870   151.661     0.29    9.03
 132494.441   152.284     2.15    9.85
 132784.016   152.711     1.48    9.47
 133073.595   153.878     4.03    8.95
 133363.177   153.716    -0.56    7.71
 133652.763   154.268     1.91    7.43
 133942.353   155.322     3.64    7.32
 134231.946   156.078     2.61    6.80
 134521.543   158.131     7.09    7.28
 134811.144   161.084    10.20    7.72
 135100.748   164.645    12.29    8.82
 135390.356   170.029    18.59    9.81
 135679.968   174.316    14.80   11.24
 135969.583   178.195    13.39   12.59
 136259.202   181.803    12.46   12.32
 136548.824   184.199     8.27   13.15
 136838.451   188.806    15.91   14.51
 137128.081   191.961    10.89   14.65
 137417.714   195.168    11.07   13.99
 137707.352   196.685     5.24   13.69
 137996.993   197.048     1.25   13.46
 138286.637   196.317    -2.52   13.70
 138576.286   192.945   -11.64   14.13
 138865.938   191.651    -4.47   13.62
 139155.594   188.511   -10.84   12.47
 139445.253   185.137   -11.65    9.68
 139734.552   183.048    -7.22    6.54
 140023.424   181.578    -5.09    7.23
 140312.299   180.478    -3.81    7.65
 140601.179   178.187    -7.93    8.32
 140890.062   175.926    -7.83    7.42
 141178.948   174.178    -6.05    7.03
 141467.839   172.172    -6.94    7.43
 141756.733   170.236    -6.70    8.65
 142045.630   168.045    -7.58    8.68
 142334.532   165.741    -7.97    8.12
 142623.437   164.300    -4.99    7.18
 142912.346   163.758    -1.88    6.76
 143201.258   164.828     3.70    7.78
 143490.174   167.530     9.35    8.93
 143779.094   171.676    14.35   11.02
 144068.017   176.278    15.93   12.02
 144356.945   179.151     9.94   11.24
 144645.875   181.300     7.44    9.97
 144934.810   181.306     0.02    9.85
 145223.748   180.978    -1.14   10.40
 145512.690   179.910    -3.70   11.13
 145801.636   176.495   -11.82   10.12
 146090.585   174.289    -7.63    8.64
 146379.538   175.461     4.06    8.62
 146668.495   176.929     5.08    8.64
 146957.455   179.095     7.49    8.19
 147246.419   181.306     7.65    9.42
 147535.387   185.593    14.84   11.49
 147824.359   189.116    12.19   11.54
 148113.334   190.811     5.87   10.70
 148402.313   191.538     2.51   11.69
 148691.295   189.661    -6.49   13.22
 148980.282   186.134   -12.21   14.42
 149269.272   180.878   -18.19   13.07
 149558.265   176.242   -16.04   10.07
 149847.263   172.478   -13.02    8.00
 150136.264   170.076    -8.31    6.65
 150425.269   169.695    -1.32    7.79
 150714.277   170.195     1.73   10.53
 151003.290   170.910     2.47   10.68
 151292.306   171.690     2.70   12.01
 151581.325   172.254     1.95   13.18
 151870.349   171.699    -1.92   13.75
 152159.376   170.650    -3.63   12.87
 152448.407   167.786    -9.91   11.05
 152737.442   166.513    -4.40    9.70
 153026.480   167.408     3.10   10.42
 153315.522   170.715    11.44   12.25
 153604.568   172.978     7.83   12.74
 153893.617   175.715     9.47   12.68
 154182.671   179.461    12.96   12.77
 154471.728   181.014     5.37   12.25
 154760.788   182.861     6.39   12.54
 155049.853   182.979     0.41   10.80
 155338.921   185.256     7.88   11.52
 155627.993   186.410     3.99   11.27
 155917.069   188.289     6.50    9.80
 156206.148   189.341     3.64   10.11
 156495.231   190.295     3.30    9.29
 156784.318   188.191    -7.28   10.26
 157073.409   185.065   -10.81   10.34
 157362.503   181.195   -13.39   10.49
 157651.602   178.818    -8.22   10.92
 157940.703   174.306   -15.61    9.79
 158229.809   170.010   -14.86    9.62
 158518.919   166.595   -11.82    8.38
 158808.032   164.322    -7.86    7.08
 159097.149   161.575    -9.50    6.08
 159386.269   159.528    -7.08    5.49
 159675.394   158.616    -3.15    4.85
 159964.522   158.461    -0.54    5.00
 160253.654   158.863     1.39    5.24
 160542.790   159.361     1.72    5.38
 160831.929   160.758     4.83    5.65
 161121.072   162.382     5.62    5.69
 161410.219   164.256     6.48    6.96
 161699.370   166.555     7.95    6.94
 161988.525   168.381     6.32    6.42
 162277.683   170.161     6.16    5.72
 162566.845   172.358     7.60    5.82
 162856.011   176.555    14.51   11.32
 163145.181   183.444    23.83   16.69
 163434.354   187.617    14.43   16.45
 163723.531   190.548    10.13   14.90
 164012.712   194.944    15.20   14.03
 164301.897   197.065     7.33   12.60
 164591.085   198.995     6.67   12.88
 164880.278   200.797     6.23   12.81
 165169.474   203.944    10.88   17.12
 165458.674   208.945    17.29   27.65
 165747.877   213.203    14.72   29.68
 166037.085   214.272     3.70   31.17
 166326.296   211.191   -10.65   31.74
 166615.511   211.978     2.72   32.40
 166904.730   213.703     5.97   35.40
 167193.952   211.229    -8.55   36.12
 167483.179   204.811   -22.19   35.98
 167772.409   198.768   -20.89   35.12
 168061.643   196.574    -7.59   36.04
 168350.881   194.317    -7.80   38.22
 168640.122   192.211    -7.28   38.28
 168929.368   184.266   -27.47   35.01
 169218.617   175.789   -29.31   32.29
 169507.870   169.561   -21.53   30.07
 169797.127   161.978   -26.22   26.92
 170086.387   155.832   -21.25   19.69
 170375.652   152.628   -11.08   17.81
 170664.920   148.823   -13.15    7.49
 170954.192   149.487     2.29    7.94
 171243.468   150.858     4.74    7.62
 171532.747   151.912     3.64    7.70
 171822.031   151.513    -1.38    7.92
 172111.318   149.317    -7.59    7.59
 172400.609   147.013    -7.97    6.55
 172689.904   146.317    -2.41    6.28
 172979.203   146.606     1.00    6.82
 173268.506   146.878     0.94    6.67
 173557.812   148.109     4.25    6.95
 173847.122   149.996     6.52    7.12
 174136.436   152.116     7.33    6.99
 174425.754   152.511     1.36    6.10
 174715.076   151.578    -3.23    6.21
 175004.401   149.847    -5.98    7.02
 175293.731   147.910    -6.69    7.86
 175583.064   145.778    -7.37    7.61
 175872.401   145.207    -1.97    6.28
 176161.742   146.289     3.74    7.12
 176451.086   148.911     9.06    9.39
 176740.435   153.216    14.88   12.02
 177029.787   159.351    21.21   12.32
 177319.144   163.382    13.93   11.18
 177608.504   166.224     9.82    9.78
 177897.868   168.530     7.97    8.73
 178187.235   170.551     6.99    9.20
 178476.607   171.502     3.29    9.47
 178765.982   172.582     3.73    9.66
 179055.362   173.496     3.16    9.99
 179344.745   175.254     6.08   10.11
 179634.132   179.109    13.32   11.96
 179923.523   182.203    10.69   12.79
 180212.917   187.411    18.00   19.55
 180502.316   190.479    10.60   21.50
 180791.718   196.266    20.00   22.46
 181081.125   196.814     1.89   20.66
 181370.535   193.628   -11.01   19.06
 181659.949   189.519   -14.20   16.65
 181949.366   185.874   -12.60   17.01
 182238.788   179.151   -23.23   18.02
 182528.214   172.199   -24.02   17.48
 182817.643   166.645   -19.19   14.82
 183107.077   163.814    -9.78   13.16
 183396.514   164.858     3.61   15.45
 183685.955   167.561     9.34   20.36
 183975.400   171.892    14.96   22.11
 184264.848   174.703     9.71   22.58
 184554.301   181.011    21.79   21.00
 184843.758   184.125    10.76   20.09
 185133.218   185.195     3.69   18.87
 185422.682   183.768    -4.93   16.53
 185712.151   180.645   -10.79   15.42
 186001.623   174.030   -22.85   13.84
 186291.099   168.486   -19.15   13.45
 186580.578   164.378   -14.19   12.98
 186870.062   159.368   -17.31   11.76
 187159.550   154.703   -16.12   10.26
 187449.041   151.375   -11.50    9.28
 187738.537   151.076    -1.03    9.02
 188028.036   152.775     5.87    9.18
 188317.539   154.295     5.25    8.80
 188607.046   153.358    -3.24    8.62
 188896.557   152.979    -1.31    9.13
 189186.072   150.683    -7.93   10.19
 189475.591   148.199    -8.58   10.39
 189765.113   146.545    -5.71    9.49
 190054.640   146.051    -1.71    8.91
 190344.170   148.220     7.49   11.04
 190633.705   151.523    11.41   11.35
 190923.243   154.683    10.91   10.26
 191212.785   156.961     7.87    8.33
 191502.331   156.651    -1.07    8.03
 191791.881   153.778    -9.92    9.22
 192081.435   150.341   -11.87   11.08
 192370.993   145.728   -15.93   12.56
 192660.555   139.578   -21.24   13.26
 192950.120   134.437   -17.76   12.42
 193239.690   128.078   -21.96   11.17
 193529.263   122.839   -18.09   11.26
 193818.841   118.402   -15.32   10.94
 194108.422   112.513   -20.34    9.32
 194398.007   110.027    -8.59    8.73
 194687.597   107.097   -10.12    8.22
 194977.190   104.368    -9.42    8.27
 195266.787   102.616    -6.05    8.89
 195556.388   101.427    -4.11    9.44
 195845.992    99.778    -5.69    9.32
 196135.601    97.361    -8.35    8.82
 196425.214    93.245   -14.22    8.51
 196714.831    91.323    -6.63    9.43
 197004.451    88.789    -8.75    9.14
 197294.076    84.961   -13.22   10.42
 197583.704    81.317   -12.58   10.99
 197873.337    77.228   -14.12    9.63
 198162.973    75.140    -7.21    8.31
 198452.613    73.928    -4.18    8.02
 198742.257    72.530    -4.83    7.89
 199031.906    70.601    -6.66    8.28
 199321.558    68.240    -8.15    9.09
 199611.214    67.185    -3.64    9.13
 199900.874    65.063    -7.33    8.32
 200190.538    64.444    -2.14    7.37
 200480.206    65.645     4.14    8.27
 200769.877    68.828    10.99    9.35
 201059.553    72.644    13.17    9.67
 201349.233    77.707    17.48   10.40
 201638.917    83.390    19.62   12.52
 201928.436    88.470    17.55   14.05
 202217.276    93.875    18.71   15.27
 202506.119   100.158    21.75   17.37
 202794.967   105.392    18.12   17.27
 203083.818   108.845    11.95   16.31
 203372.674   112.461    12.52   15.00
 203661.533   116.392    13.61   13.18
 203950.396   121.042    16.10   12.84
 204239.264   126.061    17.38   12.29
 204528.135   129.485    11.85   12.58
 204817.010   133.031    12.28   10.84
 205105.889   134.789     6.08    9.81
 205394.772   134.145    -2.23    9.38
 205683.659   132.278    -6.46    9.17
 205972.550   129.945    -8.08    9.22
 206261.444   127.892    -7.10    8.42
 206550.343   125.928    -6.80    6.60
 206839.246   126.323     1.37    6.32
 207128.153   127.195     3.02    6.61
 207417.063   128.650     5.04    6.51
 207705.978   130.645     6.90    7.12
 207994.896   135.128    15.52    7.72
 208283.819   138.029    10.04    7.61
 208572.745   140.728     9.34    7.48
 208861.676   142.530     6.24    7.00
 209150.610   145.092     8.87    6.41
 209439.549   147.486     8.28    6.71
 209728.491   149.151     5.76    7.53
 210017.437   152.082    10.14    8.39
 210306.388   155.890    13.18    8.41
 210595.342   159.145    11.26    7.61
 210884.300   161.266     7.34    7.15
 211173.262   162.814     5.36    6.31
 211462.229   163.754     3.26    6.47
 211751.199   164.513     2.63    6.30
 212040.173   163.795    -2.49    7.20
 212329.151   164.427     2.19    7.14
 212618.133   164.256    -0.59    7.00
 212907.119   165.444     4.11    6.55
 213196.109   167.237     6.21    6.99
 213485.104   169.306     7.16    7.77
 213774.102   170.611     4.52    7.97
 214063.104   171.256     2.23    8.28
 214352.110   169.944    -4.54    8.57
 214641.120   168.388    -5.39    8.53
 214930.134   165.515    -9.94    7.69
 215219.152   163.860    -5.73    6.26
 215508.174   162.814    -3.62    5.18
 215797.200   163.045     0.80    5.61
 216086.230   164.519     5.10    6.50
 216375.264   166.347     6.33    6.49
 216664.302   168.528     7.55    6.81
 216953.344   171.479    10.21    6.36
 217242.390   173.542     7.14    6.36
 217531.440   176.145     9.00    6.99
 217820.494   178.092     6.74    7.76
 218109.552   179.944     6.41    7.90
 218398.614   181.030     3.76    7.53
 218687.680   181.334     1.05    7.29
 218976.750   180.419    -3.17    7.28
 219265.824   178.010    -8.33    8.14
 219554.902   174.978   -10.49    8.89
 219843.984   170.582   -15.21    9.69
 220133.070   167.168   -11.81   10.18
 220422.161   162.996   -14.43    9.23
 220711.255   158.584   -15.26    8.88
 221000.353   154.272   -14.92    9.49
 221289.455   149.114   -17.84    9.73
 221578.561   145.513   -12.46   10.16
 221867.672   141.571   -13.63   10.37
 222156.786   138.010   -12.32    9.72
 222445.904   134.419   -12.42    7.70
 222735.027   131.978    -8.44    6.11
 223024.153   130.628    -4.67    5.93
 223313.283   130.453    -0.61    5.46
 223602.418   131.595     3.95    5.49
 223891.556   133.388     6.20    5.82
 224180.699   135.494     7.28    6.49
 224469.845   138.220     9.43    7.13
 224758.996   141.761    12.25    7.44
 225048.151   142.943     4.09    6.39
 225337.309   140.994    -6.74    7.67
 225626.472   138.661    -8.07    9.81
 225915.639   135.453   -11.10   10.35
 226204.810   132.565    -9.99    9.97
 226493.985   130.336    -7.71    7.94
 226783.163   129.395    -3.26    6.63
 227072.346   130.203     2.79    7.29
 227361.533   132.601     8.29    8.15
 227650.725   136.211    12.49    7.95
 227939.920   139.875    12.67    9.08
 228229.119   141.961     7.21    9.57
 228518.322   144.745     9.62   10.12
 228807.529   148.043    11.41   10.30
 229096.741   151.444    11.76    9.50
 229385.956   153.328     6.51   10.43
 229675.176   156.158     9.78   11.05
 229964.399   158.910     9.52   11.71
 230253.627   160.395     5.13   10.89
 230542.858   162.611     7.66    9.61
 230832.094   165.703    10.69    9.65
 231121.334   168.229     8.73   10.46
 231410.578   171.361    10.83    9.95
 231699.826   174.875    12.15   10.39
 231989.078   178.994    14.24    9.91
 232278.334   183.865    16.84    9.61
 232567.594   188.128    14.74    9.20
 232856.858   192.673    15.71    8.68
 233146.127   195.839    10.94    8.35
 233435.399   197.028     4.11    7.50
 233724.676   196.775    -0.88    6.42
 234013.956   194.865    -6.60    7.16
 234303.241   192.877    -6.87    8.38
 234592.530   189.737   -10.85    9.37
 234881.823   186.283   -11.94    9.80
 235171.120   181.616   -16.13    9.01
 235460.421   176.797   -16.66    8.58
 235749.726   173.306   -12.07    7.54
 236039.035   170.599    -9.36    6.67
 236328.348   169.530    -3.70    6.27
 236617.666   168.228    -4.50    6.24
 236906.987   167.655    -1.98    5.96
 237196.313   168.317     2.29    5.58
 237485.643   168.128    -0.65    5.98
 237774.976   167.237    -3.08    6.83
 238064.314   166.013    -4.23    7.28
 238353.656   163.961    -7.09    7.67
 238643.002   163.361    -2.07    8.06
 238932.353   161.784    -5.45    8.43
 239221.707   159.289    -8.62    9.00
 239511.065   154.078   -18.01    8.47
 239800.428   150.523   -12.29    8.79
 240089.795   147.256   -11.29    9.07
 240379.165   143.656   -12.44    9.98
 240668.540   139.289   -15.09   10.73
 240957.919   134.216   -17.53   11.42
 241247.302   129.875   -15.00   11.45
 241536.690   126.076   -13.13   11.45
 241826.081   121.151   -17.02    8.71
 242115.477   117.912   -11.19    6.41
 242404.876   115.728    -7.55    5.00
 242694.280   115.168    -1.93    5.08
 242983.688   115.599     1.49    5.71
 243273.100   117.168     5.42    7.03
 243562.516   119.814     9.14    8.73
 243851.936   123.737    13.56   10.22
 244141.361   128.678    17.07   11.07
 244430.789   133.720    17.42   11.86
 244720.222   138.843    17.70   12.17
 245009.659   143.994    17.80   12.89
 245299.100   149.111    17.68   11.98
 245588.545   152.374    11.27   10.38
 245877.994   155.122     9.49    9.22
 246167.447   158.012     9.99    8.13
 246456.905   160.538     8.73    7.97
 246746.366   161.123     2.02    7.48
 247035.832   161.644     1.80    7.30
 247325.302   161.806     0.56    7.26
 247614.776   161.261    -1.88    6.89
 247904.254   159.751    -5.22    6.61
 248193.737   157.945    -6.24    6.25
 248483.223   155.928    -6.97    6.57
 248772.714   153.816    -7.30    6.95
 249062.209   151.595    -7.67    7.14
 249351.708   149.211    -8.23    6.85
 249641.211   147.741    -5.08    6.07
 249930.718   145.444    -7.93    5.83
 250220.230   144.092    -4.67    5.83
 250509.745   141.605    -8.59    6.48
 250799.265   139.461    -7.41    6.39
 251088.789   138.479    -3.39    5.94
 251378.317   139.695     4.20    6.92
 251667.850   141.961     7.83    8.49
 251957.386   144.496     8.75    8.62
 252246.927   146.645     7.42    7.76
 252536.472   147.540     3.09    6.52
 252826.021   146.737    -2.77    7.17
 253115.574   144.411    -8.03    8.26
 253405.131   141.611    -9.67    8.50
 253694.693   139.477    -7.37    6.79
 253984.258   138.872    -2.09    5.96
 254273.828   139.895     3.53    6.29
 254563.402   140.470     1.99    6.53
 254852.981   142.219     6.04    6.52
 255142.563   143.633     4.88    5.95
 255432.150   145.478     6.37    5.55
 255721.741   146.877     4.83    6.54
 256011.336   149.185     7.97    7.63
 256300.935   151.178     6.88    7.72
 256590.538   153.555     8.21    7.87
 256880.146   155.300     6.03    7.21
 257169.758   156.351     3.63    7.08
 257459.373   158.289     6.69    7.19
 257748.994   160.504     7.65    8.07
 258038.618   165.306    16.58    9.75
 258328.247   169.224    13.53    8.98
 258617.879   172.685    11.95    7.74
 258907.516   175.690    10.37    6.83
 259197.157   177.530     6.35    7.89
 259486.803   178.775     4.30    8.18
 259776.452   178.477    -1.03    8.76
 260066.106   177.995    -1.66    8.69
 260355.764   175.911    -7.19    8.71
 260645.426   173.488    -8.37    8.93
 260935.093   169.148   -14.98    9.69
 261224.764   164.145   -17.27   10.97
 261514.438   160.256   -13.42   11.88
 261804.117   154.639   -19.39   11.28
 262093.801   149.754   -16.86    9.78
 262383.488   145.945   -13.15    8.09
 262673.180   143.676    -7.83    6.23
 262962.876   143.752     0.26    6.13
 263252.576   145.278     5.27    7.53
 263542.281   147.748     8.53    8.54
 263831.989   152.168    15.26    9.06
 264121.702   157.839    19.57   11.15
 264410.568   163.645    20.10   13.16
 264699.378   169.875    21.57   12.68
 264988.193   173.060    11.03   11.35
 265277.012   174.478     4.91   10.21
 265565.835   176.116     5.67   10.13
 265854.662   175.875    -0.84   10.62
 266143.494   173.809    -7.15   10.06
 266432.329   173.092    -2.48   10.25
 266721.169   173.651     1.93   10.75
 267010.013   174.145     1.71   11.39
 267298.862   173.515    -2.18   10.61
 267587.714   171.616    -6.57   11.06
 267876.571   169.045    -8.90    9.64
 268165.432   167.878    -4.04    8.57
 268454.297   166.784    -3.79    7.67
 268743.167   165.943    -2.91    6.79
 269032.040   167.045     3.81    7.25
 269320.918   168.260     4.21    6.63
 269609.800   168.236    -0.08    6.83
 269898.687   168.043    -0.67    7.40
 270187.577   167.145    -3.11    8.19
 270476.472   165.148    -6.91    8.82
 270765.371   163.151    -6.91    8.60
 271054.274   162.528    -2.16    8.06
 271343.182   163.809     4.43    8.83
 271632.093   165.215     4.87    8.89
 271921.009   166.645     4.95    7.92
 272209.930   169.789    10.88    8.53
 272498.854   171.588     6.23   10.88
 272787.783   173.668     7.20   15.28
 273076.716   177.486    13.21   22.32
 273365.653   181.272    13.10   31.24
 273654.594   182.528     4.35   33.44
 273943.540   179.772    -9.54   33.84
 274232.490   177.233    -8.79   33.50
 274521.444   169.945   -25.22   32.09
 274810.402   162.861   -24.52   27.57
 275099.365   155.322   -26.09   16.98
 275388.332   149.996   -18.43    7.57
 275677.303   147.634    -8.18    6.04
 275966.278   146.111    -5.27    6.16
 276255.258   143.797    -8.01    6.70
 276544.242   141.332    -8.53    7.05
 276833.230   138.841    -8.62    7.80
 277122.222   134.728   -14.23    7.22
 277411.219   131.260   -12.00    7.39
 277700.220   128.568    -9.31    7.25
 277989.225   125.811    -9.54    7.56
 278278.235   124.502    -4.53    7.25
 278567.248   123.778    -2.51    7.15
 278856.266   123.575    -0.70    7.27
 279145.289   122.661    -3.16    7.41
 279434.315   121.341    -4.57    7.39
 279723.346   119.748    -5.51    8.09
 280012.381   118.114    -5.65    8.58
 280301.420   116.148    -6.80    6.99
 280590.464   116.220     0.25    7.23
 280879.512   117.488     4.39    8.20
 281168.564   120.655    10.96    9.02
 281457.621   123.161     8.67    9.03
 281746.682   125.397     7.73    8.39
 282035.747   127.996     8.99    7.47
 282324.816   130.082     7.22    7.24
 282613.890   132.927     9.84    8.13
 282902.968   136.178    11.25    8.34
 283192.050   139.519    11.56    9.33
 283481.136   143.392    13.40    9.92
 283770.227   149.878    22.44    9.66
 284059.322   153.823    13.65    9.24
 284348.422   156.715    10.00    7.75
 284637.525   158.445     5.98    6.64
 284926.633   158.249    -0.68    7.03
 285215.745   155.845    -8.32    8.33
 285504.862   153.195    -9.17    8.48
 285793.983   151.528    -5.77    7.06
 286083.108   151.634     0.37    7.25
 286372.238   152.978     4.65    8.50
 286661.371   154.929     6.75    8.54
 286950.510   157.453     8.73    7.45
 287239.652   157.979     1.82    7.61
 287528.799   155.582    -8.29    9.33
 287817.950   153.174    -8.33    9.93
 288107.105   150.843    -8.06    9.75
 288396.265   148.461    -8.24    8.38
 288685.429   146.530    -6.68    7.68
 288974.597   146.685     0.54    7.70
 289263.770   146.502    -0.63    7.29
 289552.947   146.351    -0.52    6.41
 289842.128   145.765    -2.03    6.62
 290131.313   144.102    -5.75    6.94
 290420.503   141.410    -9.31    7.17
 290709.698   138.690    -9.40    7.27
 290998.896   134.945   -12.95    7.06
 291288.099   131.158   -13.10    6.85
 291577.306   128.910    -7.78    7.86
 291866.518   126.478    -8.41    8.03
 292155.734   124.128    -8.13    7.95
 292444.954   120.711   -11.81    7.12
 292734.179   117.029   -12.73    7.00
 293023.407   114.139    -9.99    7.64
 293312.641   111.395    -9.49    7.19
 293601.878   108.479   -10.08    7.44
 293891.120   105.328   -10.89    7.43
 294180.366   101.272   -14.02    8.71
 294469.617    97.535   -12.92   10.21
 294758.872    93.245   -14.83   11.93
 295048.131    86.678   -22.70   12.40
 295337.395    81.220   -18.87   12.36
 295626.663    76.233   -17.24   12.06
 295915.935    71.703   -15.66   11.92
 296205.212    68.078   -12.53   10.82
 296494.493    66.187    -6.54   11.31
 296783.778    65.698    -1.69   13.59
 297073.068    67.806     7.29   14.78
 297362.362    71.161    11.60   14.42
 297651.661    75.707    15.71   11.36
 297940.964    78.139     8.41   11.00
 298230.271    80.203     7.13    9.63
 298519.582    80.195    -0.03   11.04
 298808.898    79.841    -1.22   13.40
 299098.219    78.092    -6.04   17.56
 299387.543    73.404   -16.21   22.97
 299676.872    66.661   -23.31   25.50
 299966.206    58.561   -28.00   25.97
 300255.543    53.496   -17.51   24.64
 300544.886    49.361   -14.29   23.24
 300834.232    48.616    -2.57   19.33
 301123.583    48.961     1.19   17.25
 301412.938    53.388    15.30   16.73
 301702.298    58.860    18.91   16.22
 301991.662    62.979    14.24   16.04
 302281.030    66.084    10.73   15.94
 302570.403    67.371     4.45   17.11
 302859.780    66.877    -1.71   18.06
 303149.162    63.139   -12.92   20.01
 303438.548    59.622   -12.15   20.74
 303727.938    58.548    -3.71   18.49
 304017.333    54.224   -14.94   18.80
 304306.732    50.402   -13.21   16.81
 304596.136    47.453   -10.19   16.50
 304885.544    44.306   -10.87   15.96
 305174.956    38.894   -18.70   15.94
 305464.373    33.858   -17.40   14.23
 305753.794    29.174   -16.18   13.14
 306043.219    25.765   -11.78   11.04
 306332.649    22.504   -11.27    8.33
 306622.083    20.249    -7.79    6.15
 306911.522    19.211    -3.59    5.39
 307200.965    18.495    -2.48    4.66
 307490.413    18.419    -0.26    3.51
 307779.865    18.174    -0.84    2.04
 308069.321    18.878     2.43    2.83
 308358.782    19.996     3.86    3.96
 308648.247    21.266     4.39    4.89
 308937.717    24.272    10.38    7.13
 309227.191    27.437    10.93    8.55
 309516.669    31.565    14.26    9.95
 309806.152    37.045    18.93   11.11
 310095.639    42.323    18.24   11.26
 310385.131    46.300    13.74   11.49
 310674.627    50.300    13.82   12.90
 310964.127    53.461    10.92   14.02
 311253.632    55.371     6.60   15.03
 311543.142    56.628     4.34   15.99
 311832.656    59.479     9.85   15.08
 312122.174    63.012    12.21   15.36
 312411.697    67.828    16.64   15.56
 312701.224    72.978    17.79   15.62
 312990.755    78.065    17.57   15.63
 313280.291    86.495    29.12   15.88
 313569.832    92.616    21.15   16.14
 313859.376    98.397    19.97   14.87
 314148.926   104.345    20.54   14.24
 314438.479   109.797    18.83   12.69
 314728.038   115.561    19.91   10.14
 315017.600   119.540    13.74    8.82
 315307.167   122.128     8.94    8.35
 315596.739   123.496     4.72    8.80
 315886.315   125.338     6.36    9.23
 316175.895   126.673     4.61    9.83
 316465.480   126.479    -0.67    9.83
 316755.069   127.099     2.14    9.08
 317044.663   127.496     1.37    7.63
 317334.261   127.228    -0.92    7.32
 317623.864   126.082    -3.96    7.21
 317913.471   122.361   -12.85    7.00
 318203.082   119.599    -9.54    7.04
 318492.699   116.116   -12.03    7.48
 318782.319   112.178   -13.60    8.85
 319071.944   109.078   -10.70    9.14
 319361.573   106.445    -9.09    7.93
 319651.207   103.693    -9.50    7.54
 319940.846   101.545    -7.42    7.12
 320230.488    98.505   -10.49    7.70
 320520.136    97.977    -1.82    7.50
 320809.788    97.814    -0.57    7.33
 321099.444    98.661     2.93    6.64
 321389.105    98.877     0.74    6.98
 321678.770    99.927     3.63    6.84
 321968.439   100.028     0.35    7.13
 322258.114    99.029    -3.45    8.15
 322547.792    97.671    -4.69    8.25
 322837.475    96.300    -4.73    7.76
 323127.163    95.323    -3.37    6.68
 323416.855    93.894    -4.94    6.55
 323706.552    92.616    -4.41    6.47
 323996.253    91.617    -3.45    7.10
 324285.958    90.030    -5.48    7.48
 324575.668    86.707   -11.47    7.07
 324865.383    84.616    -7.22    7.01
 325155.102    84.228    -1.34    6.65
 325444.825    82.623    -5.54    5.75
 325734.553    81.656    -3.34    5.06
 326024.286    81.845     0.65    6.14
 326314.023    81.926     0.28    6.38
 326603.116    81.317    -2.11    6.21
 326891.895    81.278    -0.14    6.03
 327180.677    81.348     0.24    6.02
 327469.465    81.930     2.01    5.60
 327758.256    82.504     1.99    5.89
 328047.052    83.611     3.84    5.55
 328335.853    85.872     7.83    6.02
 328624.658    88.171     7.96    6.68
 328913.468    91.361    11.05    7.64
 329202.282    95.041    12.74    8.34
 329491.100    99.261    14.61   10.03
 329779.923   104.237    17.23   11.47
 330068.751   108.707    15.48   12.50
 330357.583   114.582    20.34   13.58
 330646.419   119.092    15.62   14.32
 330935.260   123.082    13.81   14.52
 331224.106   127.892    16.66   12.98
 331512.956   130.323     8.42   11.40
 331801.810   130.278    -0.16    9.94
 332090.669   129.671    -2.10    8.94
 332379.532   127.758    -6.62    7.50
 332668.400   124.211   -12.28    7.96
 332957.273   121.030   -11.01    8.66
 333246.150   117.754   -11.34    8.69
 333535.031   113.273   -15.52    9.39
 333823.917   109.978   -11.41    9.79
 334112.807   105.526   -15.41    9.06
 334401.702   101.616   -13.53    8.23
 334690.602    96.845   -16.52    7.26
 334979.506    92.575   -14.78    7.90
 335268.414    89.617   -10.24    7.71
 335557.327    87.261    -8.15    7.52
 335846.244    85.584    -5.81    7.85
 336135.166    82.826    -9.55    8.31
 336424.093    80.908    -6.64    7.93
 336713.024    80.695    -0.74    8.23
 337001.959    78.634    -7.13    7.77
 337290.900    78.092    -1.87    8.87
 337579.844    76.266    -6.32    9.98
 337868.793    74.979    -4.46   10.26
 338157.747    73.996    -3.40   11.49
 338446.705    73.131    -2.99   12.99
 338735.668    73.830     2.42   14.76
 339024.635    73.711    -0.41   14.59
 339313.606    76.211     8.65   16.01
 339602.583    78.289     7.19   16.15
 339891.563    83.254    17.18   16.77
 340180.549    84.811     5.39   16.68
 340469.539    86.711     6.58   16.29
 340758.533    89.945    11.19   16.20
 341047.532    93.289    11.57   14.75
 341336.535    95.128     6.36   16.28
 341625.543    94.382    -2.58   16.90
 341914.556    94.174    -0.72   16.80
 342203.573    94.561     1.34   16.69
 342492.594    95.165     2.09   15.08
 342781.621    95.470     1.06   14.40
 343070.651    94.245    -4.24   13.43
 343359.687    93.092    -3.99   12.57
 343648.726    89.772   -11.49   12.33
 343937.771    85.719   -14.02   11.85
 344226.820    81.355   -15.10   13.03
 344515.873    75.199   -21.30   13.02
 344804.931    69.582   -19.43   13.29
 345093.994    62.996   -22.79   12.91
 345383.061    58.076   -17.02   11.10
 345672.132    53.875   -14.53    7.39
 345961.209    51.361    -8.70    5.54
 346250.289    50.116    -4.31    3.33
 346539.375    49.565    -1.91    2.18
 346828.465    50.535     3.36    4.38
 347117.559    52.695     7.47    7.46
 347406.658    55.590    10.02   10.17
 347695.762    59.140    12.28   12.91
 347984.870    64.178    17.43   16.24
 348273.983    69.410    18.10   18.85
 348563.100    74.666    18.18   21.92
 348852.222    80.043    18.60   22.24
 349141.349    84.809    16.48   21.92
 349430.480    88.029    11.14   23.29
 349719.615    90.978    10.20   23.47
 350008.755    93.745     9.57   23.14
 350297.900    95.426     5.81   22.57
 350587.050    97.019     5.51   21.46
 350876.204    98.104     3.75   20.13
