#  339.000  -5.504  10.500 ;Mean Elev.(m), Avg Gradient(m/km), RMS Gradient(m/km) - SRTM1     
#  333.368  -4.216  10.585 ;Mean Elev.(m), Avg Gradient(m/km), RMS Gradient(m/km) - ASTER GDEM
#  341.399  -6.543  11.215 ;Mean Elev.(m), Avg Gradient(m/km), RMS Gradient(m/km) - GMTED2010 
   2   338.089 54671.68390053 36.76  21.222831   2.105730 15.218 -100.00 -100.00 -100.00
   2   337.282 54671.68390112 40.79  21.223724   2.103228 30.634 -100.00 -100.00 -100.00
   3   302.721 54681.59954402 13.95  21.221712   2.105384  2.355 -100.00 -100.00 -100.00
   3   304.098 54681.59954461 13.76  21.222606   2.102882  2.553 -100.00 -100.00 -100.00
   4   337.746 54691.51518633 37.81  21.222665   2.107069 23.061 -100.00 -100.00 -100.00
   4   338.244 54691.51518692 40.73  21.223558   2.104568 21.924 -100.00 -100.00 -100.00
   5   306.878 54701.43082696 13.99  21.226127   2.107497  2.226 -100.00 -100.00 -100.00
   5   309.878 54701.43082755 14.44  21.227021   2.104996  2.267 -100.00 -100.00 -100.00
   7   328.550 54721.26212577 22.48  21.223945   2.106495 19.045 -100.00 -100.00 -100.00
   7   329.089 54721.26212636 23.74  21.224838   2.103993 18.465 -100.00 -100.00 -100.00
   8   337.964 54731.17777455 39.70  21.220205   2.104298 27.430 -100.00 -100.00 -100.00
   8   338.662 54731.17777514 45.97  21.221098   2.101797 22.437 -100.00 -100.00 -100.00
   9   339.126 54741.09342139 40.84  21.217129   2.102967 15.334 -100.00 -100.00 -100.00
   9   338.410 54741.09342198 45.77  21.218022   2.100465 29.493 -100.00 -100.00 -100.00
  10   338.132 54751.00906765 36.77  21.215792   2.103830 22.266 -100.00 -100.00 -100.00
  10   337.752 54751.00906824 40.93  21.216685   2.101328   -100 -100.00 -100.00 -100.00
  10   337.621 54751.00906883 46.16  21.217578   2.098827 13.947 -100.00 -100.00 -100.00
  11   339.447 54760.92471395 38.76  21.216239   2.104030 14.020 -100.00 -100.00 -100.00
  11   338.738 54760.92471454 43.73  21.217133   2.101529 25.506 -100.00 -100.00 -100.00
  11   338.216 54760.92471513 47.55  21.218026   2.099027   -100 -100.00 -100.00 -100.00
  12   339.513 54770.84035785 39.60  21.217549   2.104464 17.766 -100.00 -100.00 -100.00
  12   338.940 54770.84035844 43.75  21.218443   2.101963   -100 -100.00 -100.00 -100.00
  12   338.536 54770.84035903 49.19  21.219336   2.099461 15.806 -100.00 -100.00 -100.00
  13   338.598 54780.75599847 39.56  21.218685   2.105557   -100 -100.00 -100.00 -100.00
  13   339.002 54780.75599906 44.95  21.219578   2.103056 31.244 -100.00 -100.00 -100.00
  13   338.676 54780.75599965 54.30  21.220471   2.100554 25.813 -100.00 -100.00 -100.00
  14   340.208 54790.67163709 41.66  21.220130   2.105102 21.044 -100.00 -100.00 -100.00
  14   339.451 54790.67163768 47.67  21.221024   2.102601   -100 -100.00 -100.00 -100.00
  15   340.068 54800.58727451 40.68  21.220848   2.106544 21.897 -100.00 -100.00 -100.00
  15   340.228 54800.58727510 44.91  21.221742   2.104043 22.523 -100.00 -100.00 -100.00
  16   339.131 54810.50291267 39.71  21.222768   2.106470 19.903 -100.00 -100.00 -100.00
  16   339.042 54810.50291326 44.91  21.223662   2.103968 29.477 -100.00 -100.00 -100.00
  17   338.875 54820.41855282 38.58  21.224646   2.107419 25.486 -100.00 -100.00 -100.00
  17   338.797 54820.41855341 42.59  21.225539   2.104917   -100 -100.00 -100.00 -100.00
  18   338.216 54830.33420556 30.30  21.222817   2.107420 22.855 -100.00 -100.00 -100.00
  18   338.166 54830.33420615 31.78  21.223710   2.104918 25.968 -100.00 -100.00 -100.00
  19   337.682 54840.24984494 37.82  21.220117   2.106196 27.525 -100.00 -100.00 -100.00
  19   338.205 54840.24984553 43.72  21.221010   2.103695   -100 -100.00 -100.00 -100.00
  20   338.207 54850.16549447 36.73  21.216885   2.104138 21.156 -100.00 -100.00 -100.00
  20   337.774 54850.16549506 42.84  21.217778   2.101636   -100 -100.00 -100.00 -100.00
  20   337.885 54850.16549565 46.89  21.218671   2.099135   -100 -100.00 -100.00 -100.00
  21   338.464 54860.08114342 40.93  21.214954   2.102155 20.880 -100.00 -100.00 -100.00
  21   337.904 54860.08114401 51.94  21.215847   2.099654  4.701 -100.00 -100.00 -100.00
  22   338.314 54869.99679193 39.92  21.214065   2.102209 23.658 -100.00 -100.00 -100.00
  22   338.325 54869.99679252 51.27  21.214958   2.099708   -100 -100.00 -100.00 -100.00
  23   338.533 54879.91243893 37.85  21.214418   2.103720 23.307 -100.00 -100.00 -100.00
  23   338.613 54879.91243952 41.86  21.215311   2.101219 28.597 -100.00 -100.00 -100.00
  23   338.337 54879.91244011 52.94  21.216204   2.098718  3.698 -100.00 -100.00 -100.00
  24   338.292 54889.82808340 39.59  21.216495   2.102525 28.204 -100.00 -100.00 -100.00
  24   337.681 54889.82808399 45.19  21.217388   2.100024 13.368 -100.00 -100.00 -100.00
  25   338.661 54899.74372394 38.75  21.215734   2.104122 21.064 -100.00 -100.00 -100.00
  25   338.982 54899.74372453 42.90  21.216627   2.101621 18.744 -100.00 -100.00 -100.00
  25   338.323 54899.74372512 48.74  21.217520   2.099120   -100 -100.00 -100.00 -100.00
  26   337.588 54909.65936305 39.71  21.214775   2.102957   -100 -100.00 -100.00 -100.00
  26   338.454 54909.65936364 45.82  21.215668   2.100456 24.684 -100.00 -100.00 -100.00
  26   337.677 54909.65936423 55.34  21.216561   2.097954 17.236 -100.00 -100.00 -100.00
  27   337.660 54919.57500121 24.89  21.214960   2.101836  8.638 -100.00 -100.00 -100.00
  27   337.648 54919.57500180 23.94  21.215853   2.099334  6.520 -100.00 -100.00 -100.00
  28   338.204 54929.49063890 39.87  21.216749   2.103159 25.051 -100.00 -100.00 -100.00
  28   337.908 54929.49063949 51.29  21.217642   2.100658   -100 -100.00 -100.00 -100.00
  29   337.969 54939.40627575 36.00  21.220172   2.105041 24.253 -100.00 -100.00 -100.00
  29   338.368 54939.40627634 39.77  21.221065   2.102540 25.957 -100.00 -100.00 -100.00
  30   338.170 54949.32191108 38.90  21.223827   2.106351 29.059 -100.00 -100.00 -100.00
  30   338.639 54949.32191167 45.99  21.224721   2.103849   -100 -100.00 -100.00 -100.00
  31   338.850 54959.23754918 38.54  21.225293   2.107275 22.244 -100.00 -100.00 -100.00
  31   338.715 54959.23754978 45.22  21.226186   2.104774 29.001 -100.00 -100.00 -100.00
  32   338.320 54969.15319760 38.77  21.222836   2.107141   -100 -100.00 -100.00 -100.00
  32   339.150 54969.15319819 42.81  21.223729   2.104640 22.551 -100.00 -100.00 -100.00
  33   339.581 54979.06884474 39.85  21.221307   2.106465 19.114 -100.00 -100.00 -100.00
  33   339.214 54979.06884533 43.95  21.222201   2.103964 27.220 -100.00 -100.00 -100.00
  34   413.721 54988.98449180 15.62  21.220714   2.105081  6.347 -100.00 -100.00 -100.00
  34   410.066 54988.98449239 21.75  21.221607   2.102579  9.220 -100.00 -100.00 -100.00
  35   338.838 54998.90013830 37.77  21.219780   2.106292 15.382 -100.00 -100.00 -100.00
  35   338.417 54998.90013889 42.92  21.220673   2.103790 23.732 -100.00 -100.00 -100.00
  36   337.846 55008.81578351 17.13  21.219802   2.105250  9.318 -100.00 -100.00 -100.00
  36   337.640 55008.81578410 16.25  21.220695   2.102749  9.006 -100.00 -100.00 -100.00
  37   338.069 55018.73142685 39.67  21.219806   2.104825 25.777 -100.00 -100.00 -100.00
  37   337.935 55018.73142744 46.04  21.220700   2.102323   -100 -100.00 -100.00 -100.00
  38   337.935 55028.64706879 37.92  21.219119   2.105278 17.980 -100.00 -100.00 -100.00
  38   337.548 55028.64706938 42.94  21.220012   2.102777 32.660 -100.00 -100.00 -100.00
  38   337.621 55028.64706997 48.01  21.220905   2.100276   -100 -100.00 -100.00 -100.00
  39   337.333 55038.56271078 26.88  21.219298   2.104173 27.721 -100.00 -100.00 -100.00
  39   337.674 55038.56271137 22.08  21.220191   2.101672 14.790 -100.00 -100.00 -100.00
  40   336.848 55048.47835160 23.73  21.220920   2.104755 18.761 -100.00 -100.00 -100.00
  40   336.798 55048.47835219 22.94  21.221813   2.102253 16.522 -100.00 -100.00 -100.00
  42   337.693 55068.30962899 35.81  21.225061   2.107903 17.652 -100.00 -100.00 -100.00
  42   337.951 55068.30962958 37.56  21.225955   2.105401 18.065 -100.00 -100.00 -100.00
  43   338.557 55078.22527945 38.78  21.222734   2.105718 15.475 -100.00 -100.00 -100.00
  43   337.673 55078.22528004 43.07  21.223627   2.103216 31.708 -100.00 -100.00 -100.00
  44   338.202 55088.14092723 38.72  21.219381   2.103806 19.102 -100.00 -100.00 -100.00
  44   337.787 55088.14092782 45.05  21.220274   2.101304 32.461 -100.00 -100.00 -100.00
  45   337.400 55098.05657305 38.98  21.216740   2.103332 28.986 -100.00 -100.00 -100.00
  45   338.130 55098.05657364 45.02  21.217634   2.100830 31.391 -100.00 -100.00 -100.00
  46   337.804 55107.97221833 37.93  21.216428   2.103278 27.091 -100.00 -100.00 -100.00
  46   338.208 55107.97221892 50.28  21.217321   2.100776   -100 -100.00 -100.00 -100.00
  47   337.756 55117.88786287 41.03  21.217846   2.103221   -100 -100.00 -100.00 -100.00
  47   338.072 55117.88786346 52.25  21.218739   2.100719   -100 -100.00 -100.00 -100.00
  48   338.413 55127.80350450 37.93  21.218408   2.105726 21.053 -100.00 -100.00 -100.00
  48   338.698 55127.80350509 42.12  21.219301   2.103224 28.284 -100.00 -100.00 -100.00
  48   338.293 55127.80350568 53.19  21.220194   2.100723 12.895 -100.00 -100.00 -100.00
  49   339.470 55137.71914485 39.79  21.219403   2.104537 16.283 -100.00 -100.00 -100.00
  49   338.377 55137.71914544 45.96  21.220297   2.102035   -100 -100.00 -100.00 -100.00
  50   338.987 55147.63478343 39.84  21.219768   2.104735 22.923 -100.00 -100.00 -100.00
  50   338.684 55147.63478402 51.92  21.220661   2.102233   -100 -100.00 -100.00 -100.00
  51   339.560 55157.55042187 41.91  21.221161   2.104711 22.586 -100.00 -100.00 -100.00
  51   338.864 55157.55042246 46.91  21.222055   2.102209   -100 -100.00 -100.00 -100.00
  52   339.594 55167.46606006 41.74  21.222621   2.106340 26.195 -100.00 -100.00 -100.00
  52   339.521 55167.46606066 46.07  21.223514   2.103839   -100 -100.00 -100.00 -100.00
  53   339.619 55177.38169796 39.82  21.224497   2.107530 21.198 -100.00 -100.00 -100.00
  53   339.062 55177.38169855 45.16  21.225390   2.105029   -100 -100.00 -100.00 -100.00
  54   339.520 55187.29734257 40.96  21.224715   2.106482 22.647 -100.00 -100.00 -100.00
  54   339.176 55187.29734316 45.81  21.225609   2.103980   -100 -100.00 -100.00 -100.00
  55   340.006 55197.21299388 40.98  21.221389   2.105577 17.158 -100.00 -100.00 -100.00
  55   339.239 55197.21299447 44.82  21.222282   2.103076   -100 -100.00 -100.00 -100.00
  56   339.142 55207.12864397 41.02  21.218418   2.104177 23.863 -100.00 -100.00 -100.00
  56   338.807 55207.12864456 52.33  21.219311   2.101676   -100 -100.00 -100.00 -100.00
  57   339.201 55217.04429339 42.96  21.217143   2.102910 23.992 -100.00 -100.00 -100.00
  57   338.631 55217.04429398 52.03  21.218036   2.100408 10.393 -100.00 -100.00 -100.00
  58   338.923 55226.95994167 41.99  21.216320   2.103176 23.509 -100.00 -100.00 -100.00
  58   338.679 55226.95994226 46.99  21.217213   2.100675   -100 -100.00 -100.00 -100.00
  59   337.979 55236.87558738 30.75  21.216418   2.103195 28.730 -100.00 -100.00 -100.00
  59   337.909 55236.87558797 33.01  21.217311   2.100694   -100 -100.00 -100.00 -100.00
  60   338.293 55246.79122943 29.63  21.216633   2.104049 19.198 -100.00 -100.00 -100.00
  60   338.035 55246.79123002 29.02  21.217526   2.101547 18.928 -100.00 -100.00 -100.00
  60   338.034 55246.79123061 26.60  21.218419   2.099046 12.228 -100.00 -100.00 -100.00
  61   338.339 55256.70686953 25.42  21.216663   2.102409 15.198 -100.00 -100.00 -100.00
  61   338.169 55256.70687012 23.51  21.217556   2.099908 12.156 -100.00 -100.00 -100.00
  62   339.256 55266.62250831 41.00  21.215844   2.102890 22.867 -100.00 -100.00 -100.00
  62   338.953 55266.62250890 47.10  21.216738   2.100389   -100 -100.00 -100.00 -100.00
  63   339.055 55276.53814691 41.82  21.216506   2.102803 27.629 -100.00 -100.00 -100.00
  63   339.259 55276.53814750 47.04  21.217399   2.100302 28.996 -100.00 -100.00 -100.00
  64   339.180 55286.45378416 39.78  21.218375   2.105510 23.574 -100.00 -100.00 -100.00
  64   339.368 55286.45378475 44.04  21.219269   2.103008 23.927 -100.00 -100.00 -100.00
  64   338.981 55286.45378534 48.96  21.220162   2.100507   -100 -100.00 -100.00 -100.00
  65   339.332 55296.36942006 41.84  21.222687   2.105343   -100 -100.00 -100.00 -100.00
  65   339.441 55296.36942065 46.03  21.223580   2.102842   -100 -100.00 -100.00 -100.00
  66   339.482 55306.28506056 40.02  21.223353   2.106905 24.184 -100.00 -100.00 -100.00
  66   339.333 55306.28506115 42.96  21.224246   2.104404 32.415 -100.00 -100.00 -100.00
  67   339.060 55316.20070796 41.92  21.221509   2.104754 30.172 -100.00 -100.00 -100.00
  67   338.930 55316.20070855 47.36  21.222403   2.102253   -100 -100.00 -100.00 -100.00
  68   338.468 55326.11635330 40.04  21.219646   2.104412 32.369 -100.00 -100.00 -100.00
  68   338.790 55326.11635389 46.17  21.220539   2.101911   -100 -100.00 -100.00 -100.00
  69   340.093 55336.03199695 40.01  21.218838   2.105893 15.047 -100.00 -100.00 -100.00
  69   338.837 55336.03199754 45.07  21.219732   2.103392   -100 -100.00 -100.00 -100.00
  69   338.966 55336.03199813 50.41  21.220625   2.100891   -100 -100.00 -100.00 -100.00
  70   339.437 55345.94764087 43.00  21.220194   2.104011 20.513 -100.00 -100.00 -100.00
  70   338.594 55345.94764146 49.20  21.221087   2.101510   -100 -100.00 -100.00 -100.00
  71   338.121 55355.86328250 38.23  21.219987   2.106528 26.693 -100.00 -100.00 -100.00
  71   338.886 55355.86328309 42.02  21.220881   2.104026 20.416 -100.00 -100.00 -100.00
  72   339.319 55365.77892289 38.12  21.220584   2.105704 14.176 -100.00 -100.00 -100.00
  72   338.846 55365.77892348 43.19  21.221477   2.103202 22.272 -100.00 -100.00 -100.00
  73   338.546 55375.69456197 43.19  21.221558   2.104519 25.510 -100.00 -100.00 -100.00
  73   337.884 55375.69456256 54.50  21.222451   2.102018 31.610 -100.00 -100.00 -100.00
  74   337.925 55385.61019973 43.08  21.222535   2.106003 30.746 -100.00 -100.00 -100.00
  74   337.713 55385.61020032 46.52  21.223428   2.103501   -100 -100.00 -100.00 -100.00
  75   338.895 55395.52583693 38.17  21.224298   2.107190 14.952 -100.00 -100.00 -100.00
  75   338.530 55395.52583752 42.10  21.225192   2.104688 22.425 -100.00 -100.00 -100.00
  76   338.351 55405.44147727 38.99  21.226348   2.107869 19.446 -100.00 -100.00 -100.00
  76   338.367 55405.44147786 43.85  21.227241   2.105368 25.715 -100.00 -100.00 -100.00
  79   337.881 55435.18842314 40.04  21.219934   2.104008 22.644 -100.00 -100.00 -100.00
  79   337.596 55435.18842373 47.26  21.220828   2.101506   -100 -100.00 -100.00 -100.00
  80   337.489 55445.10406683 39.13  21.217822   2.104602 23.895 -100.00 -100.00 -100.00
  80   338.340 55445.10406742 43.13  21.218715   2.102100 19.045 -100.00 -100.00 -100.00
  80   337.551 55445.10406801 50.37  21.219609   2.099599   -100 -100.00 -100.00 -100.00
  81   337.780 55455.01970964 38.22  21.217438   2.104531 29.537 -100.00 -100.00 -100.00
  81   339.047 55455.01971023 43.16  21.218332   2.102030 17.462 -100.00 -100.00 -100.00
  81   337.800 55455.01971082 51.43  21.219225   2.099528 31.859 -100.00 -100.00 -100.00
  82   337.766 55464.93535194 35.93  21.219170   2.103766 25.752 -100.00 -100.00 -100.00
  82   337.770 55464.93535253 38.93  21.220063   2.101265   -100 -100.00 -100.00 -100.00
  83   339.196 55474.85099063 36.35  21.220838   2.106956 13.432 -100.00 -100.00 -100.00
  83   338.742 55474.85099122 41.07  21.221732   2.104454 19.792 -100.00 -100.00 -100.00
  87   338.731 55514.51354500 40.01  21.223438   2.107352 26.324 -100.00 -100.00 -100.00
  87   338.395 55514.51354559 44.28  21.224332   2.104850   -100 -100.00 -100.00 -100.00
  88   338.831 55524.42919508 39.16  21.222499   2.107264 22.932 -100.00 -100.00 -100.00
  88   339.200 55524.42919567 44.31  21.223392   2.104763 20.921 -100.00 -100.00 -100.00
  89   339.581 55534.34484352 40.07  21.221540   2.106396 16.333 -100.00 -100.00 -100.00
  89   338.546 55534.34484411 45.45  21.222434   2.103894   -100 -100.00 -100.00 -100.00
  90   338.037 55544.26048990 37.26  21.219786   2.105889 27.952 -100.00 -100.00 -100.00
  90   338.630 55544.26049049 43.28  21.220679   2.103388 25.711 -100.00 -100.00 -100.00
  91   338.819 55554.17613455 40.18  21.218461   2.103938 23.375 -100.00 -100.00 -100.00
  91   338.489 55554.17613514 51.61  21.219354   2.101437   -100 -100.00 -100.00 -100.00
  92   338.295 55564.09177732 37.23  21.217154   2.104995 19.886 -100.00 -100.00 -100.00
  92   338.384 55564.09177791 43.23  21.218047   2.102494   -100 -100.00 -100.00 -100.00
  92   338.010 55564.09177850 53.54  21.218941   2.099992 23.949 -100.00 -100.00 -100.00
  93   338.292 55574.00741954 36.55  21.218390   2.105888 22.151 -100.00 -100.00 -100.00
  93   338.428 55574.00742013 41.06  21.219283   2.103387 29.049 -100.00 -100.00 -100.00
  93   338.092 55574.00742072 52.53  21.220176   2.100886 19.888 -100.00 -100.00 -100.00
  94   338.178 55583.92306054 39.21  21.220990   2.105427 22.577 -100.00 -100.00 -100.00
  94   338.338 55583.92306113 45.39  21.221883   2.102926 26.368 -100.00 -100.00 -100.00
  95   338.814 55593.83869778 38.25  21.222953   2.106364 17.532 -100.00 -100.00 -100.00
  95   337.795 55593.83869837 49.53  21.223846   2.103862  8.197 -100.00 -100.00 -100.00
  98   337.342 55623.58560127 16.14  21.226308   2.107844  5.217 -100.00 -100.00 -100.00
  98   337.346 55623.58560186 16.97  21.227201   2.105343  5.820 -100.00 -100.00 -100.00
  99   338.360 55633.50125446 38.13  21.223705   2.106770 19.608 -100.00 -100.00 -100.00
  99   337.859 55633.50125505 44.27  21.224598   2.104269   -100 -100.00 -100.00 -100.00
 100   337.590 55643.41690541 37.32  21.222474   2.106566 25.719 -100.00 -100.00 -100.00
 100   337.419 55643.41690600 42.46  21.223367   2.104064 23.966 -100.00 -100.00 -100.00
 101   337.186 55653.33255371 38.26  21.222101   2.105707 25.126 -100.00 -100.00 -100.00
 101   338.039 55653.33255431 44.15  21.222995   2.103206 26.591 -100.00 -100.00 -100.00
 102   338.646 55663.24819740 38.20  21.221270   2.105555 15.377 -100.00 -100.00 -100.00
 102   337.727 55663.24819799 42.26  21.222163   2.103054   -100 -100.00 -100.00 -100.00
 103   337.299 55673.16383754 35.59  21.219689   2.106471 26.264 -100.00 -100.00 -100.00
 103   338.535 55673.16383813 40.26  21.220582   2.103970 16.770 -100.00 -100.00 -100.00
 103   337.686 55673.16383872 51.57  21.221476   2.101469   -100 -100.00 -100.00 -100.00
 104   337.241 55683.07947640 38.19  21.219922   2.105381 29.657 -100.00 -100.00 -100.00
 104   337.432 55683.07947699 49.49  21.220816   2.102880  6.731 -100.00 -100.00 -100.00
 105   337.964 55692.99511342 38.22  21.222161   2.106092 24.623 -100.00 -100.00 -100.00
 105   337.908 55692.99511402 43.53  21.223054   2.103591 31.189 -100.00 -100.00 -100.00
 106   337.942 55702.91074864 38.20  21.225513   2.108008 24.283 -100.00 -100.00 -100.00
 106   338.376 55702.91074923 42.42  21.226406   2.105506 19.589 -100.00 -100.00 -100.00
 107   338.310 55712.82639212 38.37  21.226616   2.107663 18.753 -100.00 -100.00 -100.00
 107   337.948 55712.82639271 44.56  21.227509   2.105162 28.439 -100.00 -100.00 -100.00
 109   338.130 55732.65768814 40.11  21.221559   2.104685 19.317 -100.00 -100.00 -100.00
 109   337.073 55732.65768873 51.76  21.222452   2.102184   -100 -100.00 -100.00 -100.00
 110   337.305 55742.57333392 40.05  21.219863   2.104958 27.997 -100.00 -100.00 -100.00
 110   337.429 55742.57333451 45.53  21.220756   2.102456   -100 -100.00 -100.00 -100.00
 111   337.739 55752.48897892 23.40  21.220114   2.104462 10.170 -100.00 -100.00 -100.00
 111   337.433 55752.48897951 25.73  21.221008   2.101961 14.583 -100.00 -100.00 -100.00
 112   337.551 55762.40462168 22.11  21.221775   2.104861 13.065 -100.00 -100.00 -100.00
 112   336.870 55762.40462227 26.82  21.222668   2.102359 24.688 -100.00 -100.00 -100.00
 113   337.261 55772.32026146 39.20  21.223003   2.105878 24.608 -100.00 -100.00 -100.00
 113   337.383 55772.32026205 44.13  21.223897   2.103377 27.836 -100.00 -100.00 -100.00
 114   336.928 55782.23589768 37.25  21.223267   2.106762 31.171 -100.00 -100.00 -100.00
 114   338.155 55782.23589828 41.31  21.224160   2.104260 17.210 -100.00 -100.00 -100.00
 116   338.001 55802.06716430 37.44  21.226312   2.108438 20.093 -100.00 -100.00 -100.00
 116   337.406 55802.06716489 40.36  21.227205   2.105937 30.366 -100.00 -100.00 -100.00
 117   338.348 55811.98281397 37.46  21.225169   2.107513 19.945 -100.00 -100.00 -100.00
 117   338.890 55811.98281456 43.40  21.226062   2.105011 18.040 -100.00 -100.00 -100.00
 118   338.463 55821.89846192 37.49  21.225129   2.107384 17.746 -100.00 -100.00 -100.00
 118   338.592 55821.89846251 43.34  21.226023   2.104883 21.459 -100.00 -100.00 -100.00
 119   338.830 55831.81410524 41.45  21.226116   2.106948 26.490 -100.00 -100.00 -100.00
 119   338.443 55831.81410583 47.41  21.227010   2.104447   -100 -100.00 -100.00 -100.00
 120   338.881 55841.72974377 40.27  21.226433   2.107826 23.749 -100.00 -100.00 -100.00
 120   338.946 55841.72974436 44.23  21.227326   2.105325 26.238 -100.00 -100.00 -100.00
 121   339.437 55851.64537969 41.36  21.226596   2.107818 22.887 -100.00 -100.00 -100.00
 121   339.448 55851.64538028 45.58  21.227489   2.105316 27.304 -100.00 -100.00 -100.00
 123   338.897 55871.47666778 40.41  21.224279   2.107573 25.304 -100.00 -100.00 -100.00
 123   339.055 55871.47666837 43.56  21.225172   2.105072 27.525 -100.00 -100.00 -100.00
 124   339.189 55881.39231853 42.33  21.224029   2.106816 32.461 -100.00 -100.00 -100.00
 124   339.441 55881.39231912 45.50  21.224922   2.104314 30.274 -100.00 -100.00 -100.00
 128   339.540 55921.05488893 42.38  21.222472   2.105482 25.043 -100.00 -100.00 -100.00
 128   339.526 55921.05488952 47.45  21.223365   2.102981 31.122 -100.00 -100.00 -100.00
 129   339.833 55930.97054050 41.38  21.220130   2.106231 19.617 -100.00 -100.00 -100.00
 129   339.352 55930.97054109 43.34  21.221023   2.103730 32.376 -100.00 -100.00 -100.00
 130   339.111 55940.88618860 41.52  21.220484   2.105493 25.486 -100.00 -100.00 -100.00
 130   338.640 55940.88618919 45.82  21.221377   2.102991   -100 -100.00 -100.00 -100.00
 131   338.135 55950.80183191 39.38  21.220573   2.105681   -100 -100.00 -100.00 -100.00
 131   338.686 55950.80183250 44.32  21.221466   2.103179 29.043 -100.00 -100.00 -100.00
 132   338.126 55960.71747130 39.38  21.220069   2.106016 25.233 -100.00 -100.00 -100.00
 132   338.674 55960.71747189 43.51  21.220962   2.103514 20.243 -100.00 -100.00 -100.00
 133   337.954 55970.63310905 39.46  21.220279   2.104999 24.002 -100.00 -100.00 -100.00
 133   338.208 55970.63310965 44.30  21.221172   2.102498 24.250 -100.00 -100.00 -100.00
 134   337.564 55980.54874547 19.38  21.221528   2.106637 11.417 -100.00 -100.00 -100.00
 134   337.436 55980.54874606 22.92  21.222421   2.104136 19.717 -100.00 -100.00 -100.00
 135   338.327 55990.46438144 38.33  21.225203   2.107167 19.467 -100.00 -100.00 -100.00
 135   338.202 55990.46438203 44.54  21.226096   2.104666 22.995 -100.00 -100.00 -100.00
 136   338.261 56000.38002639 37.57  21.225589   2.108138 17.212 -100.00 -100.00 -100.00
 136   337.413 56000.38002698 41.63  21.226482   2.105637 29.197 -100.00 -100.00 -100.00
 137   337.430 56010.29567772 38.38  21.223707   2.106352 30.864 -100.00 -100.00 -100.00
 137   337.705 56010.29567831 42.51  21.224600   2.103851   -100 -100.00 -100.00 -100.00
 138   338.463 56020.21132471 38.39  21.221442   2.105431 16.002 -100.00 -100.00 -100.00
 138   337.745 56020.21132530 44.55  21.222335   2.102930   -100 -100.00 -100.00 -100.00
 139   338.153 56030.12696840 38.46  21.219434   2.104462 17.967 -100.00 -100.00 -100.00
 139   337.698 56030.12696899 43.46  21.220327   2.101961 30.430 -100.00 -100.00 -100.00
 140   337.239 56040.04260952 37.51  21.218435   2.105600 25.429 -100.00 -100.00 -100.00
 140   338.214 56040.04261011 41.53  21.219328   2.103099 23.095 -100.00 -100.00 -100.00
 140   337.591 56040.04261070 52.62  21.220221   2.100598   -100 -100.00 -100.00 -100.00
 141   338.389 56049.95824896 39.49  21.220442   2.105080 21.616 -100.00 -100.00 -100.00
 141   338.258 56049.95824955 44.37  21.221336   2.102579 29.261 -100.00 -100.00 -100.00
 142   338.436 56059.87388516 37.47  21.223239   2.107283 17.199 -100.00 -100.00 -100.00
 142   338.176 56059.87388575 42.48  21.224132   2.104782 23.813 -100.00 -100.00 -100.00
 144   338.629 56079.70517079 37.45  21.223916   2.107859 20.023 -100.00 -100.00 -100.00
 144   338.257 56079.70517138 41.44  21.224809   2.105357 30.303 -100.00 -100.00 -100.00
 145   337.803 56089.62081911 39.63  21.221484   2.105443 22.965 -100.00 -100.00 -100.00
 145   337.943 56089.62081971 44.76  21.222378   2.102942 30.109 -100.00 -100.00 -100.00
 146   338.053 56099.53646489 40.44  21.220240   2.104730 20.858 -100.00 -100.00 -100.00
 146   337.792 56099.53646548 44.47  21.221133   2.102228 25.831 -100.00 -100.00 -100.00
 147   337.217 56109.45209674 39.56  21.220418   2.105253   -100 -100.00 -100.00 -100.00
 147   337.979 56109.45209733 45.74  21.221311   2.102752 26.720 -100.00 -100.00 -100.00
 148   337.567 56119.36773752 40.35  21.222492   2.105115 29.176 -100.00 -100.00 -100.00
 148   337.600 56119.36773811 46.76  21.223385   2.102614   -100 -100.00 -100.00 -100.00
 151   384.355 56149.11465669 18.07  21.223425   2.105802 11.413 -100.00 -100.00 -100.00
 151   385.028 56149.11465728 23.59  21.224318   2.103301 11.905 -100.00 -100.00 -100.00
 152   338.626 56159.03030532 40.50  21.221788   2.105061 18.006 -100.00 -100.00 -100.00
 152   337.420 56159.03030591 51.95  21.222682   2.102559 21.943 -100.00 -100.00 -100.00
 153   338.789 56168.94595223 38.50  21.221258   2.106546 16.451 -100.00 -100.00 -100.00
 153   338.013 56168.94595283 42.55  21.222151   2.104045   -100 -100.00 -100.00 -100.00
 154   337.783 56178.86159642 34.74  21.222280   2.106252 21.969 -100.00 -100.00 -100.00
 154   337.837 56178.86159701 36.81  21.223174   2.103750 25.877 -100.00 -100.00 -100.00
 155   338.371 56188.77723629 35.45  21.223329   2.105967 27.754 -100.00 -100.00 -100.00
 155   338.626 56188.77723688 38.59  21.224222   2.103466 27.054 -100.00 -100.00 -100.00
 156   339.068 56198.69287256 39.71  21.223401   2.107574 20.292 -100.00 -100.00 -100.00
 156   338.826 56198.69287315 44.52  21.224294   2.105073 30.183 -100.00 -100.00 -100.00
 157   338.144 56208.60850699 25.04  21.225176   2.106998 16.371 -100.00 -100.00 -100.00
 157   338.221 56208.60850758 26.20  21.226069   2.104497 19.413 -100.00 -100.00 -100.00
 161   339.810 56248.27109120 42.64  21.223273   2.105998 24.279 -100.00 -100.00 -100.00
 161   339.186 56248.27109179 47.84  21.224167   2.103496   -100 -100.00 -100.00 -100.00
 162   339.976 56258.18673686 42.58  21.222137   2.105374 22.176 -100.00 -100.00 -100.00
 162   339.331 56258.18673745 46.61  21.223031   2.102872   -100 -100.00 -100.00 -100.00
 163   339.535 56268.10237878 41.73  21.221192   2.106630 25.518 -100.00 -100.00 -100.00
 163   339.215 56268.10237937 45.98  21.222085   2.104129   -100 -100.00 -100.00 -100.00
 164   339.736 56278.01801923 41.61  21.221582   2.106482 25.794 -100.00 -100.00 -100.00
 164   339.809 56278.01801982 44.46  21.222475   2.103981 29.895 -100.00 -100.00 -100.00
 165   339.640 56287.93366780 41.60  21.220408   2.106173 31.056 -100.00 -100.00 -100.00
 165   339.794 56287.93366839 45.80  21.221301   2.103672   -100 -100.00 -100.00 -100.00
 166   339.666 56297.84931667 41.72  21.219650   2.105757 27.022 -100.00 -100.00 -100.00
 166   339.540 56297.84931726 45.86  21.220543   2.103256   -100 -100.00 -100.00 -100.00
 167   338.964 56307.76496194 42.56  21.219567   2.103991   -100 -100.00 -100.00 -100.00
 167   338.883 56307.76496253 46.96  21.220460   2.101490   -100 -100.00 -100.00 -100.00
 168   338.747 56317.68060392 39.42  21.218267   2.105755 25.757 -100.00 -100.00 -100.00
 168   338.537 56317.68060451 44.66  21.219160   2.103254   -100 -100.00 -100.00 -100.00
 168   338.687 56317.68060510 48.81  21.220054   2.100753   -100 -100.00 -100.00 -100.00
 169   338.084 56327.59624574 27.70  21.218726   2.103796 19.112 -100.00 -100.00 -100.00
 169   337.814 56327.59624633 30.28  21.219619   2.101295 28.740 -100.00 -100.00 -100.00
 170   338.752 56337.51188615 39.72  21.219868   2.105068 21.921 -100.00 -100.00 -100.00
 170   338.804 56337.51188674 45.94  21.220761   2.102567 27.634 -100.00 -100.00 -100.00
 171   338.859 56347.42752489 39.49  21.222313   2.107091 26.230 -100.00 -100.00 -100.00
 171   338.668 56347.42752548 43.71  21.223206   2.104590   -100 -100.00 -100.00 -100.00
 173   339.081 56367.25881087 40.71  21.222912   2.105538 18.592 -100.00 -100.00 -100.00
 173   338.287 56367.25881146 45.71  21.223805   2.103037   -100 -100.00 -100.00 -100.00
 176   338.657 56397.00574836 36.55  21.218177   2.103699   -100 -100.00 -100.00 -100.00
 176   338.534 56397.00574895 41.99  21.219070   2.101198   -100 -100.00 -100.00 -100.00
 177   339.347 56406.92138900 40.65  21.219800   2.105133 20.836 -100.00 -100.00 -100.00
 177   339.576 56406.92138959 44.72  21.220693   2.102632 21.781 -100.00 -100.00 -100.00
 178   339.529 56416.83702610 41.67  21.222491   2.105986 25.794 -100.00 -100.00 -100.00
 178   339.164 56416.83702669 47.09  21.223384   2.103485   -100 -100.00 -100.00 -100.00
 179   339.752 56426.75265826 40.57  21.225621   2.108210 20.372 -100.00 -100.00 -100.00
 179   339.304 56426.75265885 44.76  21.226514   2.105709   -100 -100.00 -100.00 -100.00
 180   339.605 56436.66830929 41.74  21.222923   2.106143 22.005 -100.00 -100.00 -100.00
 180   339.263 56436.66830988 46.07  21.223817   2.103642 32.245 -100.00 -100.00 -100.00
 181   338.036 56446.58396046 26.60  21.219130   2.106277 19.285 -100.00 -100.00 -100.00
 181   337.657 56446.58396105 29.78  21.220023   2.103775 31.874 -100.00 -100.00 -100.00
 181   337.664 56446.58396164 27.11  21.220916   2.101274 22.263 -100.00 -100.00 -100.00
 182   338.157 56456.49961046 41.86  21.218601   2.103186 24.231 -100.00 -100.00 -100.00
 182   337.741 56456.49961105 47.06  21.219495   2.100685   -100 -100.00 -100.00 -100.00
 183   338.088 56466.41525633 38.79  21.217421   2.105348 18.471 -100.00 -100.00 -100.00
 183   337.696 56466.41525692 41.73  21.218314   2.102846 28.669 -100.00 -100.00 -100.00
 183   337.559 56466.41525751 47.01  21.219207   2.100345   -100 -100.00 -100.00 -100.00
 184   337.847 56476.33089885 36.19  21.218148   2.105327 16.937 -100.00 -100.00 -100.00
 184   337.781 56476.33089944 40.92  21.219042   2.102825 25.332 -100.00 -100.00 -100.00
 184   337.261 56476.33090003 46.08  21.219935   2.100324  3.578 -100.00 -100.00 -100.00
 185   337.915 56486.24653784 38.66  21.219629   2.105299 25.241 -100.00 -100.00 -100.00
 185   338.124 56486.24653843 43.93  21.220522   2.102798 25.637 -100.00 -100.00 -100.00
 186   337.674 56496.16217356 38.80  21.220970   2.106379 23.474 -100.00 -100.00 -100.00
 186   337.977 56496.16217415 43.86  21.221863   2.103878 24.375 -100.00 -100.00 -100.00
 189   337.881 56525.90909499 40.85  21.226398   2.107168 26.494 -100.00 -100.00 -100.00
 189   338.352 56525.90909558 43.83  21.227291   2.104667 24.155 -100.00 -100.00 -100.00
 190   338.077 56535.82474494 36.67  21.224855   2.106656 27.077 -100.00 -100.00 -100.00
 190   337.886 56535.82474553 38.09  21.225748   2.104154   -100 -100.00 -100.00 -100.00
 192   338.643 56555.65603485 38.82  21.220393   2.105109 17.937 -100.00 -100.00 -100.00
 192   338.226 56555.65603544 42.66  21.221286   2.102607 29.548 -100.00 -100.00 -100.00
 193   338.544 56565.57167737 37.11  21.219642   2.105958 19.385 -100.00 -100.00 -100.00
 193   337.883 56565.57167796 40.54  21.220536   2.103457   -100 -100.00 -100.00 -100.00
 193   337.908 56565.57167855 45.03  21.221429   2.100955   -100 -100.00 -100.00 -100.00
 194   338.160 56575.48731909 38.04  21.221108   2.106318 31.968 -100.00 -100.00 -100.00
 194   338.678 56575.48731968 42.77  21.222001   2.103816 29.117 -100.00 -100.00 -100.00
 195   338.327 56585.40295795 37.26  21.224119   2.107201 27.444 -100.00 -100.00 -100.00
 195   338.322 56585.40295854 40.91  21.225013   2.104700   -100 -100.00 -100.00 -100.00
 197   339.356 56605.23424846 38.75  21.223264   2.106864 17.833 -100.00 -100.00 -100.00
 197   339.093 56605.23424905 43.88  21.224157   2.104362 21.903 -100.00 -100.00 -100.00
 198   339.145 56615.14989643 38.82  21.220382   2.106406 22.802 -100.00 -100.00 -100.00
 198   339.117 56615.14989702 43.98  21.221276   2.103905 27.220 -100.00 -100.00 -100.00
 199   339.246 56625.06554097 43.03  21.220437   2.104779 28.144 -100.00 -100.00 -100.00
 199   339.125 56625.06554156 46.84  21.221330   2.102278   -100 -100.00 -100.00 -100.00
 200   339.714 56634.98118210 41.84  21.221281   2.105639 25.571 -100.00 -100.00 -100.00
 200   339.432 56634.98118269 47.17  21.222174   2.103138   -100 -100.00 -100.00 -100.00
 201   339.408 56644.89681981 41.91  21.224203   2.106377 20.992 -100.00 -100.00 -100.00
 201   338.845 56644.89682040 46.88  21.225096   2.103875   -100 -100.00 -100.00 -100.00
 202   338.815 56654.81247200 38.78  21.221321   2.106880 20.632 -100.00 -100.00 -100.00
 202   339.206 56654.81247259 42.96  21.222214   2.104379 19.312 -100.00 -100.00 -100.00
 203   339.195 56664.72812048 38.85  21.219586   2.105456 16.444 -100.00 -100.00 -100.00
 203   338.566 56664.72812107 44.78  21.220479   2.102955 32.167 -100.00 -100.00 -100.00
 204   338.651 56674.64376675 42.06  21.218662   2.103595 26.350 -100.00 -100.00 -100.00
 204   338.820 56674.64376734 46.92  21.219555   2.101094 29.439 -100.00 -100.00 -100.00
 205   338.212 56684.55941146 37.77  21.217712   2.105243 24.965 -100.00 -100.00 -100.00
 205   338.216 56684.55941205 43.14  21.218605   2.102742 29.773 -100.00 -100.00 -100.00
 205   337.952 56684.55941264 48.27  21.219498   2.100241   -100 -100.00 -100.00 -100.00
 206   338.131 56694.47505496 31.86  21.219421   2.104781 25.592 -100.00 -100.00 -100.00
 206   338.119 56694.47505555 35.08  21.220314   2.102280   -100 -100.00 -100.00 -100.00
 207   338.464 56704.39069393 39.93  21.222597   2.105804 20.959 -100.00 -100.00 -100.00
 207   337.844 56704.39069452 46.38  21.223490   2.103303   -100 -100.00 -100.00 -100.00
 209   411.849 56724.22197851 17.72  21.221796   2.105177  6.034 -100.00 -100.00 -100.00
 209   407.879 56724.22197910 29.00  21.222689   2.102676 16.388 -100.00 -100.00 -100.00
 210   338.133 56734.13762890 34.69  21.217416   2.103828 30.160 -100.00 -100.00 -100.00
 210   337.983 56734.13762949 39.75  21.218309   2.101327   -100 -100.00 -100.00 -100.00
 211   338.518 56744.05327545 38.02  21.215509   2.104241 19.526 -100.00 -100.00 -100.00
 211   338.317 56744.05327604 42.12  21.216402   2.101740 27.332 -100.00 -100.00 -100.00
 211   338.134 56744.05327663 48.27  21.217295   2.099239   -100 -100.00 -100.00 -100.00
 212   338.189 56753.96891776 38.06  21.217470   2.105059 29.740 -100.00 -100.00 -100.00
 212   339.429 56753.96891835 43.99  21.218363   2.102558 17.305 -100.00 -100.00 -100.00
 212   338.171 56753.96891894 54.35  21.219256   2.100057 30.850 -100.00 -100.00 -100.00
 213   339.586 56763.88455443 39.00  21.221622   2.107098 16.342 -100.00 -100.00 -100.00
 213   338.901 56763.88455502 43.12  21.222515   2.104596 28.798 -100.00 -100.00 -100.00
 215   339.717 56783.71584578 40.88  21.220267   2.105486 18.773 -100.00 -100.00 -100.00
 215   339.212 56783.71584637 44.99  21.221160   2.102985   -100 -100.00 -100.00 -100.00
 216   339.350 56793.63149953 42.87  21.216320   2.102276 19.753 -100.00 -100.00 -100.00
 216   338.513 56793.63150012 48.35  21.217213   2.099775   -100 -100.00 -100.00 -100.00
 217   339.301 56803.54714993 43.94  21.213455   2.101917 23.375 -100.00 -100.00 -100.00
 217   338.575 56803.54715052 47.97  21.214348   2.099415   -100 -100.00 -100.00 -100.00
 218   338.577 56813.46279278 40.93  21.214464   2.103630 24.042 -100.00 -100.00 -100.00
 218   338.702 56813.46279337 45.13  21.215357   2.101129 27.548 -100.00 -100.00 -100.00
 218   338.181 56813.46279396 50.12  21.216251   2.098628   -100 -100.00 -100.00 -100.00
 219   338.438 56823.37843241 38.90  21.216782   2.104842 27.114 -100.00 -100.00 -100.00
 219   339.134 56823.37843300 43.03  21.217675   2.102340 19.321 -100.00 -100.00 -100.00
 219   338.158 56823.37843359 47.15  21.218568   2.099839   -100 -100.00 -100.00 -100.00
 220   411.396 56833.29406807 14.75  21.219740   2.105332  7.021 -100.00 -100.00 -100.00
 220   411.334 56833.29406866 19.78  21.220633   2.102831  7.634 -100.00 -100.00 -100.00
 222   337.978 56853.12534138 39.95  21.223181   2.106069 22.561 -100.00 -100.00 -100.00
 222   337.976 56853.12534197 44.06  21.224075   2.103568 24.118 -100.00 -100.00 -100.00
 223   338.209 56863.04099457 36.21  21.220000   2.106592 18.130 -100.00 -100.00 -100.00
 223   337.899 56863.04099516 40.81  21.220894   2.104091 30.332 -100.00 -100.00 -100.00
 223   338.433 56863.04099575 45.04  21.221787   2.101590 21.217 -100.00 -100.00 -100.00
 224   338.454 56872.95664758 37.30  21.218845   2.105472 17.460 -100.00 -100.00 -100.00
 224   338.437 56872.95664817 41.99  21.219738   2.102971 22.300 -100.00 -100.00 -100.00
 224   337.676 56872.95664876 47.12  21.220632   2.100469   -100 -100.00 -100.00 -100.00
 225   338.302 56882.87229770 38.75  21.218891   2.103521 19.420 -100.00 -100.00 -100.00
 225   337.829 56882.87229829 44.20  21.219784   2.101019   -100 -100.00 -100.00 -100.00
 226   338.240 56892.78794371 38.98  21.217989   2.104289 22.014 -100.00 -100.00 -100.00
 226   337.848 56892.78794430 44.25  21.218882   2.101787   -100 -100.00 -100.00 -100.00
 226   337.657 56892.78794489 48.32  21.219775   2.099286 11.129 -100.00 -100.00 -100.00
 227   338.461 56902.70358672 37.92  21.216283   2.104381 18.478 -100.00 -100.00 -100.00
 227   338.075 56902.70358731 41.95  21.217176   2.101879 31.086 -100.00 -100.00 -100.00
 227   337.916 56902.70358790 47.31  21.218070   2.099377   -100 -100.00 -100.00 -100.00
 228   338.020 56912.61922854 41.12  21.215224   2.102493 31.677 -100.00 -100.00 -100.00
 228   338.433 56912.61922913 47.20  21.216118   2.099992   -100 -100.00 -100.00 -100.00
 229   338.486 56922.53486834 38.04  21.215431   2.104550 19.406 -100.00 -100.00 -100.00
 229   338.453 56922.53486893 43.07  21.216324   2.102048 21.362 -100.00 -100.00 -100.00
 229   338.098 56922.53486952 48.31  21.217217   2.099547   -100 -100.00 -100.00 -100.00
 230   338.717 56932.45050645 38.97  21.218861   2.106047 22.060 -100.00 -100.00 -100.00
 230   338.872 56932.45050704 42.04  21.219754   2.103545 22.779 -100.00 -100.00 -100.00
 230   338.315 56932.45050763 47.02  21.220647   2.101043   -100 -100.00 -100.00 -100.00
 232   339.687 56952.28178382 40.97  21.225421   2.107037 15.447 -100.00 -100.00 -100.00
 232   338.545 56952.28178441 44.31  21.226315   2.104536   -100 -100.00 -100.00 -100.00
 233   339.350 56962.19743477 41.03  21.221481   2.106784 24.469 -100.00 -100.00 -100.00
 233   339.353 56962.19743536 44.94  21.222374   2.104282 28.808 -100.00 -100.00 -100.00
 234   339.824 56972.11308117 43.12  21.219276   2.104345 25.486 -100.00 -100.00 -100.00
 234   339.372 56972.11308176 47.36  21.220169   2.101843   -100 -100.00 -100.00 -100.00
 235   339.646 56982.02872288 42.15  21.219332   2.104590 25.506 -100.00 -100.00 -100.00
 235   339.462 56982.02872347 47.07  21.220225   2.102089   -100 -100.00 -100.00 -100.00
 236   339.668 56991.94436013 42.97  21.222613   2.105165 29.668 -100.00 -100.00 -100.00
 236   339.350 56991.94436072 48.18  21.223506   2.102664   -100 -100.00 -100.00 -100.00
 238   339.492 57011.77564974 40.88  21.223464   2.106961 21.897 -100.00 -100.00 -100.00
 238   339.125 57011.77565033 44.00  21.224358   2.104459   -100 -100.00 -100.00 -100.00
 239   339.235 57021.69130123 42.15  21.220548   2.105752 24.903 -100.00 -100.00 -100.00
 239   339.069 57021.69130182 46.52  21.221441   2.103251 31.391 -100.00 -100.00 -100.00
 240   338.692 57031.60695028 40.88  21.218581   2.104789 26.381 -100.00 -100.00 -100.00
 240   339.313 57031.60695087 45.14  21.219474   2.102288 19.247 -100.00 -100.00 -100.00
 240   338.374 57031.60695146 49.09  21.220367   2.099786   -100 -100.00 -100.00 -100.00
 241   338.627 57041.52259745 38.97  21.217892   2.105130 18.286 -100.00 -100.00 -100.00
 241   337.961 57041.52259804 43.03  21.218785   2.102629 31.447 -100.00 -100.00 -100.00
 241   337.700 57041.52259863 49.25  21.219679   2.100127   -100 -100.00 -100.00 -100.00
 242   337.373 57051.43824301 26.78  21.219113   2.104417 29.240 -100.00 -100.00 -100.00
 242   337.041 57051.43824360 28.01  21.220006   2.101915   -100 -100.00 -100.00 -100.00
 243   337.980 57061.35388425 41.22  21.221333   2.104772 22.596 -100.00 -100.00 -100.00
 243   337.824 57061.35388484 45.13  21.222226   2.102270 30.389 -100.00 -100.00 -100.00
 244   337.929 57071.26951973 40.18  21.223432   2.106079 22.272 -100.00 -100.00 -100.00
 244   337.483 57071.26952032 45.06  21.224325   2.103578   -100 -100.00 -100.00 -100.00
 245   338.597 57081.18515085 39.00  21.225334   2.107219 14.468 -100.00 -100.00 -100.00
 245   338.199 57081.18515144 43.02  21.226227   2.104718 20.343 -100.00 -100.00 -100.00
 247   337.749 57101.01645091 38.06  21.219971   2.105190 21.813 -100.00 -100.00 -100.00
 247   338.181 57101.01645150 44.30  21.220864   2.102688 19.486 -100.00 -100.00 -100.00
 248   337.441 57110.93210483 37.52  21.218522   2.104945 21.639 -100.00 -100.00 -100.00
 248   337.528 57110.93210542 43.17  21.219414   2.102444   -100 -100.00 -100.00 -100.00
 248   337.071 57110.93210601 54.60  21.220307   2.099943   -100 -100.00 -100.00 -100.00
 249   338.801 57120.84775299 37.34  21.219314   2.105588 19.726 -100.00 -100.00 -100.00
 249   338.550 57120.84775358 41.09  21.220207   2.103087 31.256 -100.00 -100.00 -100.00
 249   338.147 57120.84775417 46.51  21.221100   2.100586 14.066 -100.00 -100.00 -100.00
 250   339.174 57130.76339562 40.20  21.220114   2.105298 19.233 -100.00 -100.00 -100.00
 250   338.681 57130.76339621 44.38  21.221007   2.102797 30.019 -100.00 -100.00 -100.00
 251   339.106 57140.67903290 40.14  21.220646   2.105939 22.946 -100.00 -100.00 -100.00
 251   339.340 57140.67903349 43.98  21.221539   2.103438 24.547 -100.00 -100.00 -100.00
 252   339.084 57150.59466717 41.14  21.222006   2.106413 23.574 -100.00 -100.00 -100.00
 252   339.338 57150.59466776 44.30  21.222900   2.103912 21.531 -100.00 -100.00 -100.00
 254   338.033 57170.42595261 41.08  21.223783   2.106488   -100 -100.00 -100.00 -100.00
 254   338.745 57170.42595320 45.03  21.224676   2.103987 27.091 -100.00 -100.00 -100.00
 255   338.902 57180.34160826 41.21  21.221941   2.105001 19.070 -100.00 -100.00 -100.00
 255   338.361 57180.34160885 47.00  21.222834   2.102499   -100 -100.00 -100.00 -100.00
 256   338.381 57190.25725964 42.37  21.219828   2.104610 27.473 -100.00 -100.00 -100.00
 256   338.304 57190.25726023 46.40  21.220721   2.102109   -100 -100.00 -100.00 -100.00
 257   338.834 57200.17290707 38.22  21.217728   2.105508 17.355 -100.00 -100.00 -100.00
 257   338.286 57200.17290766 42.28  21.218621   2.103006 31.733 -100.00 -100.00 -100.00
 257   338.392 57200.17290826 47.27  21.219515   2.100505   -100 -100.00 -100.00 -100.00
 258   338.488 57210.08854091 38.25  21.217255   2.105135 18.238 -100.00 -100.00 -100.00
 258   338.780 57210.08854150 43.26  21.218148   2.102634 18.919 -100.00 -100.00 -100.00
 258   338.114 57210.08854209 48.26  21.219042   2.100132   -100 -100.00 -100.00 -100.00
 259   338.027 57220.00418446 39.21  21.218199   2.105264 22.284 -100.00 -100.00 -100.00
 259   337.803 57220.00418505 43.16  21.219092   2.102763 31.074 -100.00 -100.00 -100.00
 259   337.686 57220.00418564 48.51  21.219985   2.100261   -100 -100.00 -100.00 -100.00
 260   337.539 57229.91982685 39.23  21.219920   2.105484 22.808 -100.00 -100.00 -100.00
 260   337.395 57229.91982744 44.23  21.220814   2.102983   -100 -100.00 -100.00 -100.00
 261   337.688 57239.83546669 37.47  21.221326   2.106884 20.023 -100.00 -100.00 -100.00
 261   337.771 57239.83546728 43.07  21.222219   2.104382   -100 -100.00 -100.00 -100.00
 262   337.590 57249.75110399 30.33  21.223307   2.107036 22.850 -100.00 -100.00 -100.00
 262   337.369 57249.75110458 32.26  21.224200   2.104535 32.026 -100.00 -100.00 -100.00
 263   338.121 57259.66673907 39.02  21.225038   2.107554 18.328 -100.00 -100.00 -100.00
 263   337.771 57259.66673966 42.12  21.225931   2.105053 28.897 -100.00 -100.00 -100.00
 266   337.480 57289.41368117 39.26  21.222709   2.106631 21.353 -100.00 -100.00 -100.00
 266   337.709 57289.41368176 43.09  21.223602   2.104130 29.657 -100.00 -100.00 -100.00
 267   337.439 57299.32933429 19.69  21.221026   2.106075 12.722 -100.00 -100.00 -100.00
 267   337.232 57299.32933488 23.19  21.221919   2.103573 23.620 -100.00 -100.00 -100.00
 268   338.590 57309.24498383 38.22  21.219790   2.105542 16.931 -100.00 -100.00 -100.00
 268   338.094 57309.24498442 42.26  21.220683   2.103040   -100 -100.00 -100.00 -100.00
 269   338.273 57319.16062994 33.30  21.218271   2.103881 19.709 -100.00 -100.00 -100.00
 269   338.191 57319.16063053 37.32  21.219164   2.101380   -100 -100.00 -100.00 -100.00
 270   339.195 57329.07627249 41.05  21.216900   2.103505 28.154 -100.00 -100.00 -100.00
 270   339.393 57329.07627308 45.12  21.217793   2.101004 29.646 -100.00 -100.00 -100.00
 271   339.631 57338.99191263 42.42  21.217501   2.104421 24.741 -100.00 -100.00 -100.00
 271   339.818 57338.99191323 46.29  21.218394   2.101920 27.425 -100.00 -100.00 -100.00
 271   339.371 57338.99191382 50.36  21.219288   2.099418   -100 -100.00 -100.00 -100.00
 272   340.238 57348.90756120 42.22  21.216944   2.104936 31.727 -100.00 -100.00 -100.00
 272   340.041 57348.90756179 46.52  21.217837   2.102435   -100 -100.00 -100.00 -100.00
 272   340.244 57348.90756238 50.57  21.218730   2.099933   -100 -100.00 -100.00 -100.00
 273   340.258 57358.82320708 43.31  21.218072   2.104222   -100 -100.00 -100.00 -100.00
 273   340.273 57358.82320767 47.47  21.218966   2.101720   -100 -100.00 -100.00 -100.00
 274   340.294 57368.73884963 44.17  21.218985   2.104242 31.860 -100.00 -100.00 -100.00
 274   340.094 57368.73885022 48.56  21.219878   2.101741   -100 -100.00 -100.00 -100.00
 275   340.189 57378.65448965 44.15  21.219629   2.104645 30.211 -100.00 -100.00 -100.00
 275   340.287 57378.65449024 47.32  21.220522   2.102144 31.379 -100.00 -100.00 -100.00
 276   339.689 57388.57012830 42.14  21.220992   2.106263 29.762 -100.00 -100.00 -100.00
 276   339.511 57388.57012889 46.50  21.221885   2.103762   -100 -100.00 -100.00 -100.00
 279   339.571 57418.31705746 41.34  21.224325   2.106676 19.208 -100.00 -100.00 -100.00
 279   339.319 57418.31705805 45.30  21.225218   2.104175 26.547 -100.00 -100.00 -100.00
 280   339.251 57428.23270867 42.26  21.221331   2.104815 19.125 -100.00 -100.00 -100.00
 280   338.292 57428.23270926 53.23  21.222224   2.102314 29.827 -100.00 -100.00 -100.00
 281   338.237 57438.14835705 43.38  21.218846   2.103323   -100 -100.00 -100.00 -100.00
 281   338.441 57438.14835764 47.55  21.219739   2.100822   -100 -100.00 -100.00 -100.00
 282   338.359 57448.06400353 41.23  21.217855   2.103664 32.468 -100.00 -100.00 -100.00
 282   338.484 57448.06400412 46.73  21.218748   2.101163   -100 -100.00 -100.00 -100.00
 283   338.693 57457.97964850 38.38  21.217908   2.105313 23.051 -100.00 -100.00 -100.00
 283   339.459 57457.97964909 43.35  21.218801   2.102812 16.770 -100.00 -100.00 -100.00
 283   338.621 57457.97964968 48.54  21.219694   2.100310   -100 -100.00 -100.00 -100.00
 284   339.232 57467.89529083 39.25  21.219722   2.106287 15.519 -100.00 -100.00 -100.00
 284   339.176 57467.89529142 43.37  21.220615   2.103785 17.992 -100.00 -100.00 -100.00
 284   338.019 57467.89529201 52.90  21.221508   2.101284 12.106 -100.00 -100.00 -100.00
 285   338.746 57477.81092947 37.73  21.222632   2.106277 19.114 -100.00 -100.00 -100.00
 285   338.830 57477.81093006 42.40  21.223525   2.103776 24.006 -100.00 -100.00 -100.00
 286   339.816 57487.72656456 39.31  21.224204   2.107548 14.629 -100.00 -100.00 -100.00
 286   338.810 57487.72656515 43.49  21.225097   2.105047 27.491 -100.00 -100.00 -100.00
 289   339.242 57517.47349357 40.38  21.223341   2.106883 30.098 -100.00 -100.00 -100.00
 289   339.436 57517.47349416 41.33  21.224235   2.104381 30.269 -100.00 -100.00 -100.00
 290   340.104 57527.38914712 40.30  21.221363   2.106579 21.766 -100.00 -100.00 -100.00
 290   339.424 57527.38914771 44.22  21.222256   2.104078   -100 -100.00 -100.00 -100.00
 291   340.260 57537.30479843 43.43  21.220805   2.104438 18.637 -100.00 -100.00 -100.00
 291   339.209 57537.30479902 47.40  21.221698   2.101937   -100 -100.00 -100.00 -100.00
 292   338.796 57547.22044642 41.34  21.219188   2.104541   -100 -100.00 -100.00 -100.00
 292   339.049 57547.22044701 45.36  21.220081   2.102040   -100 -100.00 -100.00 -100.00
 293   338.292 57557.13609268 41.39  21.218001   2.104256 26.076 -100.00 -100.00 -100.00
 293   338.217 57557.13609327 45.30  21.218894   2.101755   -100 -100.00 -100.00 -100.00
 294   338.069 57567.05173756 40.40  21.218109   2.104246 27.487 -100.00 -100.00 -100.00
 294   338.529 57567.05173815 44.54  21.219002   2.101745 27.174 -100.00 -100.00 -100.00
 295   338.022 57576.96738144 39.37  21.218990   2.105341 23.813 -100.00 -100.00 -100.00
 295   338.250 57576.96738203 44.42  21.219884   2.102840 24.010 -100.00 -100.00 -100.00
 295   337.695 57576.96738262 48.38  21.220777   2.100338   -100 -100.00 -100.00 -100.00
 296   386.136 57586.88302447 21.09  21.220720   2.104722 11.805 -100.00 -100.00 -100.00
 296   385.246 57586.88302506 26.42  21.221613   2.102221 15.216 -100.00 -100.00 -100.00
 297   337.651 57596.79866447 38.46  21.220659   2.106871 22.328 -100.00 -100.00 -100.00
 297   338.319 57596.79866506 42.36  21.221552   2.104370 21.008 -100.00 -100.00 -100.00
