#  287.820  -0.299   2.191 ;Mean Elev.(m), Avg Gradient(m/km), RMS Gradient(m/km) - SRTM1     
#  274.036  -0.266   4.457 ;Mean Elev.(m), Avg Gradient(m/km), RMS Gradient(m/km) - ASTER GDEM
#  288.000  -0.297   2.356 ;Mean Elev.(m), Avg Gradient(m/km), RMS Gradient(m/km) - GMTED2010 
  31   290.600 54963.22022434 56.27  16.765328  -1.286104   -100  260.38  267.69  258.13
  31   290.730 54963.22022493 56.01  16.766221  -1.288605 26.438  260.38  267.69  258.13
  34   290.903 54992.96716632 50.21  16.760906  -1.285172 14.544  263.70  270.40  261.35
  34   291.118 54992.96716691 51.92  16.761798  -1.287674   -100  263.70  270.40  261.35
  34   290.984 54992.96716750 53.05  16.762690  -1.290175 11.129  263.70  270.40  261.35
  34   290.787 54992.96716809 54.25  16.763582  -1.292677 29.363  263.70  270.40  261.35
  34   290.773 54992.96716868 54.62  16.764474  -1.295178 32.758  263.70  270.40  261.35
  35   291.064 55002.88281244 51.99  16.760968  -1.286365   -100  261.77  267.44  258.38
  35   290.792 55002.88281303 54.11  16.761861  -1.288867 18.498  257.99  263.36  254.31
  35   290.776 55002.88281362 55.24  16.762753  -1.291368   -100  257.99  263.36  254.31
  35   290.786 55002.88281421 56.32  16.763645  -1.293870   -100  257.99  263.36  254.31
  35   290.799 55002.88281480 56.32  16.764537  -1.296371   -100  257.99  263.36  254.31
  36   290.638 55012.79845679 53.20  16.760631  -1.288447 22.376  263.04  268.26  261.13
  36   290.703 55012.79845738 53.94  16.761523  -1.290949  1.720  263.04  268.26  261.13
  36   290.437 55012.79845797 56.85  16.762415  -1.293451   -100  263.04  268.26  261.13
  36   290.531 55012.79845857 55.64  16.763307  -1.295952   -100  263.04  268.26  261.13
  37   290.897 55022.71409948 50.22  16.759924  -1.288948   -100  264.47  269.45  262.34
  37   290.553 55022.71410007 51.30  16.760816  -1.291449 22.803  264.47  269.45  262.34
  37   290.718 55022.71410066 48.88  16.761709  -1.293951   -100  264.47  269.45  262.34
  37   290.463 55022.71410125 49.54  16.762601  -1.296452  3.027  264.47  269.45  262.34
  37   290.456 55022.71410184 51.21  16.763493  -1.298954 17.392  264.47  269.45  262.34
  46   291.412 55111.95489379 51.22  16.759197  -1.293826 13.908  259.69  267.22  257.21
  46   291.349 55111.95489438 52.28  16.760090  -1.296327 22.376  259.69  267.22  257.21
  46   291.300 55111.95489497 55.30  16.760982  -1.298829   -100  255.70  263.34  252.58
  46   291.292 55111.95489556 56.39  16.761874  -1.301331   -100  255.70  263.34  252.58
  47   291.585 55121.87053676 50.26  16.759779  -1.291241 13.204  257.87  266.01  255.25
  47   291.542 55121.87053736 52.29  16.760672  -1.293743 24.503  257.87  266.01  255.25
  47   291.514 55121.87053795 54.33  16.761564  -1.296244   -100  257.87  266.01  255.25
  47   291.497 55121.87053854 56.24  16.762456  -1.298746   -100  257.87  266.01  255.25
  48   291.790 55131.78617690 53.26  16.760353  -1.288597 25.788  254.46  262.10  250.63
  48   291.755 55131.78617749 54.66  16.761245  -1.291099   -100  254.46  262.10  250.63
  48   291.728 55131.78617808 53.63  16.762138  -1.293601 28.061  254.46  262.10  250.63
  48   291.709 55131.78617867 53.86  16.763030  -1.296102 28.524  254.46  262.10  250.63
  49   292.573 55141.70181527 50.85  16.760102  -1.286627   -100  244.98  253.73  239.06
  49   292.163 55141.70181586 54.25  16.760994  -1.289129 22.618  244.98  253.73  239.06
  49   292.105 55141.70181645 54.23  16.761887  -1.291630 31.764  244.98  253.73  239.06
  49   292.074 55141.70181704 52.30  16.762779  -1.294132 28.229  244.98  253.73  239.06
  49   292.044 55141.70181763 51.00  16.763672  -1.296634 28.658  244.98  253.73  239.06
  58   290.995 55230.94261785 45.36  16.759425  -1.295571 11.572  262.49  268.86  259.84
  58   291.102 55230.94261844 47.07  16.760317  -1.298072  1.494  262.49  268.86  259.84
  58   291.157 55230.94261903 45.27  16.761209  -1.300574   -100  262.49  268.86  259.84
  59   291.091 55240.85826186 45.98  16.759249  -1.292929   -100  264.07  270.95  261.07
  59   290.920 55240.85826245 47.02  16.760141  -1.295430   -100  264.07  270.95  261.07
  59   290.972 55240.85826304 53.04  16.761034  -1.297931   -100  264.07  270.95  261.07
  59   290.997 55240.85826363 53.94  16.761926  -1.300433   -100  264.07  270.95  261.07
  60   290.540 55250.77390292 43.88  16.758921  -1.293568   -100  265.58  271.90  263.11
  60   291.272 55250.77390351 45.18  16.759813  -1.296069 24.264  265.58  271.90  263.11
  60   290.453 55250.77390410 50.39  16.760706  -1.298570 28.031  265.58  271.90  263.11
  60   290.641 55250.77390469 53.94  16.761598  -1.301071   -100  265.58  271.90  263.11
  61   290.424 55260.68954216 39.22  16.758298  -1.295417   -100  269.23  275.30  266.58
  61   290.083 55260.68954275 37.71  16.759190  -1.297918   -100  269.23  275.30  266.58
  61   290.164 55260.68954334 36.15  16.760082  -1.300420 32.286  269.23  275.30  266.58
  61   290.155 55260.68954393 40.41  16.760975  -1.302921   -100  269.23  275.30  266.58
  70   290.899 55349.93031350 48.28  16.760008  -1.286239 11.350  265.62  272.50  263.66
  70   290.952 55349.93031409 53.27  16.760900  -1.288741 13.359  265.62  272.50  263.66
  70   290.980 55349.93031468 54.00  16.761792  -1.291242 15.848  265.62  272.50  263.66
  70   291.056 55349.93031527 56.44  16.762684  -1.293744   -100  265.62  272.50  263.66
  70   290.828 55349.93031586 55.57  16.763577  -1.296245 17.236  265.62  272.50  263.66
  71   291.301 55359.84595522 48.24  16.761704  -1.286560   -100  264.02  270.51  262.18
  71   290.966 55359.84595581 52.18  16.762596  -1.289061 19.346  264.02  270.51  262.18
  71   291.001 55359.84595640 50.37  16.763489  -1.291563 24.949  264.02  270.51  262.18
  71   291.018 55359.84595699 49.14  16.764381  -1.294064 16.902  259.39  265.94  256.83
  72   290.765 55369.76159432 52.52  16.761592  -1.285424   -100  265.11  270.96  262.38
  72   291.020 55369.76159491 53.27  16.762484  -1.287925   -100  265.11  270.96  262.38
  72   290.807 55369.76159550 54.31  16.763376  -1.290427 14.464  265.11  270.96  262.38
  72   290.777 55369.76159609 56.55  16.764269  -1.292928   -100  265.11  270.96  262.38
  72   290.835 55369.76159668 56.53  16.765161  -1.295430   -100  265.11  270.96  262.38
  73   290.952 55379.67723248 50.11  16.761879  -1.285941   -100  270.74  276.73  268.76
  73   290.836 55379.67723307 51.20  16.762771  -1.288442  2.811  270.74  276.73  268.76
  73   290.658 55379.67723366 53.31  16.763664  -1.290944 15.972  270.74  276.73  268.76
  73   290.713 55379.67723425 55.00  16.764556  -1.293446   -100  265.93  271.73  263.27
  82   291.503 55468.91802327 49.59  16.760193  -1.286587 30.387  255.47  261.40  252.07
  82   291.502 55468.91802386 52.56  16.761086  -1.289089   -100  255.47  261.40  252.07
  82   291.524 55468.91802445 54.04  16.761978  -1.291590   -100  255.47  261.40  252.07
  82   291.544 55468.91802504 51.09  16.762870  -1.294092 30.380  255.47  261.40  252.07
  82   291.584 55468.91802563 45.30  16.763763  -1.296594  0.910  255.47  261.40  252.07
  83   291.484 55478.83366191 54.52  16.763034  -1.286985   -100  258.75  265.87  255.73
  83   291.481 55478.83366250 53.45  16.763926  -1.289487 24.605  258.75  265.87  255.73
  83   291.475 55478.83366309 54.50  16.764819  -1.291988 31.199  258.75  265.87  255.73
  84   291.420 55488.74929768 56.45  16.765415  -1.287376 21.044  259.70  266.93  257.45
  84   291.514 55488.74929827 54.74  16.766307  -1.289878 11.979  259.70  266.93  257.45
  93   290.977 55577.99009209 48.56  16.759611  -1.288338 28.416  259.87  265.38  257.35
  93   291.007 55577.99009268 51.59  16.760504  -1.290839 30.272  259.87  265.38  257.35
  93   291.087 55577.99009327 52.00  16.761396  -1.293341  6.675  255.64  260.97  252.84
  93   290.925 55577.99009386 47.64  16.762288  -1.295842  9.315  255.64  260.97  252.84
  93   290.776 55577.99009445 45.36  16.763180  -1.298344 15.725  255.64  260.97  252.84
  94   290.355 55587.90573092 49.73  16.761317  -1.285423   -100  257.17  262.47  254.36
  94   290.468 55587.90573151 52.65  16.762210  -1.287924   -100  257.17  262.47  254.36
  94   290.520 55587.90573211 52.52  16.763102  -1.290426 20.301  257.17  262.47  254.36
  94   290.578 55587.90573270 46.18  16.763994  -1.292927   -100  257.17  262.47  254.36
  94   290.584 55587.90573329 41.99  16.764886  -1.295428   -100  257.17  262.47  254.36
  95   290.209 55597.82136750 54.52  16.764767  -1.285931 23.254  264.66  270.52  262.46
  95   290.274 55597.82136809 54.97  16.765659  -1.288433  9.545  260.14  265.81  257.17
  95   290.306 55597.82136868 52.90  16.766551  -1.290934   -100  260.14  265.81  257.17
  96   290.015 55607.73700125 33.30  16.766706  -1.286200   -100  263.86  269.48  261.71
  96   290.135 55607.73700184 30.94  16.767599  -1.288702 23.160  263.86  269.48  261.71
 105   289.704 55696.97778317 50.32  16.763837  -1.285968   -100  266.63  272.30  264.69
 105   289.417 55696.97778377 51.95  16.764729  -1.288470   -100  266.63  272.30  264.69
 105   289.555 55696.97778436 46.72  16.765621  -1.290971  4.135  266.63  272.30  264.69
 107   289.330 55716.80906818 56.77  16.766506  -1.286934   -100  267.27  273.20  265.50
 107   289.356 55716.80906877 54.36  16.767398  -1.289435   -100  267.27  273.20  265.50
 108   289.500 55726.72471573 34.29  16.763417  -1.285461   -100  270.95  276.49  269.43
 108   289.146 55726.72471632 33.18  16.764309  -1.287962   -100  266.10  271.80  263.98
 108   289.233 55726.72471691 27.95  16.765201  -1.290464 30.918  266.10  271.80  263.98
 108   289.259 55726.72471750 24.73  16.766093  -1.292965 18.859  266.10  271.80  263.98
 123   292.181 55875.45934460 53.83  16.764807  -1.285564 29.779  251.03  260.57  245.13
 123   292.172 55875.45934519 54.75  16.765700  -1.288066 30.215  245.72  255.87  240.02
 123   292.157 55875.45934578 53.65  16.766592  -1.290568 24.545  245.72  255.87  240.02
 124   292.426 55885.37499253 56.75  16.764624  -1.287162 21.279  244.16  254.46  237.32
 124   292.390 55885.37499312 55.67  16.765516  -1.289664 21.563  244.16  254.46  237.32
 133   289.751 55974.61577935 46.85  16.760980  -1.285051 19.934  265.53  271.79  263.42
 133   289.744 55974.61577994 48.09  16.761872  -1.287553 27.679  260.76  266.55  257.81
 133   289.758 55974.61578053 46.24  16.762765  -1.290054 16.848  260.76  266.55  257.81
 133   289.789 55974.61578112 44.59  16.763657  -1.292555   -100  260.76  266.55  257.81
 133   290.195 55974.61578171 37.83  16.764549  -1.295056 28.393  260.76  266.55  257.81
 134   289.624 55984.53141642 46.13  16.763440  -1.285575 16.258  264.64  270.62  261.78
 134   289.607 55984.53141701 49.98  16.764333  -1.288076   -100  264.64  270.62  261.78
 134   289.624 55984.53141760 48.87  16.765225  -1.290577 29.532  264.64  270.62  261.78
 145   290.017 56093.60349317 52.31  16.761022  -1.286413 21.898  265.90  272.11  264.98
 145   290.099 56093.60349376 52.83  16.761914  -1.288915   -100  265.90  272.11  264.98
 145   290.174 56093.60349435 49.69  16.762807  -1.291417 16.473  265.90  272.11  264.98
 145   290.237 56093.60349494 41.11  16.763699  -1.293918 30.351  265.90  272.11  264.98
 145   290.183 56093.60349553 39.05  16.764591  -1.296420 23.376  265.90  272.11  264.98
 146   289.773 56103.51913844 49.60  16.760981  -1.286232   -100  267.63  272.53  265.50
 146   289.980 56103.51913903 48.10  16.761873  -1.288733 15.961  267.63  272.53  265.50
 146   290.050 56103.51913962 46.67  16.762765  -1.291235   -100  267.63  272.53  265.50
 146   289.787 56103.51914021 46.64  16.763658  -1.293736 25.734  267.63  272.53  265.50
 146   289.915 56103.51914080 37.24  16.764550  -1.296238 30.580  267.63  272.53  265.50
 147   289.916 56113.43476949 50.67  16.761847  -1.286143  0.092  268.50  274.05  266.64
 147   289.857 56113.43477008 51.87  16.762739  -1.288644 14.987  268.50  274.05  266.64
 147   289.676 56113.43477067 52.93  16.763631  -1.291146 25.893  268.50  274.05  266.64
 147   289.816 56113.43477126 54.34  16.764523  -1.293648   -100  268.50  274.05  266.64
 148   289.704 56123.35040831 35.18  16.763333  -1.285556  1.500  269.88  275.69  268.95
 148   289.620 56123.35040890 33.09  16.764225  -1.288058  3.702  269.88  275.69  268.95
 148   289.673 56123.35040949 24.45  16.765117  -1.290559 19.361  265.24  271.07  263.44
 148   289.666 56123.35041008 23.30  16.766010  -1.293061 18.198  265.24  271.07  263.44
 157   291.642 56212.59117607 55.00  16.766410  -1.286020 15.091  263.07  270.28  260.58
 157   291.590 56212.59117666 54.16  16.767303  -1.288522 19.397  263.07  270.28  260.58
 164   292.328 56282.00069229 55.11  16.762487  -1.286079   -100  250.07  259.95  246.14
 164   292.317 56282.00069288 56.03  16.763379  -1.288581   -100  250.07  259.95  246.14
 164   292.309 56282.00069347 56.01  16.764271  -1.291083   -100  250.07  259.95  246.14
 164   292.278 56282.00069406 56.01  16.765163  -1.293584   -100  250.07  259.95  246.14
 169   291.058 56331.57891769 45.45  16.760320  -1.290013   -100  265.30  270.37  261.98
 169   290.801 56331.57891828 39.85  16.761212  -1.292514   -100  265.30  270.37  261.98
 169   290.952 56331.57891887 35.06  16.762105  -1.295015 30.749  265.30  270.37  261.98
 169   291.016 56331.57891946 35.71  16.762997  -1.297517 28.519  265.30  270.37  261.98
 171   290.179 56351.41019666 33.79  16.764805  -1.286960   -100  269.74  275.57  268.25
 171   290.214 56351.41019725 30.32  16.765698  -1.289461 29.181  269.74  275.57  268.25
 174   290.091 56381.15713377 36.44  16.759345  -1.289487   -100  266.61  272.80  265.42
 174   290.269 56381.15713436 31.60  16.760238  -1.291988 28.196  266.61  272.80  265.42
 174   289.856 56381.15713495 31.46  16.761130  -1.294490   -100  266.61  272.80  265.42
 174   289.904 56381.15713554 27.94  16.762022  -1.296991 20.752  266.61  272.80  265.42
 174   290.028 56381.15713613 30.67  16.762914  -1.299492 27.627  262.39  268.70  260.58
 180   290.770 56440.65098564 48.22  16.761186  -1.286229   -100  268.14  274.22  266.34
 180   290.918 56440.65098623 38.92  16.762078  -1.288730   -100  268.14  274.22  266.34
 180   290.591 56440.65098682 34.74  16.762970  -1.291232   -100  268.14  274.22  266.34
 180   290.609 56440.65098741 32.42  16.763863  -1.293733 28.754  268.14  274.22  266.34
 180   290.928 56440.65098800 32.78  16.764755  -1.296235 24.946  268.14  274.22  266.34
 181   290.907 56450.56663707 48.15  16.759961  -1.291467   -100  269.32  274.20  267.09
 181   291.003 56450.56663766 49.85  16.760853  -1.293968   -100  269.32  274.20  267.09
 181   290.822 56450.56663825 52.01  16.761745  -1.296470 19.622  269.32  274.20  267.09
 181   290.959 56450.56663884 52.09  16.762638  -1.298971   -100  269.32  274.20  267.09
 182   290.205 56460.48228525 47.13  16.759378  -1.290609 11.721  270.32  275.89  268.50
 182   290.079 56460.48228584 48.14  16.760270  -1.293111 17.538  270.32  275.89  268.50
 182   290.258 56460.48228643 42.97  16.761162  -1.295612   -100  270.32  275.89  268.50
 182   289.990 56460.48228702 36.18  16.762054  -1.298114 30.638  270.32  275.89  268.50
 183   289.797 56470.39793042 29.67  16.759970  -1.290459   -100  268.04  273.14  265.96
 183   289.454 56470.39793101 27.59  16.760863  -1.292961 30.709  268.04  273.14  265.96
 183   289.453 56470.39793160 28.64  16.761755  -1.295463 32.129  268.04  273.14  265.96
 183   289.846 56470.39793219 25.82  16.762647  -1.297964 18.944  268.04  273.14  265.96
 192   290.797 56559.63870715 47.00  16.760210  -1.285268  0.471  266.39  272.42  264.52
 192   290.662 56559.63870774 50.28  16.761102  -1.287770 32.443  266.39  272.42  264.52
 192   290.909 56559.63870833 50.16  16.761994  -1.290271   -100  266.39  272.42  264.52
 192   290.647 56559.63870892 50.10  16.762887  -1.292773 31.764  266.39  272.42  264.52
 192   290.821 56559.63870951 44.89  16.763779  -1.295275  0.139  266.39  272.42  264.52
 193   291.239 56569.55434958 47.17  16.760248  -1.287023   -100  262.87  268.89  260.62
 193   290.890 56569.55435017 40.86  16.761141  -1.289525 13.025  262.87  268.89  260.62
 193   290.610 56569.55435076 38.18  16.762033  -1.292027  6.577  262.87  268.89  260.62
 193   290.672 56569.55435135 35.60  16.762926  -1.294529   -100  262.87  268.89  260.62
 193   290.732 56569.55435194 39.07  16.763818  -1.297031   -100  262.87  268.89  260.62
 194   291.518 56579.46999065 44.78  16.762053  -1.286672   -100  261.24  267.13  255.52
 194   291.172 56579.46999124 39.48  16.762945  -1.289174   -100  261.24  267.13  255.52
 194   291.246 56579.46999183 37.45  16.763837  -1.291676 26.916  261.24  267.13  255.52
 194   291.188 56579.46999242 41.70  16.764730  -1.294178   -100  261.24  267.13  255.52
 204   291.034 56678.62644133 48.93  16.759603  -1.290609   -100  267.95  273.28  265.57
 204   291.109 56678.62644193 49.92  16.760496  -1.293110   -100  267.95  273.28  265.57
 204   290.846 56678.62644252 54.23  16.761388  -1.295612 29.759  263.03  267.85  259.63
 204   290.944 56678.62644311 55.08  16.762280  -1.298113 15.600  263.03  267.85  259.63
 205   290.577 56688.54208540 34.58  16.759946  -1.290534   -100  267.51  273.59  264.71
 205   290.457 56688.54208599 31.48  16.760838  -1.293036 29.393  267.51  273.59  264.71
 205   290.300 56688.54208658 33.21  16.761730  -1.295537   -100  267.51  273.59  264.71
 205   290.521 56688.54208717 37.93  16.762622  -1.298038   -100  267.51  273.59  264.71
 206   290.534 56698.45772652 31.51  16.760964  -1.287269   -100  268.85  273.58  265.73
 206   290.413 56698.45772711 30.15  16.761856  -1.289770   -100  268.85  273.58  265.73
 206   290.247 56698.45772770 29.84  16.762748  -1.292271   -100  268.85  273.58  265.73
 206   290.323 56698.45772829 29.71  16.763640  -1.294773   -100  268.85  273.58  265.73
 207   290.333 56708.37336346 34.08  16.763765  -1.285291   -100  271.72  276.85  269.70
 207   290.206 56708.37336405 29.64  16.764657  -1.287792   -100  271.72  276.85  269.70
 207   290.357 56708.37336464 26.86  16.765549  -1.290293 22.707  267.13  271.90  264.43
 211   290.331 56748.03595054 43.70  16.759155  -1.295900   -100  262.14  268.58  259.91
 211   289.992 56748.03595113 47.17  16.760047  -1.298401  6.764  262.14  268.58  259.91
 211   289.986 56748.03595172 53.07  16.760939  -1.300903   -100  262.14  268.58  259.91
 212   290.430 56757.95158934 47.10  16.759694  -1.289447   -100  265.63  271.95  263.79
 212   289.929 56757.95158993 51.43  16.760586  -1.291948   -100  265.63  271.95  263.79
 212   289.996 56757.95159052 54.27  16.761478  -1.294450 25.945  265.63  271.95  263.79
 212   290.090 56757.95159111 52.17  16.762370  -1.296951   -100  265.63  271.95  263.79
 212   290.015 56757.95159170 45.77  16.763262  -1.299452  5.311  265.63  271.95  263.79
 215   291.096 56787.69852406 48.88  16.760106  -1.288963   -100  266.01  272.81  264.36
 215   290.834 56787.69852465 53.40  16.760998  -1.291465 31.864  266.01  272.81  264.36
 215   290.915 56787.69852524 51.43  16.761890  -1.293966   -100  266.01  272.81  264.36
 215   290.682 56787.69852583 51.92  16.762782  -1.296467 31.409  266.01  272.81  264.36
 216   291.154 56797.61417788 49.33  16.758152  -1.296615 22.862  266.06  272.95  263.96
 216   291.321 56797.61417847 51.09  16.759044  -1.299117   -100  266.06  272.95  263.96
 216   291.397 56797.61417906 51.99  16.759936  -1.301618   -100  266.06  272.95  263.96
 216   291.120 56797.61417965 53.40  16.760828  -1.304120   -100  261.58  268.05  258.59
 223   290.427 56867.02367175 48.27  16.760066  -1.285988 12.551  265.93  272.64  264.37
 223   290.427 56867.02367234 51.42  16.760958  -1.288490 26.630  265.93  272.64  264.37
 223   290.461 56867.02367293 55.35  16.761851  -1.290991 24.808  265.93  272.64  264.37
 223   290.534 56867.02367352 55.02  16.762743  -1.293493   -100  265.93  272.64  264.37
 223   290.584 56867.02367411 54.01  16.763635  -1.295994   -100  265.93  272.64  264.37
 224   290.794 56876.93932398 51.46  16.760347  -1.290342   -100  263.16  268.61  260.76
 224   290.469 56876.93932457 53.43  16.761239  -1.292843 29.589  263.16  268.61  260.76
 224   290.582 56876.93932516 54.65  16.762131  -1.295345   -100  259.08  264.43  256.29
 224   290.642 56876.93932575 52.40  16.763024  -1.297847 23.173  259.08  264.43  256.29
 227   291.386 56906.68626109 47.07  16.758628  -1.294533   -100  258.08  264.41  255.12
 227   291.413 56906.68626168 49.35  16.759520  -1.297035   -100  258.08  264.41  255.12
 227   291.445 56906.68626227 53.23  16.760413  -1.299537   -100  258.08  264.41  255.12
 227   291.129 56906.68626286 54.30  16.761305  -1.302038 21.943  258.08  264.41  255.12
 228   291.357 56916.60190218 48.44  16.758366  -1.295255 29.759  261.69  267.96  258.74
 228   291.334 56916.60190277 46.95  16.759258  -1.297757 17.995  261.69  267.96  258.74
 228   291.279 56916.60190336 40.91  16.760151  -1.300259   -100  261.69  267.96  258.74
 228   291.292 56916.60190395 33.92  16.761043  -1.302760 24.381  261.69  267.96  258.74
 235   292.932 56986.01139429 54.48  16.760495  -1.286463   -100  244.30  254.85  238.02
 235   292.907 56986.01139488 54.47  16.761387  -1.288965   -100  244.30  254.85  238.02
 235   292.879 56986.01139547 56.44  16.762279  -1.291467   -100  244.30  254.85  238.02
 235   292.859 56986.01139607 56.44  16.763172  -1.293968   -100  244.30  254.85  238.02
 235   292.828 56986.01139666 54.55  16.764064  -1.296470   -100  244.30  254.85  238.02
 236   293.024 56995.92702876 55.45  16.764398  -1.285586 25.632  235.11  246.70  227.81
 236   293.016 56995.92702935 56.39  16.765290  -1.288087 23.750  235.11  246.70  227.81
 236   292.978 56995.92702994 55.65  16.766183  -1.290589 28.068  233.14  245.66  226.94
 239   292.641 57025.67397660 52.46  16.759990  -1.286007 20.163  251.07  259.14  245.79
 239   292.612 57025.67397719 53.48  16.760882  -1.288509 28.306  251.07  259.14  245.79
 239   292.580 57025.67397778 55.82  16.761775  -1.291010   -100  245.53  253.91  239.79
 239   292.557 57025.67397837 55.40  16.762667  -1.293512   -100  245.53  253.91  239.79
 239   292.525 57025.67397896 55.35  16.763560  -1.296013   -100  245.53  253.91  239.79
 243   290.082 57065.33655400 51.26  16.761988  -1.285615  2.665  269.69  275.19  267.18
 243   290.190 57065.33655459 51.57  16.762881  -1.288116   -100  269.69  275.19  267.18
 243   289.939 57065.33655518 52.38  16.763773  -1.290617 10.222  265.04  270.17  261.93
 243   289.921 57065.33655577 54.52  16.764665  -1.293119   -100  265.04  270.17  261.93
 247   289.797 57104.99912964 52.78  16.760675  -1.288860 30.349  266.31  272.49  264.96
 247   289.919 57104.99913023 44.83  16.761567  -1.291361   -100  266.31  272.49  264.96
 247   289.579 57104.99913082 42.96  16.762459  -1.293863   -100  266.31  272.49  264.96
 247   289.666 57104.99913141 43.10  16.763351  -1.296364   -100  266.31  272.49  264.96
 251   290.387 57144.66170215 35.62  16.761131  -1.285006   -100  264.14  270.60  264.17
 251   290.561 57144.66170274 31.33  16.762023  -1.287507   -100  264.14  270.60  264.17
 251   290.220 57144.66170333 28.14  16.762916  -1.290009 27.717  264.14  270.60  264.17
 251   290.246 57144.66170392 26.31  16.763808  -1.292510 20.459  264.14  270.60  264.17
 251   290.085 57144.66170451 30.75  16.764700  -1.295012   -100  264.14  270.60  264.17
 255   290.522 57184.32428442 35.94  16.760629  -1.285447   -100  265.30  271.48  262.81
 255   290.478 57184.32428501 30.40  16.761521  -1.287949   -100  265.30  271.48  262.81
 255   290.415 57184.32428560 26.87  16.762413  -1.290451 24.110  265.30  271.48  262.81
 255   290.150 57184.32428619 28.79  16.763305  -1.292952 31.598  265.30  271.48  262.81
 255   290.421 57184.32428678 29.18  16.764198  -1.295454 27.715  265.30  271.48  262.81
 259   290.566 57223.98685831 48.46  16.760314  -1.289105   -100  265.19  271.69  264.86
 259   290.067 57223.98685890 49.03  16.761206  -1.291607 24.576  265.19  271.69  264.86
 259   290.128 57223.98685950 46.35  16.762099  -1.294109   -100  265.19  271.69  264.86
 259   290.236 57223.98686009 37.69  16.762991  -1.296610   -100  265.19  271.69  264.86
 267   290.782 57303.31200992 45.49  16.760467  -1.284620 32.624  263.74  269.10  263.41
 267   291.008 57303.31201051 48.51  16.761360  -1.287122   -100  263.74  269.10  263.41
 267   290.635 57303.31201110 43.75  16.762252  -1.289624 29.727  263.74  269.10  263.41
 267   290.765 57303.31201169 36.83  16.763144  -1.292126   -100  263.74  269.10  263.41
 267   290.729 57303.31201228 35.35  16.764037  -1.294628   -100  263.74  269.10  263.41
 270   291.625 57333.05894560 52.61  16.759464  -1.293892 24.352  257.23  265.63  255.66
 270   291.580 57333.05894619 55.67  16.760356  -1.296393   -100  252.64  261.35  250.76
 270   291.575 57333.05894678 54.79  16.761249  -1.298895   -100  252.64  261.35  250.76
 270   291.568 57333.05894737 54.79  16.762141  -1.301397   -100  252.64  261.35  250.76
 271   292.165 57342.97458463 52.66  16.760279  -1.289497 23.750  254.60  264.80  252.42
 271   292.128 57342.97458523 53.66  16.761171  -1.291999 27.650  254.60  264.80  252.42
 271   292.118 57342.97458582 55.67  16.762064  -1.294500   -100  248.52  259.00  245.21
 271   292.086 57342.97458641 55.42  16.762956  -1.297002   -100  248.52  259.00  245.21
 275   293.137 57382.63716049 54.59  16.760820  -1.287756 25.013  244.71  255.27  239.18
 275   293.080 57382.63716108 55.64  16.761712  -1.290258   -100  244.71  255.27  239.18
 275   293.059 57382.63716167 57.71  16.762605  -1.292759   -100  238.82  250.22  232.81
 275   293.044 57382.63716226 57.70  16.763497  -1.295261   -100  238.82  250.22  232.81
 282   290.303 57452.04667881 46.50  16.759778  -1.294077   -100  267.53  274.23  264.92
 282   289.867 57452.04667940 50.75  16.760670  -1.296578 24.605  267.53  274.23  264.92
 282   289.906 57452.04667999 53.73  16.761562  -1.299079   -100  263.14  269.97  259.91
 282   289.950 57452.04668058 54.69  16.762454  -1.301581 30.158  263.14  269.97  259.91
 283   289.969 57461.96232267 39.98  16.760148  -1.290388   -100  262.68  268.67  257.95
 283   289.968 57461.96232326 46.83  16.761040  -1.292890   -100  262.68  268.67  257.95
 283   289.999 57461.96232385 43.38  16.761932  -1.295391 20.437  262.68  268.67  257.95
 283   290.054 57461.96232444 43.90  16.762824  -1.297892 21.160  262.68  268.67  257.95
 293   291.475 57561.11876707 48.60  16.760054  -1.292408 13.515  263.23  269.85  261.03
 293   291.432 57561.11876766 51.72  16.760947  -1.294910 24.605  263.23  269.85  261.03
 293   291.416 57561.11876825 54.74  16.761839  -1.297411   -100  263.23  269.85  261.03
 293   291.413 57561.11876884 55.76  16.762731  -1.299913   -100  263.23  269.85  261.03
 294   291.065 57571.03441124 48.39  16.759822  -1.291401   -100  259.57  265.23  257.00
 294   291.138 57571.03441183 50.83  16.760714  -1.293903   -100  259.57  265.23  257.00
 294   291.171 57571.03441242 53.81  16.761606  -1.296404   -100  259.57  265.23  257.00
 294   290.849 57571.03441302 55.66  16.762498  -1.298906 21.279  259.57  265.23  257.00
 295   290.781 57580.95005481 50.66  16.760176  -1.288469  6.699  266.20  272.03  264.76
 295   290.883 57580.95005540 49.29  16.761069  -1.290970   -100  266.20  272.03  264.76
 295   290.676 57580.95005599 51.86  16.761961  -1.293472 15.371  266.20  272.03  264.76
 295   290.767 57580.95005658 52.40  16.762853  -1.295974 15.628  266.20  272.03  264.76
 295   290.831 57580.95005717 52.33  16.763745  -1.298475  9.416  261.48  267.13  259.32
 296   290.465 57590.86569673 49.58  16.761273  -1.285890  7.758  267.48  273.25  265.63
 296   290.468 57590.86569732 51.61  16.762165  -1.288392 25.676  267.48  273.25  265.63
 296   290.582 57590.86569791 51.65  16.763057  -1.290894  1.111  267.48  273.25  265.63
 296   290.361 57590.86569850 51.71  16.763950  -1.293395 13.942  267.48  273.25  265.63
 296   290.303 57590.86569909 53.33  16.764842  -1.295897   -100  267.48  273.25  265.63
 297   290.456 57600.78133669 52.74  16.762496  -1.286677 24.200  267.27  272.69  265.60
 297   290.598 57600.78133728 52.82  16.763388  -1.289179   -100  267.27  272.69  265.60
 297   290.553 57600.78133787 54.48  16.764280  -1.291681  5.042  267.27  272.69  265.60
 297   290.348 57600.78133846 55.82  16.765173  -1.294182   -100  262.41  267.08  259.90
