-227241.708    47.478     0.00    4.12
-226952.571    46.782    -2.41    4.08
-226663.437    46.958     0.61    4.42
-226374.304    46.658    -1.04    4.03
-226085.174    47.137     1.65    4.53
-225796.046    47.875     2.55    4.73
-225506.919    48.343     1.62    4.84
-225217.795    48.930     2.03    4.50
-224928.673    49.706     2.68    4.21
-224639.552    50.899     4.13    5.37
-224350.434    52.725     6.32    6.59
-224061.318    54.749     7.00    6.58
-223772.204    56.075     4.59    5.99
-223483.092    58.188     7.31    4.37
-223193.982    58.435     0.85    3.95
-222904.873    56.725    -5.91    5.69
-222615.767    54.550    -7.52    6.70
-222326.663    52.375    -7.52    6.61
-222037.561    49.766    -9.02    6.88
-221748.461    47.033    -9.45    5.87
-221459.363    46.326    -2.45    6.11
-221170.267    47.223     3.10    6.94
-220881.173    48.111     3.07    7.64
-220592.081    48.706     2.06    8.61
-220302.992    50.377     5.78    9.05
-220013.904    51.131     2.61    8.25
-219724.818    51.614     1.67    7.51
-219435.734    51.469    -0.50    6.40
-219146.652    51.343    -0.44    5.61
-218857.572    52.410     3.69    4.78
-218568.494    53.046     2.20    4.68
-218279.418    54.275     4.25    6.28
-217990.344    54.885     2.11    7.44
-217701.273    54.892     0.02    7.75
-217412.203    54.663    -0.79    7.83
-217122.745    53.292    -4.74    7.61
-216833.247    51.158    -7.37    6.68
-216543.750    49.643    -5.24    5.38
-216254.256    49.225    -1.44    4.29
-215964.763    48.868    -1.23    5.22
-215675.273    48.947     0.27    5.82
-215385.784    49.427     1.66    6.42
-215096.298    51.029     5.53    7.55
-214806.813    52.325     4.48    8.44
-214517.331    53.614     4.45    8.73
-214227.850    55.079     5.06    9.22
-213938.372    57.326     7.76    9.05
-213648.895    58.095     2.66    8.90
-213359.421    57.377    -2.48    9.27
-213069.948    55.344    -7.02    8.65
-212780.477    53.675    -5.76    7.18
-212491.009    52.461    -4.19    5.26
-212201.542    51.139    -4.57    4.65
-211912.078    49.826    -4.54    4.81
-211622.615    48.608    -4.21    5.17
-211333.154    48.718     0.38    5.25
-211043.696    49.224     1.75    4.87
-210754.239    48.357    -2.99    5.13
-210464.784    47.206    -3.98    5.35
-210175.332    46.537    -2.31    4.93
-209885.881    45.663    -3.02    4.87
-209596.432    45.868     0.71    4.90
-209306.985    45.892     0.08    4.60
-209017.540    45.836    -0.19    4.36
-208728.097    46.723     3.07    4.89
-208438.657    47.326     2.08    5.27
-208149.218    47.602     0.95    4.91
-207859.781    47.751     0.51    5.13
-207570.346    47.481    -0.93    5.79
-207280.913    47.173    -1.07    5.72
-206991.481    47.381     0.72    5.84
-206702.052    45.525    -6.41    5.52
-206412.625    43.921    -5.54    5.76
-206123.200    42.792    -3.90    6.05
-205833.777    41.158    -5.64    5.73
-205544.355    39.947    -4.19    5.04
-205254.936    38.585    -4.71    4.12
-204965.518    37.749    -2.89    3.78
-204676.103    37.512    -0.82    4.30
-204386.689    37.423    -0.31    4.86
-204097.278    37.952     1.83    5.31
-203807.868    37.225    -2.51    5.90
-203518.461    38.134     3.14    5.95
-203229.055    39.211     3.72    6.04
-202939.651    40.092     3.04    5.96
-202650.249    42.242     7.43    7.81
-202360.849    45.964    12.86   11.86
-202071.451    51.595    19.46   17.10
-201782.055    55.325    12.89   19.27
-201492.661    60.275    17.11   21.24
-201203.269    66.849    22.72   23.22
-200913.879    75.654    30.43   22.18
-200624.490    82.667    24.23   23.66
-200335.104    90.725    27.85   22.64
-200045.720    99.964    31.93   20.22
-199756.337   105.292    18.41   15.53
-199466.957   106.427     3.92   14.76
-199177.578   103.999    -8.39   17.15
-198888.201   100.206   -13.11   19.07
-198598.826    94.326   -20.32   19.89
-198309.453    89.210   -17.68   18.85
-198020.083    82.723   -22.42   16.05
-197730.713    78.908   -13.18   12.70
-197441.346    79.068     0.55   14.01
-197151.981    80.757     5.84   15.77
-196862.618    87.985    24.98   22.39
-196573.256    93.708    19.78   26.10
-196283.897    97.456    12.95   28.48
-195994.539   101.836    15.14   28.32
-195705.184   106.344    15.58   27.71
-195415.830   112.546    21.44   28.14
-195126.478   116.495    13.65   25.75
-194837.128   115.892    -2.09   23.74
-194547.780   117.844     6.75   21.80
-194258.434   118.275     1.49   20.93
-193969.090   115.730    -8.79   21.23
-193679.748   111.075   -16.09   21.43
-193390.407   108.062   -10.41   18.52
-193101.069   107.775    -0.99   17.04
-192811.732   110.987    11.10   17.72
-192522.397   114.308    11.48   17.65
-192233.064   117.092     9.62   15.56
-191943.734   117.275     0.63   17.89
-191654.404   111.475   -20.05   24.08
-191365.077   105.243   -21.54   27.93
-191075.752    97.327   -27.36   30.49
-190786.429    86.758   -36.53   30.85
-190497.107    74.637   -41.90   30.03
-190207.788    66.882   -26.80   25.89
-189918.470    60.492   -22.09   20.40
-189629.154    56.981   -12.13   15.80
-189339.840    57.637     2.26   17.88
-189050.528    63.095    18.87   23.23
-188761.218    69.775    23.09   26.35
-188471.910    76.858    24.48   26.02
-188182.603    83.225    22.01   23.77
-187893.299    88.275    17.45   19.89
-187603.996    89.452     4.07   18.38
-187314.695    91.208     6.07   16.92
-187025.396    93.085     6.49   15.34
-186736.099    92.425    -2.28   15.12
-186446.804    90.478    -6.73   16.61
-186157.510    90.619     0.49   17.57
-185868.219    88.861    -6.08   18.10
-185578.929    84.033   -16.69   17.41
-185289.642    80.915   -10.78   16.49
-185000.356    78.275    -9.13   15.89
-184711.072    76.427    -6.39   16.17
-184421.790    73.706    -9.41   16.19
-184132.509    70.222   -12.04   15.60
-183843.231    66.760   -11.97   13.72
-183553.954    64.919    -6.36   12.05
-183264.680    63.631    -4.45   11.92
-182975.407    63.836     0.71   12.19
-182686.136    64.171     1.16   12.69
-182396.867    64.742     1.97   13.57
-182107.599    65.808     3.69   14.35
-181818.334    66.342     1.84   13.87
-181529.070    65.826    -1.78   12.65
-181239.808    65.478    -1.20   12.13
-180950.548    62.810    -9.23   11.24
-180661.290    62.292    -1.79    9.66
-180372.034    61.423    -3.00    9.41
-180082.780    60.981    -1.53   10.03
-179793.527    58.885    -7.25   10.36
-179504.276    57.826    -3.66   10.48
-179215.027    57.408    -1.44   10.29
-178925.780    55.192    -7.66   10.85
-178636.535    54.075    -3.86   10.67
-178347.292    51.258    -9.74    9.59
-178058.050    49.775    -5.13    8.79
-177768.810    48.592    -4.09    9.26
-177479.573    45.775    -9.74    8.18
-177190.337    44.751    -3.54    7.98
-176901.102    44.682    -0.24    7.47
-176611.870    45.930     4.32    9.98
-176322.639    49.309    11.68   12.16
-176033.410    52.310    10.37   12.23
-175744.184    54.439     7.36   12.05
-175454.958    56.580     7.40   11.42
-175165.735    57.292     2.46   11.64
-174876.514    56.085    -4.17   11.75
-174587.294    53.417    -9.23   11.05
-174298.076    51.225    -7.58   10.30
-174008.860    51.757     1.84    9.64
-173719.646    53.108     4.67    9.91
-173430.433    53.393     0.99    9.32
-173141.223    51.637    -6.07    7.44
-172852.014    51.085    -1.91    7.14
-172562.807    51.723     2.21    7.56
-172273.602    53.948     7.69    9.33
-171984.398    56.223     7.87   10.98
-171695.197    57.309     3.76   11.37
-171405.997    58.844     5.31   11.19
-171116.799    60.188     4.65   10.71
-170827.603    60.066    -0.42   10.21
-170538.408    58.732    -4.61   10.74
-170249.216    55.817   -10.08    9.81
-169960.025    54.516    -4.50    8.04
-169670.836    53.654    -2.98    7.92
-169381.649    53.525    -0.45    7.43
-169092.463    53.658     0.46    7.39
-168803.280    55.292     5.65    7.99
-168514.098    58.310    10.44    8.16
-168224.918    58.975     2.30    7.88
-167935.740    60.029     3.64    8.27
-167646.563    61.108     3.73    8.63
-167357.389    62.210     3.81    9.41
-167068.216    63.619     4.87    9.52
-166779.045    64.766     3.97    9.76
-166489.875    66.171     4.86   10.19
-166200.708    67.592     4.91   10.55
-165911.542    66.492    -3.80   11.43
-165622.378    64.592    -6.57   11.39
-165333.216    61.492   -10.72   11.39
-165044.055    59.415    -7.18    9.73
-164754.896    57.508    -6.59    7.22
-164465.740    58.430     3.19    7.71
-164176.584    59.931     5.19   10.77
-163887.431    64.241    14.91   14.18
-163598.279    71.222    24.14   17.44
-163309.130    78.809    26.24   20.48
-163019.982    87.417    29.77   23.07
-162730.835    96.992    33.12   26.15
-162441.691   102.749    19.91   26.92
-162152.548   109.558    23.55   29.22
-161863.407   116.481    23.94   30.80
-161574.268   119.613    10.83   32.08
-161285.130   123.875    14.74   34.77
-160995.994   126.619     9.49   34.08
-160706.860   125.258    -4.71   35.36
-160417.728   122.981    -7.88   35.96
-160128.598   121.223    -6.08   35.16
-159839.469   121.499     0.95   33.61
-159550.342   121.102    -1.37   28.96
-159261.217   119.964    -3.94   26.73
-158972.093   122.861    10.02   23.15
-158682.971   127.930    17.53   17.93
-158393.851   129.671     6.02   17.73
-158104.733   129.430    -0.83   19.81
-157815.617   126.340   -10.69   22.07
-157526.502   121.427   -16.99   23.72
-157237.389   114.207   -24.97   23.38
-156948.277   106.930   -25.17   22.70
-156659.168    98.619   -28.75   20.86
-156370.060    90.092   -29.50   18.59
-156080.954    83.108   -24.16   14.97
-155791.850    78.034   -17.55   13.45
-155502.747    74.631   -11.77   11.73
-155213.646    73.258    -4.75   12.68
-154924.312    75.081     6.30   13.10
-154634.842    78.625    12.24   15.54
-154345.374    84.488    20.26   21.72
-154055.908    92.740    28.51   24.42
-153766.443   107.546    51.15   23.90
-153476.980   117.895    35.75   21.91
-153187.519   125.158    25.09   19.72
-152898.059   130.675    19.06   14.94
-152608.602   131.742     3.69   14.04
-152319.146   132.597     2.95   13.54
-152029.691   133.327     2.52   12.53
-151740.239   131.208    -7.32   14.06
-151450.788   130.206    -3.46   11.17
-151161.339   128.358    -6.38   11.73
-150871.891   125.775    -8.93   13.38
-150582.446   120.016   -19.90   14.51
-150293.002   112.964   -24.36   15.84
-150003.559   102.906   -34.75   19.09
-149714.119    91.792   -38.40   21.03
-149424.680    82.241   -33.00   21.69
-149135.243    72.792   -32.65   20.12
-148845.807    63.999   -30.38   17.21
-148556.374    58.011   -20.69   13.83
-148266.942    55.079   -10.13   13.44
-147977.511    53.442    -5.66   12.70
-147688.083    51.554    -6.52   11.79
-147398.656    50.560    -3.44   11.01
-147109.230    49.016    -5.33   10.40
-146819.807    47.068    -6.73    8.90
-146530.385    45.240    -6.31    7.09
-146240.965    43.079    -7.47    7.19
-145951.546    41.309    -6.11    7.61
-145662.130    37.740   -12.33    9.40
-145372.715    34.292   -11.91   10.12
-145083.301    29.749   -15.70    9.79
-144793.890    26.161   -12.40    8.49
-144504.480    22.792   -11.64    6.44
-144215.071    20.042    -9.50    3.23
-143925.665    19.399    -2.22    2.20
-143636.260    19.016    -1.32    3.00
-143346.856    19.075     0.20    3.63
-143057.455    18.723    -1.22    4.00
-142768.055    17.437    -4.44    4.84
-142478.657    16.595    -2.91    5.25
-142189.260    16.156    -1.52    5.31
-141899.865    15.533    -2.15    4.96
-141610.472    16.833     4.49    5.37
-141321.081    18.554     5.95    6.41
-141031.691    19.723     4.04    6.76
-140742.303    21.427     5.89    5.77
-140452.916    22.827     4.84    5.17
-140163.531    23.341     1.77    5.32
-139874.148    23.758     1.44    4.96
-139584.767    22.987    -2.67    5.47
-139295.387    22.481    -1.75    5.01
-139006.009    22.131    -1.21    5.20
-138716.632    22.105    -0.09    5.04
-138427.257    21.309    -2.75    5.52
-138137.884    21.407     0.34    5.77
-137848.513    21.858     1.56    5.82
-137559.143    22.685     2.86    5.81
-137269.774    23.844     4.00    6.58
-136980.408    25.912     7.15    9.14
-136691.043    28.472     8.85   11.51
-136401.680    32.895    15.29   13.56
-136112.318    37.425    15.65   14.85
-135822.958    40.585    10.92   14.49
-135533.600    41.853     4.38   13.99
-135244.243    41.816    -0.13   12.88
-134954.888    42.692     3.03   11.76
-134665.535    42.456    -0.82   10.12
-134376.183    41.888    -1.96    7.48
-134086.833    40.240    -5.70    6.57
-133797.485    40.442     0.70    6.14
-133508.138    39.826    -2.13    6.02
-133218.793    38.259    -5.42    7.12
-132929.449    36.809    -5.01    6.78
-132640.107    36.844     0.12    6.58
-132350.767    37.292     1.55    6.92
-132061.428    38.975     5.82    8.92
-131772.091    41.625     9.16   10.59
-131482.756    46.016    15.18   10.54
-131193.422    50.224    14.54    9.07
-130904.090    53.649    11.84    8.06
-130614.760    57.495    13.29    9.70
-130325.431    62.921    18.75   11.77
-130036.104    67.987    17.51   12.61
-129746.778    75.125    24.67   14.37
-129457.454    80.720    19.34   14.36
-129168.132    88.309    26.23   13.83
-128878.811    94.585    21.69   12.71
-128589.492    97.175     8.95   10.75
-128300.174    99.679     8.65    8.36
-128010.858   100.976     4.48    6.90
-127721.544   100.875    -0.35    5.98
-127432.231   100.613    -0.91    5.60
-127142.920   100.582    -0.11    6.00
-126853.611   101.326     2.57    6.81
-126564.303   101.908     2.01    6.98
-126274.997   103.516     5.56    7.02
-125985.692   105.533     6.97    7.65
-125696.389   108.326     9.65    9.04
-125407.088   112.393    14.06   11.04
-125117.788   117.308    16.99   12.48
-124828.490   121.953    16.06   12.98
-124539.193   127.970    20.80   12.22
-124249.898   133.631    19.57   12.91
-123960.605   141.568    27.44   14.49
-123671.313   149.128    26.13   14.78
-123382.023   155.844    23.21   14.74
-123092.734   162.757    23.90   12.95
-122803.447   166.568    13.17   10.46
-122514.161   169.102     8.76    7.76
-122224.878   169.375     0.94    7.29
-121935.595   168.207    -4.04    8.39
-121646.315   164.587   -12.51    9.78
-121357.036   161.064   -12.18    9.25
-121067.758   157.016   -13.99   10.54
-120778.482   152.980   -13.95   11.34
-120489.208   150.631    -8.12   11.80
-120199.935   147.808    -9.76   11.71
-119910.664   145.344    -8.52   10.98
-119621.394   142.964    -8.23    9.07
-119332.126   142.834    -0.45    8.37
-119042.860   143.648     2.81    7.60
-118753.595   144.472     2.85    6.70
-118464.331   144.964     1.70    5.65
-118175.070   145.021     0.19    4.60
-117885.809   145.131     0.38    4.58
-117596.551   144.766    -1.26    4.63
-117307.294   144.128    -2.21    4.71
-117018.038   143.122    -3.48    4.69
-116728.784   141.075    -7.08    5.59
-116439.532   139.327    -6.04    6.62
-116150.281   135.597   -12.90    7.63
-115861.032   131.834   -13.01    8.83
-115571.784   128.631   -11.08    8.46
-115282.538   125.308   -11.49    7.73
-114993.294   121.988   -11.48    7.04
-114704.051   118.975   -10.42    8.54
-114414.809   114.685   -14.83   10.10
-114125.569   109.872   -16.64   12.11
-113836.331   104.058   -20.10   13.57
-113547.094    97.658   -22.13   15.03
-113257.859    88.481   -31.73   16.07
-112968.625    84.344   -14.30   14.03
-112679.393    84.224    -0.42   13.37
-112390.163    87.207    10.31   14.90
-112100.934    90.784    12.37   15.67
-111811.706    94.942    14.38   14.25
-111522.480    99.899    17.14    8.86
-111233.256   101.292     4.82    6.14
-110944.033    99.361    -6.68    8.01
-110654.812    96.964    -8.29    8.54
-110365.592    94.326    -9.12    8.14
-110076.374    91.154   -10.97    8.05
-109787.157    89.619    -5.31    7.94
-109497.942    88.688    -3.22    8.57
-109208.728    90.079     4.81   10.93
-108919.516    91.631     5.37   10.93
-108630.305    91.292    -1.17   12.29
-108341.096    88.533    -9.54   12.54
-108051.889    86.994    -5.32   12.73
-107762.683    82.964   -13.93   12.04
-107473.478    78.842   -14.25   11.07
-107184.275    75.407   -11.88    9.70
-106895.074    72.379   -10.47    7.77
-106605.874    70.792    -5.49    8.29
-106316.675    69.308    -5.13    8.43
-106027.478    68.412    -3.10    8.70
-105738.283    66.407    -6.94    8.89
-105449.089    63.981    -8.39    7.94
-105159.897    61.156    -9.77    6.60
-104870.706    59.399    -6.08    6.67
-104581.517    56.975    -8.38    6.88
-104292.329    55.356    -5.60    6.85
-104003.143    53.481    -6.48    6.97
-103713.958    52.175    -4.52    6.57
-103424.774    50.637    -5.32    6.24
-103135.593    49.171    -5.07    5.79
-102846.412    48.461    -2.45    6.07
-102557.234    47.783    -2.34    6.34
-102268.056    46.964    -2.83    6.51
-101978.881    46.077    -3.07    6.21
-101689.706    46.008    -0.24    7.15
-101400.533    44.450    -5.39    7.78
-101111.362    43.114    -4.62    7.82
-100822.192    40.592    -8.72    6.53
-100533.024    39.258    -4.61    5.45
-100243.857    38.953    -1.06    4.75
 -99954.692    39.881     3.21    4.79
 -99665.528    40.407     1.82    4.51
 -99376.366    41.309     3.12    4.10
 -99087.205    42.226     3.17    4.21
 -98798.046    42.563     1.16    3.61
 -98508.888    42.702     0.48    3.46
 -98219.731    42.343    -1.24    3.96
 -97930.576    41.344    -3.46    4.10
 -97641.423    40.758    -2.02    4.56
 -97352.271    39.919    -2.90    4.37
 -97063.121    39.016    -3.12    3.92
 -96773.972    38.844    -0.60    4.20
 -96484.824    39.154     1.07    5.06
 -96195.678    40.029     3.03    5.25
 -95906.533    40.378     1.21    5.34
 -95617.390    40.309    -0.24    5.30
 -95328.249    39.861    -1.55    5.25
 -95039.109    39.748    -0.39    5.13
 -94749.970    39.210    -1.86    4.39
 -94460.833    39.092    -0.41    3.58
 -94171.697    39.095     0.01    4.15
 -93882.563    39.081    -0.05    4.17
 -93593.430    39.585     1.74    4.57
 -93304.298    39.458    -0.44    4.32
 -93015.168    39.257    -0.70    4.32
 -92725.926    39.554     1.03    4.58
 -92436.482    38.999    -1.92    4.42
 -92147.040    38.999     0.00    3.82
 -91857.599    39.381     1.32    4.33
 -91568.160    40.425     3.61    4.54
 -91278.722    41.128     2.43    4.78
 -90989.286    41.775     2.23    4.72
 -90699.851    42.953     4.07    4.61
 -90410.418    43.935     3.39    4.09
 -90120.986    44.378     1.53    3.86
 -89831.555    44.038    -1.18    3.98
 -89542.126    43.925    -0.39    3.89
 -89252.699    43.407    -1.79    4.41
 -88963.273    42.238    -4.04    4.84
 -88673.848    41.512    -2.51    4.56
 -88384.425    41.430    -0.28    5.11
 -88095.003    41.258    -0.59    4.77
 -87805.583    41.964     2.44    4.75
 -87516.164    42.139     0.61    5.01
 -87226.746    43.902     6.09    4.65
 -86937.330    44.881     3.38    4.76
 -86647.916    45.636     2.61    4.42
 -86358.502    46.529     3.09    4.52
 -86069.091    48.004     5.10    4.50
 -85779.680    49.154     3.97    4.17
 -85490.271    49.935     2.70    3.73
 -85200.864    49.953     0.06    3.62
 -84911.458    50.602     2.24    3.53
 -84622.053    50.702     0.34    3.58
 -84332.650    50.749     0.17    3.56
 -84043.248    50.871     0.42    3.39
 -83753.848    50.464    -1.40    3.59
 -83464.449    49.585    -3.04    3.56
 -83175.052    48.964    -2.15    3.75
 -82885.656    48.085    -3.04    3.92
 -82596.261    47.410    -2.33    3.66
 -82306.868    47.171    -0.83    3.54
 -82017.476    47.081    -0.31    3.53
 -81728.086    47.472     1.35    3.43
 -81438.697    48.042     1.97    3.19
 -81149.309    48.570     1.83    2.40
 -80859.923    48.765     0.67    1.84
 -80570.538    48.499    -0.92    1.99
 -80281.155    48.792     1.01    2.29
 -79991.773    48.919     0.44    2.57
 -79702.392    49.008     0.31    2.64
 -79413.013    49.415     1.40    2.27
 -79123.636    49.378    -0.13    2.19
 -78834.259    49.550     0.60    2.12
 -78544.884    49.749     0.69    2.17
 -78255.511    49.190    -1.93    3.04
 -77966.139    48.809    -1.32    3.56
 -77676.768    48.529    -0.97    4.13
 -77387.399    48.827     1.03    4.62
 -77098.031    49.175     1.20    4.71
 -76808.664    49.669     1.71    4.53
 -76519.299    49.953     0.98    4.57
 -76229.935    50.842     3.07    4.08
 -75940.573    51.363     1.80    3.07
 -75651.212    50.563    -2.77    3.40
 -75361.852    49.964    -2.07    3.66
 -75072.494    49.241    -2.50    3.78
 -74783.137    49.407     0.57    4.86
 -74493.782    49.257    -0.52    5.25
 -74204.428    49.775     1.79    5.04
 -73915.075    49.595    -0.62    5.33
 -73625.724    48.647    -3.28    5.89
 -73336.374    48.008    -2.21    5.90
 -73047.025    48.478     1.62    6.22
 -72757.678    49.309     2.87    7.48
 -72468.332    49.187    -0.42    8.32
 -72178.988    48.902    -0.98    9.13
 -71889.645    47.699    -4.16    9.24
 -71600.303    46.130    -5.42    9.03
 -71310.963    43.542    -8.95    8.67
 -71021.624    41.256    -7.90    6.48
 -70732.286    39.360    -6.55    4.96
 -70442.950    38.740    -2.14    4.64
 -70153.615    38.456    -0.98    4.58
 -69864.281    39.016     1.94    5.28
 -69574.949    40.585     5.42    5.58
 -69285.619    41.585     3.46    5.95
 -68996.289    43.085     5.18    6.78
 -68706.961    44.958     6.48    7.85
 -68417.634    47.981    10.45    8.49
 -68128.309    50.125     7.41    8.05
 -67838.985    51.450     4.58    8.07
 -67549.662    50.895    -1.92    8.60
 -67260.341    50.669    -0.78    8.92
 -66971.021    50.508    -0.55    9.18
 -66681.702    49.258    -4.32    9.94
 -66392.385    46.853    -8.31    9.92
 -66103.069    45.223    -5.64    9.82
 -65813.755    43.021    -7.61    9.96
 -65524.441    40.395    -9.07    8.91
 -65235.130    37.658    -9.46    7.50
 -64945.819    35.102    -8.84    7.67
 -64656.510    32.054   -10.53    8.00
 -64367.202    28.836   -11.13    9.24
 -64077.895    26.925    -6.60    9.17
 -63788.590    25.111    -6.27    8.14
 -63499.286    23.688    -4.92    7.25
 -63209.984    23.658    -0.10    6.80
 -62920.683    24.309     2.25    7.03
 -62631.383    26.326     6.97    6.25
 -62342.084    28.105     6.15    4.58
 -62052.787    28.427     1.11    3.61
 -61763.491    27.456    -3.36    4.78
 -61474.197    25.801    -5.72    5.03
 -61184.903    24.492    -4.52    4.44
 -60895.611    23.550    -3.25    4.20
 -60606.321    24.421     3.01    5.90
 -60317.032    26.142     5.95    7.62
 -60027.744    28.344     7.61    8.01
 -59738.457    30.447     7.27    8.06
 -59449.172    32.202     6.07    7.89
 -59159.888    35.125    10.10    7.35
 -58870.605    37.377     7.78    6.28
 -58581.324    38.775     4.83    6.13
 -58292.043    40.050     4.41    5.76
 -58002.765    41.060     3.49    5.08
 -57713.487    41.708     2.24    3.74
 -57424.211    41.223    -1.68    3.44
 -57134.936    41.642     1.45    3.41
 -56845.663    41.925     0.98    3.55
 -56556.391    42.981     3.65    4.03
 -56267.120    44.516     5.30    5.59
 -55977.850    47.964    11.92    9.00
 -55688.582    52.669    16.26   12.88
 -55399.315    58.481    20.09   15.89
 -55110.049    66.410    27.41   18.74
 -54820.784    73.947    26.05   19.71
 -54531.521    82.685    30.21   19.11
 -54242.259    90.792    28.03   17.57
 -53952.999    95.675    16.88   13.98
 -53663.740    99.258    12.39   10.90
 -53374.482    98.344    -3.16   11.27
 -53085.225    94.533   -13.18   14.40
 -52795.970    85.665   -30.66   19.46
 -52506.715    74.004   -40.31   24.14
 -52217.463    64.708   -32.14   24.48
 -51928.211    55.344   -32.38   23.27
 -51638.961    43.878   -39.64   18.85
 -51349.712    36.660   -24.95   16.03
 -51060.464    31.699   -17.15   11.76
 -50771.218    28.975    -9.42    8.51
 -50481.973    28.964    -0.04    8.04
 -50192.729    31.075     7.30    9.61
 -49903.486    31.738     2.29    9.78
 -49614.245    33.766     7.01   10.12
 -49325.005    37.025    11.27    9.73
 -49035.766    39.308     7.89    8.80
 -48746.528    41.442     7.38    8.07
 -48457.292    42.572     3.91    8.21
 -48168.057    45.021     8.46    8.76
 -47878.823    46.223     4.16    9.54
 -47589.591    48.525     7.96   11.41
 -47300.360    50.193     5.77   13.37
 -47011.130    51.740     5.35   14.77
 -46721.901    56.042    14.87   17.61
 -46432.674    57.917     6.48   19.50
 -46143.448    61.937    13.90   20.41
 -45854.223    67.658    19.78   20.57
 -45564.999    71.207    12.27   20.48
 -45275.777    75.309    14.18   20.35
 -44986.556    78.537    11.16   17.92
 -44697.336    78.275    -0.91   18.71
 -44408.117    79.430     3.99   17.45
 -44118.900    79.147    -0.98   18.95
 -43829.683    77.716    -4.95   18.15
 -43540.469    77.613    -0.35   16.54
 -43251.255    77.378    -0.81   16.78
 -42962.043    73.947   -11.86   15.66
 -42672.831    73.357    -2.04   14.37
 -42383.621    72.981    -1.30   12.48
 -42094.413    71.878    -3.82   11.67
 -41805.205    72.981     3.82   11.64
 -41515.999    74.309     4.59   13.04
 -41226.794    78.475    14.41   11.76
 -40937.590    80.716     7.75   12.06
 -40648.388    82.177     5.05   12.98
 -40359.187    84.952     9.60   12.44
 -40069.987    87.464     8.69   12.67
 -39780.788    91.808    15.02   12.41
 -39491.590    98.021    21.48   13.10
 -39202.394   104.425    22.15   13.63
 -38913.199   110.713    21.74   15.55
 -38624.005   117.809    24.54   15.23
 -38334.812   122.885    17.55   13.91
 -38045.621   129.478    22.80   12.58
 -37756.430   135.258    19.99   11.12
 -37467.241   139.275    13.89   10.34
 -37178.054   141.275     6.92   10.50
 -36888.867   141.202    -0.25   11.31
 -36599.682   140.631    -1.98   11.14
 -36310.498   140.587    -0.15   10.42
 -36021.315   138.834    -6.06   10.25
 -35732.133   135.392   -11.90   10.13
 -35442.952   132.485   -10.05   10.38
 -35153.773   128.410   -14.09   12.18
 -34864.595   123.139   -18.23   13.18
 -34575.418   118.021   -17.70   12.66
 -34286.242   112.034   -20.70   12.67
 -33997.068   107.506   -15.66   11.38
 -33707.895   100.258   -25.06   14.62
 -33418.723    94.274   -20.70   17.21
 -33129.552    89.711   -15.78   17.46
 -32840.382    84.792   -17.01   16.35
 -32551.214    80.458   -14.99   16.07
 -32262.046    75.016   -18.82   13.67
 -31972.880    71.801   -11.12   12.43
 -31683.715    70.427    -4.75   13.14
 -31394.552    68.783    -5.69   13.12
 -31105.389    68.111    -2.32   13.33
 -30816.228    66.258    -6.41   13.64
 -30527.044    64.560    -5.87   14.54
 -30237.628    62.749    -6.25   13.37
 -29948.213    60.533    -7.66   12.79
 -29658.800    57.587   -10.18   12.88
 -29369.388    54.688   -10.02   12.60
 -29079.977    54.033    -2.26   13.00
 -28790.567    54.654     2.14   13.31
 -28501.159    56.637     6.85   14.41
 -28211.751    61.587    17.10   17.38
 -27922.345    69.275    26.56   20.62
 -27632.940    81.393    41.87   19.05
 -27343.536    89.809    29.08   19.74
 -27054.133    97.447    26.39   18.47
 -26764.732   105.505    27.84   15.28
 -26475.331   112.192    23.11   11.28
 -26185.932   116.652    15.41    8.01
 -25896.534   119.572    10.09    5.96
 -25607.137   121.619     7.07    6.18
 -25317.742   123.842     7.68    6.38
 -25028.347   125.619     6.14    6.03
 -24738.954   127.275     5.72    5.98
 -24449.562   128.275     3.45    6.64
 -24160.171   130.361     7.21    6.71
 -23870.781   131.560     4.14    6.93
 -23581.392   132.042     1.67    7.09
 -23292.005   131.608    -1.50    7.00
 -23002.618   130.309    -4.49    6.71
 -22713.233   127.631    -9.26    6.52
 -22423.849   125.113    -8.70    6.53
 -22134.466   121.792   -11.48    7.27
 -21845.084   116.427   -18.54    9.42
 -21555.704   110.942   -18.96   12.53
 -21266.324   105.685   -18.16   13.61
 -20976.946   100.524   -17.84   13.06
 -20687.569    94.512   -20.78   11.28
 -20398.193    88.137   -22.03   13.69
 -20108.818    82.125   -20.77   17.08
 -19819.444    76.538   -19.31   18.17
 -19530.072    72.809   -12.89   18.37
 -19240.700    69.902   -10.05   18.84
 -18951.330    65.881   -13.90   18.97
 -18661.961    65.243    -2.20   18.68
 -18372.593    66.021     2.69   19.06
 -18083.226    68.987    10.25   17.32
 -17793.860    71.257     7.85   15.08
 -17504.496    72.613     4.69   11.28
 -17215.132    70.699    -6.62   10.66
 -16925.770    67.999    -9.33   11.69
 -16636.409    63.259   -16.38   12.65
 -16347.049    57.699   -19.22   13.01
 -16057.690    50.888   -23.54   11.66
 -15768.332    46.016   -16.84   12.01
 -15478.975    41.292   -16.33   12.38
 -15189.620    39.521    -6.12   12.73
 -14900.265    40.499     3.38   14.27
 -14610.912    42.499     6.91   17.67
 -14321.560    44.568     7.15   20.19
 -14032.209    47.590    10.45   21.88
 -13742.859    46.587    -3.47   24.47
 -13453.510    44.342    -7.76   26.20
 -13164.162    38.341   -20.74   26.87
 -12874.815    31.292   -24.36   24.79
 -12585.470    24.809   -22.40   20.52
 -12296.126    18.192   -22.87   11.21
 -12006.782    14.987   -11.08    3.95
 -11717.440    14.308    -2.34    2.41
 -11428.099    14.344     0.12    2.76
 -11138.759    14.861     1.78    2.89
 -10849.420    15.275     1.43    2.99
 -10560.082    15.326     0.18    2.82
 -10270.746    15.458     0.46    2.59
  -9981.410    15.585     0.44    2.43
  -9692.076    14.987    -2.07    2.35
  -9402.742    14.077    -3.14    2.29
  -9113.410    13.208    -3.00    2.81
  -8824.079    11.816    -4.81    3.66
  -8534.749    10.512    -4.51    4.16
  -8245.420     8.275    -7.73    4.46
  -7956.092     6.748    -5.28    4.16
  -7666.765     5.275    -5.09    3.63
  -7377.440     4.309    -3.34    2.83
  -7088.115     3.902    -1.41    1.90
  -6798.791     3.743    -0.55    1.68
  -6509.469     3.756     0.04    1.71
  -6220.148     4.125     1.28    1.57
  -5930.827     4.595     1.63    1.88
  -5641.508     4.969     1.29    1.97
  -5352.190     5.625     2.27    2.07
  -5062.873     6.025     1.38    2.30
  -4773.557     6.119     0.33    2.72
  -4484.242     5.397    -2.50    3.67
  -4194.928     4.343    -3.64    4.13
  -3905.616     2.783    -5.39    4.03
  -3616.304     1.390    -4.82    3.55
  -3326.993     0.242    -3.97    1.90
  -3037.684     0.970     2.52    3.31
  -2748.375     2.716     6.03    4.87
  -2459.068     6.033    11.47    6.62
  -2169.762     8.554     8.71    6.56
  -1880.457    10.309     6.07    5.55
  -1591.152    11.344     3.58    4.48
  -1301.849    10.430    -3.16    5.34
  -1012.547     7.602    -9.77    6.23
   -723.246     5.029    -8.89    5.65
   -433.946     2.602    -8.39    4.07
   -144.647     0.716    -6.52    2.39
    144.650    -0.174    -3.07    1.20
    433.947    -0.277    -0.36    1.55
    723.243     0.685     3.33    3.24
   1012.537     1.742     3.65    3.94
   1301.831     2.658     3.17    4.14
   1591.124     4.046     4.80    4.63
   1880.415     5.378     4.60    4.61
   2169.706     6.058     2.35    4.28
   2458.995     6.344     0.99    4.15
   2748.283     6.144    -0.69    4.25
   3037.571     6.740     2.06    4.61
   3326.857     8.464     5.96    3.48
   3616.142     8.988     1.81    2.85
   3905.426     9.492     1.74    2.65
   4194.710    10.407     3.16    2.89
   4483.992    11.171     2.64    3.03
   4773.273    12.038     3.00    2.53
   5062.553    12.524     1.68    2.54
   5351.832    12.930     1.40    2.48
   5641.110    13.732     2.78    2.55
   5930.387    13.975     0.84    2.84
   6219.663    14.046     0.24    3.06
   6508.938    14.131     0.29    3.20
   6798.211    14.546     1.43    3.26
   7087.484    14.706     0.55    3.08
   7376.756    14.892     0.64    2.92
   7666.027    14.193    -2.41    3.09
   7955.297    13.171    -3.53    4.44
   8244.565    12.021    -3.98    4.72
   8533.833    10.417    -5.54    4.93
   8823.100     9.144    -4.40    4.52
   9112.365     7.175    -6.81    4.72
   9401.630     5.042    -7.38    4.78
   9690.894     4.206    -2.89    5.03
   9980.156     4.113    -0.32    5.43
  10269.418     3.699    -1.43    5.23
  10558.679     4.706     3.48    6.65
  10847.938     6.029     4.58    7.18
  11137.197     8.377     8.11    7.06
  11426.454    11.024     9.15    6.13
  11715.711    12.861     6.35    5.26
  12004.967    15.102     7.75    4.38
  12294.221    16.292     4.11    3.64
  12583.475    17.309     3.52    3.15
  12872.727    17.953     2.23    2.50
  13161.979    17.378    -1.99    2.98
  13451.229    17.169    -0.72    3.18
  13740.479    16.816    -1.22    2.99
  14029.728    16.842     0.09    3.02
  14318.975    16.423    -1.45    2.86
  14608.222    15.976    -1.55    2.66
  14897.467    15.464    -1.77    2.80
  15186.712    15.458    -0.02    2.68
  15475.956    15.071    -1.34    2.55
  15765.198    14.521    -1.90    2.68
  16054.440    13.912    -2.10    2.25
  16343.681    14.464     1.91    2.35
  16632.920    14.964     1.73    2.50
  16922.159    15.868     3.12    2.75
  17211.397    16.407     1.86    2.95
  17500.633    16.809     1.39    2.73
  17789.869    16.783    -0.09    2.69
  18079.104    16.435    -1.21    2.73
  18368.338    16.192    -0.84    3.11
  18657.571    16.554     1.25    4.12
  18946.802    17.122     1.96    4.68
  19236.033    18.725     5.54    5.22
  19525.263    19.899     4.06    5.68
  19814.492    22.102     7.62    5.75
  20103.720    24.708     9.01    5.08
  20392.947    26.508     6.22    3.75
  20682.173    27.163     2.26    2.72
  20971.398    27.488     1.13    2.24
  21260.622    27.475    -0.05    1.64
  21549.845    27.149    -1.13    1.55
  21839.068    26.130    -3.52    2.59
  22128.289    25.173    -3.31    3.40
  22417.509    24.139    -3.57    3.64
  22706.728    23.412    -2.51    3.31
  22995.947    22.976    -1.51    3.33
  23285.164    22.775    -0.69    3.29
  23574.381    22.834     0.20    3.32
  23863.596    22.816    -0.06    3.21
  24152.811    23.868     3.64    2.86
  24442.024    24.381     1.77    2.72
  24731.237    24.343    -0.13    2.64
  25020.448    24.637     1.02    2.57
  25309.659    24.942     1.06    2.45
  25598.869    25.410     1.62    2.27
  25888.078    25.512     0.35    2.12
  26177.286    25.637     0.43    2.12
  26466.493    25.485    -0.53    2.33
  26755.699    25.292    -0.67    2.57
  27044.904    25.139    -0.53    2.62
  27334.108    25.192     0.18    2.65
  27623.311    24.895    -1.03    2.53
  27912.513    25.113     0.75    2.62
  28201.715    25.488     1.30    2.78
  28490.915    26.004     1.78    2.85
  28780.115    26.625     2.15    2.91
  29069.313    27.602     3.38    2.66
  29358.511    28.326     2.50    2.57
  29647.707    29.102     2.68    2.30
  29936.903    29.550     1.55    2.47
  30226.098    29.570     0.07    2.65
  30515.292    29.568    -0.01    2.73
  30804.485    29.706     0.48    2.74
  31093.677    29.595    -0.38    2.46
  31382.868    29.826     0.80    2.93
  31672.058    29.824    -0.01    3.45
  31961.411    30.171     1.20    3.62
  32250.797    30.377     0.71    3.74
  32540.183    30.660     0.98    3.98
  32829.567    31.275     2.12    4.18
  33118.950    31.475     0.69    4.01
  33408.333    31.908     1.50    3.38
  33697.714    32.050     0.49    3.26
  33987.095    32.310     0.90    3.33
  34276.475    32.444     0.47    3.95
  34565.854    32.981     1.86    4.47
  34855.232    33.308     1.13    4.90
  35144.609    34.008     2.42    5.47
  35433.985    34.671     2.29    6.42
  35723.360    35.478     2.79    7.36
  36012.734    36.765     4.45    8.70
  36302.108    39.357     8.96   10.43
  36591.480    42.858    12.10   12.13
  36880.852    48.054    17.96   15.18
  37170.223    55.597    26.06   17.18
  37459.592    62.149    22.64   17.29
  37748.961    69.207    24.39   16.90
  38038.329    78.016    30.44   16.73
  38327.697    83.858    20.19   16.97
  38617.063    87.775    13.54   16.28
  38906.428    89.678     6.58   15.15
  39195.793    89.809     0.45   15.71
  39485.156    88.878    -3.22   16.31
  39774.519    86.175    -9.34   18.43
  40063.881    81.987   -14.47   18.20
  40353.242    79.868    -7.32   18.22
  40642.602    78.033    -6.34   17.42
  40931.961    76.011    -6.99   15.95
  41221.320    74.675    -4.62   13.82
  41510.677    73.942    -2.53   11.23
  41800.034    75.390     5.01   10.92
  42089.389    75.912     1.81   11.71
  42378.744    77.171     4.35   13.26
  42668.098    77.614     1.53   14.06
  42957.451    76.395    -4.21   14.96
  43246.803    76.390    -0.02   15.31
  43536.155    75.085    -4.51   15.01
  43825.505    71.223   -13.35   14.28
  44114.855    69.102    -7.33   13.58
  44404.204    69.033    -0.24   13.25
  44693.551    69.685     2.25   12.94
  44982.898    71.654     6.80   10.82
  45272.245    72.665     3.49   11.10
  45561.590    74.970     7.97    8.74
  45850.934    77.442     8.54    7.98
  46140.278    78.243     2.77    6.89
  46429.621    77.360    -3.05    6.09
  46718.963    74.970    -8.26    7.50
  47008.304    72.485    -8.59    9.79
  47297.644    67.102   -18.60   13.19
  47586.983    59.427   -26.53   16.40
  47876.322    52.092   -25.35   16.37
  48165.659    44.340   -26.79   14.14
  48454.996    38.397   -20.54   10.40
  48744.332    33.658   -16.38    6.77
  49033.667    30.888    -9.57    3.90
  49323.001    29.842    -3.62    2.69
  49612.335    28.800    -3.60    1.71
  49901.667    28.602    -0.68    1.74
  50190.999    28.139    -1.60    1.87
  50480.330    27.452    -2.37    2.01
  50769.660    26.792    -2.28    2.21
  51058.989    26.326    -1.61    1.98
  51348.318    25.992    -1.15    1.94
  51637.645    24.925    -3.69    2.28
  51926.972    24.116    -2.80    2.68
  52216.298    22.427    -5.84    4.40
  52505.623    22.085    -1.18    4.66
  52794.947    21.732    -1.22    5.25
  53084.270    21.970     0.82    5.48
  53373.593    22.361     1.35    5.91
  53662.915    23.792     4.95    5.68
  53952.236    25.713     6.64    4.90
  54241.556    26.842     3.90    3.81
  54530.875    27.461     2.14    2.42
  54820.194    27.575     0.39    2.36
  55109.511    28.309     2.54    3.07
  55398.828    30.836     8.73    6.27
  55688.144    32.858     6.99    7.54
  55977.459    36.908    14.00    9.08
  56266.774    40.325    11.81    9.80
  56556.087    45.204    16.87    9.64
  56845.400    49.292    14.13    9.14
  57134.712    52.309    10.43    9.82
  57424.023    57.344    17.40   10.42
  57713.334    60.243    10.02   11.09
  58002.643    63.292    10.54   11.91
  58291.952    66.861    12.34   12.40
  58581.260    69.930    10.61   12.35
  58870.567    73.393    11.97   12.97
  59159.873    77.092    12.78   11.21
  59449.179    78.844     6.05    9.67
  59738.484    79.358     1.78    8.09
  60027.788    79.185    -0.60    7.49
  60317.091    78.292    -3.09    8.30
  60606.393    79.008     2.48   10.46
  60895.695    79.902     3.09   12.40
  61184.996    81.357     5.03   15.81
  61474.296    85.631    14.77   17.54
  61763.595    90.257    15.99   17.09
  62052.893    92.555     7.94   16.27
  62342.191    92.092    -1.60   15.57
  62631.488    90.882    -4.18   15.24
  62920.784    91.154     0.94   14.70
  63210.079    91.725     1.97   14.46
  63499.374    94.187     8.51   15.16
  63788.667    97.144    10.22   14.99
  64077.960   101.425    14.80   13.81
  64367.253   105.834    15.24   10.15
  64656.544   109.175    11.55    7.42
  64945.835   110.275     3.80    6.18
  65235.124   110.658     1.33    5.13
  65524.414   111.085     1.47    4.79
  65813.702   111.075    -0.03    4.86
  66102.989   111.225     0.52    5.33
  66392.276   110.783    -1.53    5.83
  66681.562   110.546    -0.82    6.44
  66970.847   109.206    -4.63    7.27
  67260.132   108.892    -1.08    7.23
  67549.416   108.592    -1.04    7.05
  67838.699   108.563    -0.10    7.21
  68127.981   108.568     0.02    7.68
  68417.262   108.537    -0.10    8.37
  68706.543   108.685     0.51    8.03
  68995.823   108.875     0.66    6.99
  69285.102   107.652    -4.23    7.10
  69574.380   105.999    -5.72    8.33
  69863.658   104.060    -6.70   10.00
  70152.935   100.475   -12.39    9.89
  70442.211    97.171   -11.42    8.93
  70731.486    93.492   -12.72    8.53
  71020.761    90.792    -9.33    7.97
  71310.035    88.171    -9.06    8.67
  71599.308    86.395    -6.14    9.20
  71888.581    82.844   -12.28   10.80
  72177.852    76.833   -20.78   13.28
  72467.123    70.688   -21.24   14.30
  72756.393    61.377   -32.19   16.05
  73045.663    53.649   -26.71   17.40
  73334.932    45.105   -29.54   15.83
  73624.200    38.792   -21.83   13.87
  73913.467    34.529   -14.74   11.60
  74202.733    31.749    -9.61   10.43
  74491.999    30.415    -4.61   10.44
  74781.264    29.309    -3.82   11.13
  75070.528    27.325    -6.86   10.69
  75359.792    25.308    -6.97    8.50
  75649.055    24.508    -2.77    6.85
  75938.317    23.775    -2.54    4.72
  76227.578    23.105    -2.31    3.82
  76516.839    22.685    -1.45    3.69
  76806.099    22.492    -0.67    3.92
  77095.358    22.702     0.73    3.91
  77384.617    22.550    -0.52    3.84
  77673.875    22.360    -0.66    4.05
  77963.132    22.688     1.14    4.79
  78252.388    23.425     2.55    4.59
  78541.644    24.325     3.11    4.78
  78830.899    25.792     5.07    5.37
  79120.153    28.038     7.76    7.24
  79409.407    30.671     9.10    8.13
  79698.659    33.427     9.53    8.31
  79987.911    36.792    11.63    7.73
  80277.163    38.875     7.20    6.53
  80566.414    40.054     4.08    5.74
  80855.664    40.810     2.61    5.37
  81144.913    40.912     0.36    5.51
  81434.161    41.274     1.25    5.61
  81723.409    41.554     0.97    5.26
  82012.656    41.546    -0.03    5.30
  82301.903    41.625     0.27    5.02
  82591.149    41.826     0.70    4.65
  82880.394    41.608    -0.76    4.62
  83169.638    41.427    -0.62    4.24
  83458.882    40.732    -2.40    4.17
  83748.125    40.098    -2.19    4.14
  84037.367    39.981    -0.40    4.33
  84326.609    40.930     3.28    4.84
  84615.850    41.499     1.97    5.01
  84905.090    42.378     3.04    4.87
  85194.330    42.816     1.52    4.86
  85483.568    42.912     0.33    5.42
  85772.807    42.671    -0.83    5.91
  86062.044    42.430    -0.83    6.29
  86351.281    43.902     5.09    7.39
  86640.517    46.992    10.68    8.49
  86929.753    49.654     9.20    9.76
  87218.987    50.642     3.42   10.98
  87508.221    52.220     5.46   12.31
  87797.455    53.619     4.84   12.03
  88086.688    57.592    13.73   12.96
  88375.920    60.563    10.27   13.72
  88665.151    61.692     3.90   13.97
  88954.382    61.095    -2.06   14.23
  89243.612    61.016    -0.27   15.71
  89532.842    60.068    -3.28   15.81
  89822.070    57.868    -7.60   15.86
  90111.298    54.508   -11.62   14.47
  90400.526    51.533   -10.29   11.70
  90689.753    49.749    -6.17   11.94
  90978.979    48.643    -3.83   11.23
  91268.204    48.692     0.17   10.84
  91557.429    49.792     3.80   12.06
  91846.653    53.792    13.83   15.24
  92135.877    58.092    14.87   19.73
  92425.099    64.410    21.85   22.10
  92714.322    70.444    20.86   21.55
  93003.543    75.292    16.76   21.34
  93292.764    79.054    13.01   20.45
  93581.984    77.825    -4.25   20.08
  93871.204    76.537    -4.45   19.28
  94160.501    75.458    -3.73   17.59
  94449.860    74.499    -3.32   15.25
  94739.218    77.195     9.32   15.75
  95028.576    81.108    13.52   17.30
  95317.932    85.631    15.63   18.05
  95607.288    93.068    25.70   15.82
  95896.644   100.827    26.82   11.43
  96185.999   105.575    16.41    9.72
  96475.353   110.885    18.35    8.35
  96764.707   114.442    12.29    6.91
  97054.060   116.447     6.93    5.81
  97343.412   117.417     3.35    4.77
  97632.764   116.608    -2.79    5.70
  97922.115   115.188    -4.91    6.36
  98211.465   112.275   -10.07    7.57
  98500.815   109.108   -10.94    6.72
  98790.164   105.671   -11.88    6.45
  99079.513   103.464    -7.63    6.94
  99368.861    99.671   -13.11    8.78
  99658.208    95.472   -14.51   10.01
  99947.555    90.378   -17.61   10.88
 100236.901    83.970   -22.15   12.55
 100526.246    77.930   -20.87   13.63
 100815.591    71.613   -21.83   13.73
 101104.935    64.485   -24.63   14.69
 101394.279    60.042   -15.36   13.41
 101683.622    55.008   -17.40   11.76
 101972.964    51.555   -11.94   10.51
 102262.306    48.947    -9.01    9.42
 102551.647    47.224    -5.95    9.18
 102840.987    46.563    -2.28    8.70
 103130.327    46.808     0.85    8.89
 103419.667    46.809     0.00    8.91
 103709.005    47.240     1.49    9.00
 103998.343    47.637     1.37    8.76
 104287.681    47.975     1.17    8.57
 104577.018    48.224     0.86    8.07
 104866.354    46.585    -5.67    7.58
 105155.690    44.580    -6.93    7.07
 105445.025    43.470    -3.83    6.70
 105734.359    43.156    -1.09    6.62
 106023.693    42.408    -2.58    6.46
 106313.027    41.919    -1.69    6.39
 106602.359    40.458    -5.05    5.71
 106891.691    38.845    -5.58    4.47
 107181.023    37.410    -4.96    3.09
 107470.354    37.137    -0.95    3.03
 107759.684    36.614    -1.81    3.12
 108049.014    36.570    -0.15    3.08
 108338.343    36.309    -0.90    2.94
 108627.672    36.358     0.17    2.93
 108917.000    36.792     1.50    3.58
 109206.327    37.372     2.01    4.15
 109495.654    38.025     2.26    5.23
 109784.980    39.021     3.44    5.70
 110074.306    39.395     1.29    6.75
 110363.631    39.151    -0.84    7.33
 110652.956    38.241    -3.15    7.34
 110942.280    37.377    -2.99    7.02
 111231.603    37.969     2.05    6.99
 111520.926    38.173     0.70    6.89
 111810.248    39.327     3.99    5.82
 112099.570    40.241     3.16    5.51
 112388.891    42.464     7.68    5.80
 112678.212    44.620     7.45    5.15
 112967.532    46.378     6.08    4.44
 113256.851    46.964     2.03    4.73
 113546.170    47.619     2.26    4.88
 113835.488    48.585     3.34    5.56
 114124.806    49.925     4.63    6.64
 114414.123    50.223     1.03    7.00
 114703.440    51.775     5.37    8.76
 114992.756    53.895     7.33   10.09
 115282.071    56.590     9.31   10.19
 115571.386    57.554     3.33   10.45
 115860.701    59.408     6.41   11.03
 116150.015    62.458    10.54   12.11
 116439.328    66.853    15.19   13.48
 116728.641    70.223    11.65   14.63
 117017.953    72.542     8.02   14.03
 117307.265    72.137    -1.40   13.80
 117596.576    71.742    -1.36   13.36
 117885.886    68.481   -11.27   13.99
 118175.196    64.071   -15.24   12.96
 118464.506    62.292    -6.15   11.08
 118753.815    59.492    -9.68   10.30
 119043.123    57.725    -6.11   10.31
 119332.431    56.757    -3.35   10.11
 119621.738    56.987     0.79   10.21
 119911.045    58.537     5.36    9.61
 120200.351    60.223     5.83   11.01
 120489.657    65.766    19.16   14.63
 120778.962    70.105    15.00   14.51
 121068.267    73.325    11.13   14.16
 121357.571    74.845     5.26   13.47
 121646.875    74.343    -1.74   13.28
 121936.178    71.861    -8.58   13.84
 122225.480    70.875    -3.41   14.01
 122514.783    69.538    -4.62   14.05
 122804.084    70.050     1.77   15.05
 123093.385    68.732    -4.56   16.05
 123382.686    66.863    -6.46   16.61
 123671.986    65.603    -4.36   16.03
 123961.285    66.275     2.32   15.59
 124250.584    67.158     3.05   14.77
 124539.882    65.912    -4.31   13.61
 124829.180    65.756    -0.54   13.76
 125118.478    67.427     5.78   13.05
 125407.774    67.309    -0.41   12.51
 125697.071    68.570     4.36   12.64
 125986.367    71.512    10.17   12.88
 126275.662    75.702    14.48   12.57
 126564.957    78.361     9.19   11.82
 126854.251    79.137     2.68   12.86
 127143.545    79.275     0.48   13.17
 127432.838    81.740     8.52   13.47
 127722.131    84.444     9.35   13.79
 128011.424    85.878     4.96   12.55
 128300.715    85.257    -2.15   10.99
 128590.007    79.652   -19.37   15.53
 128879.298    76.042   -12.48   18.05
 129168.588    71.013   -17.38   18.08
 129457.878    66.801   -14.56   14.37
 129747.167    64.533    -7.84   11.40
 130036.456    65.225     2.39   11.05
 130325.744    68.241    10.42   12.40
 130615.032    69.636     4.82   12.79
 130904.320    68.378    -4.35   13.80
 131193.607    66.016    -8.17   14.32
 131482.893    62.912   -10.73   13.61
 131772.179    60.516    -8.28   12.10
 132061.465    59.275    -4.29   10.22
 132350.750    59.188    -0.30    8.66
 132640.034    60.580     4.81    8.57
 132929.318    63.935    11.60    9.42
 133218.602    66.970    10.49   10.97
 133507.885    70.390    11.82   12.83
 133797.167    73.071     9.27   13.73
 134086.450    74.224     3.98   14.54
 134375.731    74.608     1.33   14.95
 134665.012    75.292     2.37   14.94
 134954.293    74.042    -4.32   13.73
 135243.573    72.392    -5.70   12.41
 135532.853    70.324    -7.15   11.21
 135822.133    70.399     0.26   10.85
 136111.411    70.258    -0.49   11.33
 136400.690    70.310     0.18   12.27
 136689.968    70.079    -0.80   11.93
 136979.245    70.800     2.49   11.88
 137268.522    71.344     1.88   11.42
 137557.799    72.275     3.22   11.34
 137847.075    72.649     1.29   10.91
 138136.351    73.958     4.53   11.64
 138425.626    74.021     0.21   11.76
 138714.900    74.625     2.09   11.20
 139004.175    76.292     5.76   11.26
 139293.449    77.595     4.51   11.54
 139582.722    79.919     8.03   12.46
 139871.995    82.292     8.20   12.88
 140161.267    86.580    14.82   11.93
 140450.539    91.665    17.58   11.31
 140739.811    95.275    12.48   11.17
 141029.082    97.602     8.05    9.95
 141318.353    95.912    -5.84   12.39
 141607.623    92.292   -12.52   15.23
 141896.893    90.749    -5.33   15.36
 142186.162    88.732    -6.97   14.62
 142475.431    86.154    -8.91   13.24
 142764.700    83.923    -7.71   12.71
 143053.968    83.374    -1.90   12.81
 143343.236    84.042     2.31   12.37
 143632.503    85.340     4.49   12.42
 143921.770    84.935    -1.40   11.92
 144211.036    87.257     8.03   12.82
 144500.302    90.190    10.14   11.60
 144789.568    91.895     5.89   10.12
 145078.833    90.652    -4.30   11.21
 145368.097    86.947   -12.81   14.31
 145657.362    81.740   -18.00   14.65
 145946.625    78.309   -11.86   12.53
 146235.889    74.075   -14.64    9.90
 146525.152    71.608    -8.53    8.11
 146814.414    71.688     0.28    8.02
 147103.677    74.058     8.19    8.33
 147392.938    75.238     4.08    8.42
 147682.200    77.240     6.92   10.34
 147971.461    80.725    12.05   11.83
 148260.721    85.580    16.78   11.42
 148549.981    89.608    13.93   10.99
 148839.241    93.310    12.80   10.49
 149128.500    96.016     9.36    9.61
 149417.759    96.029     0.04    9.14
 149707.017    95.675    -1.22    9.24
 149996.276    95.898     0.77    8.27
 150285.533    96.344     1.54    8.16
 150574.790    96.525     0.63    8.60
 150864.047    95.379    -3.96    8.79
 151153.304    93.225    -7.45    9.95
 151442.560    91.631    -5.51    9.39
 151731.816    89.699    -6.68    9.11
 152021.071    89.190    -1.76    9.02
 152310.326    90.088     3.11   10.29
 152599.580    91.425     4.62   10.19
 152888.834    93.792     8.18    7.94
 153178.088    93.975     0.63    7.87
 153467.341    93.292    -2.36    8.69
 153756.594    91.678    -5.58    9.00
 154045.847    88.800    -9.95    9.47
 154335.099    87.016    -6.17    9.01
 154624.351    84.242    -9.59   11.18
 154913.602    80.592   -12.62   13.27
 155202.853    78.206    -8.25   12.80
 155492.104    77.033    -4.05   12.93
 155781.354    75.149    -6.51   12.98
 156070.604    73.825    -4.58   12.77
 156359.878    72.475    -4.67   12.19
 156649.209    70.758    -5.93   12.23
 156938.541    68.981    -6.14   11.70
 157227.872    67.256    -5.96   10.34
 157517.202    67.625     1.28    9.97
 157806.532    69.033     4.87   10.75
 158095.862    71.558     8.73   11.07
 158385.192    73.088     5.29    9.88
 158674.521    74.257     4.04    8.37
 158963.849    73.688    -1.97    8.40
 159253.178    71.723    -6.79    8.84
 159542.506    71.062    -2.28    8.89
 159831.833    69.550    -5.23    8.64
 160121.161    69.723     0.60    8.80
 160410.488    70.533     2.80    9.12
 160699.814    70.912     1.31    8.76
 160989.140    70.727    -0.64    8.87
 161278.466    71.817     3.77    8.21
 161567.792    71.461    -1.23    8.43
 161857.117    71.432    -0.10    8.92
 162146.442    70.516    -3.17    8.95
 162435.766    69.125    -4.81    8.77
 162725.090    68.410    -2.47    9.26
 163014.414    68.259    -0.52    9.49
 163303.737    67.524    -2.54    9.96
 163593.060    67.326    -0.68   10.46
 163882.383    65.702    -5.61   10.13
 164171.705    63.842    -6.43   10.10
 164461.027    63.142    -2.42    9.87
 164750.349    63.257     0.40    9.57
 165039.670    60.258   -10.37   10.53
 165328.991    57.137   -10.79   11.25
 165618.312    52.358   -16.52   10.26
 165907.632    47.775   -15.84    8.55
 166196.952    46.042    -5.99    7.81
 166486.272    43.825    -7.66    5.12
 166775.591    42.619    -4.17    3.78
 167064.911    42.461    -0.55    3.40
 167354.229    42.085    -1.30    4.03
 167643.548    43.243     4.00    4.78
 167932.866    44.692     5.01    5.71
 168222.183    45.417     2.51    6.22
 168511.501    46.088     2.32    7.55
 168800.818    48.361     7.85    6.70
 169090.135    50.192     6.33    6.56
 169379.451    52.592     8.30    7.54
 169668.767    54.408     6.28    7.22
 169958.083    57.481    10.62    7.93
 170247.398    60.643    10.93    7.15
 170536.713    61.817     4.06    6.59
 170826.028    62.292     1.64    6.29
 171115.343    62.889     2.06    5.95
 171404.657    63.597     2.45    5.67
 171693.971    63.845     0.86    5.82
 171983.285    64.875     3.56    6.07
 172272.598    65.757     3.05    7.14
 172561.911    64.390    -4.73    8.14
 172851.224    62.326    -7.13    8.00
 173140.536    62.999     2.32    8.12
 173429.848    63.723     2.50    8.15
 173719.160    64.740     3.52    9.35
 174008.471    65.407     2.30    9.17
 174297.783    66.292     3.06    8.76
 174587.093    68.175     6.51    7.66
 174876.404    68.756     2.01    7.54
 175165.714    69.851     3.78    8.35
 175455.024    71.082     4.25    8.00
 175744.334    72.175     3.78    7.10
 176033.644    73.292     3.86    7.22
 176322.953    74.046     2.61    7.19
 176612.261    75.550     5.20    7.02
 176901.570    76.648     3.79    6.54
 177190.878    76.529    -0.41    6.75
 177480.186    76.275    -0.88    6.90
 177769.494    76.033    -0.84    6.75
 178058.801    75.800    -0.81    7.12
 178348.109    74.994    -2.79    7.59
 178637.416    74.608    -1.33    7.47
 178926.722    74.636     0.10    8.36
 179216.028    74.671     0.12    8.54
 179505.334    76.919     7.77    9.47
 179794.640    77.818     3.11   10.10
 180083.946    78.625     2.79    9.66
 180373.251    79.592     3.34    9.35
 180662.556    80.725     3.92    8.44
 180951.861    81.833     3.83    8.16
 181241.165    84.046     7.65    7.18
 181530.469    84.275     0.79    7.19
 181819.773    84.395     0.42    6.86
 182109.077    83.408    -3.41    7.26
 182398.380    82.142    -4.38    8.21
 182687.683    81.412    -2.52    8.27
 182976.986    80.464    -3.28    7.87
 183266.289    81.488     3.54    7.85
 183555.591    83.849     8.16    7.87
 183844.893    84.021     0.59    8.11
 184134.195    83.308    -2.46    8.60
 184423.496    83.050    -0.89    8.98
 184712.798    82.853    -0.68    8.63
 185002.099    82.800    -0.18    8.67
 185291.399    82.930     0.45    8.36
 185580.700    82.421    -1.76    8.54
 185870.000    83.240     2.83    8.41
 186159.300    84.116     3.03    8.29
 186448.600    84.826     2.45    8.02
 186737.900    83.430    -4.83    8.76
 187027.199    82.243    -4.10    8.79
 187316.498    83.119     3.03    9.00
 187605.797    84.326     4.17    8.34
 187895.096    84.688     1.25    8.93
 188184.394    85.188     1.73    9.17
 188473.692    86.225     3.58    8.81
 188762.990    87.516     4.46    8.17
 189052.288    89.725     7.64    8.09
 189341.585    90.881     4.00    7.88
 189630.882    91.723     2.91    6.88
 189920.179    93.058     4.62    6.92
 190209.476    93.987     3.21    7.00
 190498.773    94.936     3.28    5.97
 190788.069    95.060     0.43    5.86
 191077.365    95.223     0.56    5.68
 191366.661    94.563    -2.28    5.46
 191655.956    94.461    -0.35    5.00
 191945.252    94.208    -0.87    4.97
 192234.547    93.292    -3.17    4.91
 192523.842    92.936    -1.23    5.13
 192813.137    92.502    -1.50    5.35
 193102.431    91.225    -4.41    6.33
 193391.726    89.423    -6.23    7.14
 193681.020    87.895    -5.28    8.07
 193970.314    87.125    -2.66    8.77
 194259.607    86.430    -2.40    9.70
 194548.901    86.987     1.93   10.27
 194838.194    86.275    -2.46   10.57
 195127.487    85.546    -2.52   10.87
 195416.780    85.128    -1.45   10.80
 195706.073    84.415    -2.47   11.40
 195995.365    82.792    -5.61   11.21
 196284.657    81.654    -3.93   11.14
 196573.949    82.292     2.21   11.11
 196863.241    82.358     0.23   11.58
 197152.533    81.444    -3.16   11.74
 197441.824    82.223     2.69   11.72
 197731.115    80.810    -4.88   11.23
 198020.407    79.357    -5.02   11.17
 198309.697    75.783   -12.35   10.58
 198598.988    73.292    -8.61    9.36
 198888.279    72.568    -2.50    8.78
 199177.569    70.810    -6.08    8.36
 199466.859    70.192    -2.14    7.49
 199756.149    70.688     1.72    7.91
 200045.439    71.425     2.55    8.84
 200334.728    71.925     1.73    9.23
 200624.017    70.930    -3.44    9.09
 200913.307    68.981    -6.73    9.28
 201202.596    67.602    -4.77    8.24
 201491.884    66.849    -2.60    7.42
 201781.173    66.171    -2.34    7.03
 202070.462    66.427     0.89    7.13
 202359.750    65.602    -2.85    6.87
 202649.038    64.702    -3.11    5.97
 202938.326    65.163     1.59    6.21
 203227.614    65.492     1.14    6.92
 203516.901    66.340     2.93    7.68
 203806.189    67.888     5.35    8.59
 204095.476    68.930     3.60    8.30
 204384.763    70.458     5.28    8.16
 204674.050    71.430     3.36    7.72
 204963.337    71.816     1.34    7.54
 205252.623    72.481     2.30    7.45
 205541.910    73.206     2.50    7.17
 205831.196    74.379     4.06    7.68
 206120.482    77.042     9.20    8.78
 206409.768    77.408     1.27    8.55
 206699.054    78.033     2.16    8.28
 206988.340    77.173    -2.97    9.02
 207277.625    74.542    -9.10    9.28
 207566.910    72.343    -7.60    9.78
 207856.196    70.161    -7.54    9.05
 208145.481    68.851    -4.53    9.01
 208434.766    67.592    -4.35    8.86
 208724.050    67.077    -1.78    8.98
 209013.335    67.085     0.03    8.90
 209302.619    65.171    -6.62    8.24
 209591.904    63.492    -5.81    8.45
 209881.188    61.518    -6.82    7.81
 210170.472    61.029    -1.69    7.83
 210459.756    59.925    -3.81    7.57
 210749.039    59.935     0.03    7.22
 211038.323    62.050     7.31    9.50
 211327.606    64.936     9.98   11.73
 211616.890    68.665    12.89   13.39
 211906.173    70.050     4.79   13.45
 212195.456    69.467    -2.02   13.30
 212484.739    70.025     1.93   12.67
 212774.022    70.851     2.86   12.27
 213063.304    72.375     5.27   12.26
 213352.587    74.004     5.63   12.84
 213641.869    77.202    11.06   12.75
 213931.152    78.817     5.58   11.30
 214220.434    80.861     7.06   10.28
 214509.716    80.575    -0.99   11.24
 214798.998    80.478    -0.33   11.07
 215088.280    77.648    -9.78   11.78
 215377.561    74.430   -11.12   11.91
 215666.843    71.976    -8.48   12.17
 215956.124    70.425    -5.36   11.92
 216245.406    67.868    -8.84   11.45
 216534.687    66.192    -5.79   11.67
 216823.968    63.119   -10.62   11.89
 217113.249    61.327    -6.19   12.45
 217402.530    58.521    -9.70   11.66
 217691.811    55.558   -10.24   11.38
 217981.091    53.111    -8.46    9.77
 218270.372    51.222    -6.53    8.34
 218559.653    50.775    -1.55    9.14
 218848.959    50.257    -1.79    8.94
 219138.264    48.826    -4.95    8.11
 219427.569    47.898    -3.21    8.26
 219716.874    47.257    -2.22    7.85
 220006.179    45.844    -4.89    6.69
 220295.484    45.099    -2.57    5.50
 220584.789    44.478    -2.15    5.22
 220874.094    43.456    -3.53    5.28
 221163.399    42.188    -4.38    5.21
 221452.703    40.834    -4.68    5.51
 221742.008    39.077    -6.07    5.84
 222031.312    36.895    -7.54    6.58
 222320.616    35.125    -6.12    5.96
 222609.921    34.344    -2.70    5.33
 222899.225    33.985    -1.24    5.08
 223188.529    33.935    -0.18    4.70
 223477.833    34.275     1.17    4.22
 223767.137    35.481     4.17    4.40
 224056.441    36.508     3.55    3.98
 224345.744    38.175     5.76    4.27
 224635.048    40.206     7.02    5.06
 224924.351    43.225    10.44    7.63
 225213.655    47.046    13.21   10.89
 225502.958    51.046    13.83   12.72
 225792.262    57.208    21.30   14.57
 226081.565    63.207    20.73   14.05
 226370.868    70.427    24.96   14.06
 226660.171    77.524    24.53   13.05
 226949.474    82.958    18.78   12.51
 227238.777    89.757    23.50   11.24
 227528.080    93.538    13.07    9.75
 227817.383    96.708    10.96    6.81
 228106.686    98.274     5.41    5.54
 228395.989    96.258    -6.97    8.85
 228685.291    93.119   -10.85   13.49
 228974.594    91.292    -6.32   15.02
 229263.897    91.495     0.70   15.46
 229553.199    89.444    -7.09   16.23
 229842.501    87.740    -5.89   16.07
 230131.804    85.853    -6.52   15.70
 230421.106    83.866    -6.87   15.75
 230710.408    82.125    -6.02   15.67
 230999.711    78.554   -12.34   14.61
 231289.013    73.775   -16.52   13.98
 231578.315    69.917   -13.33   15.15
 231867.617    68.042    -6.48   15.38
 232156.919    65.085   -10.22   15.51
 232446.221    63.875    -4.18   15.26
 232735.523    60.740   -10.84   14.39
 233024.825    57.947    -9.65   14.70
 233314.127    55.775    -7.51   13.88
 233603.429    53.223    -8.82   12.14
 233892.731    50.620    -9.00   10.51
 234182.032    48.085    -8.76   10.91
 234471.334    44.699   -11.71    9.52
 234760.636    42.881    -6.28    8.36
 235049.937    40.732    -7.43    7.92
 235339.239    39.614    -3.86    7.36
 235628.541    37.851    -6.09    5.89
 235917.842    37.156    -2.40    4.63
 236207.144    36.853    -1.05    3.58
 236496.445    36.395    -1.58    2.94
 236785.747    37.375     3.39    2.12
 237075.048    37.542     0.58    2.00
 237364.350    37.734     0.67    2.07
 237653.651    37.792     0.20    2.08
 237942.952    38.054     0.91    2.22
 238232.254    38.113     0.20    2.28
 238521.555    38.058    -0.19    2.15
 238810.856    38.357     1.03    2.23
 239100.158    38.619     0.91    2.12
 239389.459    39.190     1.97    2.16
 239678.760    39.602     1.42    1.98
 239968.062    40.175     1.98    2.19
 240257.363    40.858     2.36    2.14
 240546.664    41.208     1.21    1.90
 240835.965    41.393     0.64    1.84
 241125.267    41.464     0.24    1.86
 241414.568    41.597     0.46    1.77
 241703.869    41.309    -0.99    1.83
 241993.170    41.325     0.05    1.99
 242282.472    41.342     0.06    2.09
 242571.773    41.238    -0.36    1.99
 242861.074    41.122    -0.40    2.05
 243150.375    41.244     0.42    2.05
 243439.677    41.435     0.66    1.78
