-223336.000    45.787     0.00    4.12
-223046.864    45.091    -2.41    4.08
-222757.729    45.267     0.61    4.42
-222468.597    44.967    -1.04    4.03
-222179.467    45.446     1.65    4.53
-221890.338    46.184     2.55    4.73
-221601.212    46.652     1.62    4.84
-221312.088    47.239     2.03    4.50
-221022.966    48.015     2.68    4.21
-220733.846    49.208     4.13    5.37
-220444.728    51.034     6.32    6.59
-220155.612    53.058     7.00    6.58
-219866.498    54.384     4.59    5.99
-219577.386    56.497     7.31    4.37
-219288.276    56.744     0.85    3.95
-218999.168    55.034    -5.91    5.69
-218710.062    52.859    -7.52    6.70
-218420.958    50.684    -7.52    6.61
-218131.856    48.075    -9.02    6.88
-217842.756    45.342    -9.45    5.87
-217553.658    44.635    -2.45    6.11
-217264.563    45.532     3.10    6.94
-216975.469    46.420     3.07    7.64
-216686.377    47.015     2.06    8.61
-216397.287    48.686     5.78    9.05
-216108.200    49.440     2.61    8.25
-215819.114    49.923     1.67    7.51
-215530.030    49.778    -0.50    6.40
-215240.948    49.652    -0.44    5.61
-214951.869    50.719     3.69    4.78
-214662.791    51.355     2.20    4.68
-214373.715    52.584     4.25    6.28
-214084.641    53.194     2.11    7.44
-213795.570    53.201     0.02    7.75
-213506.500    52.972    -0.79    7.83
-213217.043    51.601    -4.74    7.61
-212927.544    49.467    -7.37    6.68
-212638.048    47.952    -5.24    5.38
-212348.554    47.534    -1.44    4.29
-212059.061    47.177    -1.23    5.22
-211769.571    47.256     0.27    5.82
-211480.083    47.736     1.66    6.42
-211190.596    49.338     5.53    7.55
-210901.112    50.634     4.48    8.44
-210611.630    51.923     4.45    8.73
-210322.149    53.388     5.06    9.22
-210032.671    55.635     7.76    9.05
-209743.194    56.404     2.66    8.90
-209453.720    55.686    -2.48    9.27
-209164.248    53.653    -7.02    8.65
-208874.777    51.984    -5.76    7.18
-208585.309    50.770    -4.19    5.26
-208295.842    49.448    -4.57    4.65
-208006.378    48.135    -4.54    4.81
-207716.915    46.917    -4.21    5.17
-207427.455    47.027     0.38    5.25
-207137.996    47.533     1.75    4.87
-206848.540    46.666    -2.99    5.13
-206559.085    45.515    -3.98    5.35
-206269.633    44.846    -2.31    4.93
-205980.182    43.972    -3.02    4.87
-205690.733    44.177     0.71    4.90
-205401.287    44.201     0.08    4.60
-205111.842    44.145    -0.19    4.36
-204822.399    45.032     3.07    4.89
-204532.959    45.635     2.08    5.27
-204243.520    45.911     0.95    4.91
-203954.083    46.060     0.51    5.13
-203664.648    45.790    -0.93    5.79
-203375.215    45.482    -1.07    5.72
-203085.784    45.690     0.72    5.84
-202796.355    43.834    -6.41    5.52
-202506.928    42.230    -5.54    5.76
-202217.503    41.101    -3.90    6.05
-201928.080    39.467    -5.64    5.73
-201638.659    38.256    -4.19    5.04
-201349.240    36.894    -4.71    4.12
-201059.822    36.058    -2.89    3.78
-200770.407    35.821    -0.82    4.30
-200480.994    35.732    -0.31    4.86
-200191.582    36.262     1.83    5.31
-199902.173    35.534    -2.51    5.90
-199612.765    36.443     3.14    5.95
-199323.360    37.520     3.72    6.04
-199033.956    38.401     3.04    5.96
-198744.554    40.551     7.43    7.81
-198455.154    44.273    12.86   11.86
-198165.757    49.904    19.46   17.10
-197876.361    53.634    12.89   19.27
-197586.967    58.584    17.11   21.24
-197297.575    65.158    22.72   23.22
-197008.185    73.963    30.43   22.18
-196718.797    80.976    24.23   23.66
-196429.410    89.034    27.85   22.64
-196140.026    98.273    31.93   20.22
-195850.644   103.601    18.41   15.53
-195561.263   104.736     3.92   14.76
-195271.885   102.308    -8.39   17.15
-194982.508    98.515   -13.11   19.07
-194693.133    92.635   -20.32   19.89
-194403.761    87.519   -17.68   18.85
-194114.390    81.032   -22.42   16.05
-193825.021    77.217   -13.18   12.70
-193535.654    77.377     0.55   14.01
-193246.289    79.066     5.84   15.77
-192956.926    86.294    24.98   22.39
-192667.565    92.017    19.78   26.10
-192378.205    95.765    12.95   28.48
-192088.848   100.145    15.14   28.32
-191799.492   104.653    15.58   27.71
-191510.139   110.855    21.44   28.14
-191220.787   114.804    13.65   25.75
-190931.437   114.201    -2.09   23.74
-190642.089   116.153     6.75   21.80
-190352.743   116.584     1.49   20.93
-190063.399   114.039    -8.79   21.23
-189774.057   109.384   -16.09   21.43
-189484.717   106.371   -10.41   18.52
-189195.378   106.084    -0.99   17.04
-188906.042   109.296    11.10   17.72
-188616.707   112.617    11.48   17.65
-188327.375   115.401     9.62   15.56
-188038.044   115.584     0.63   17.89
-187748.715   109.784   -20.05   24.08
-187459.388   103.552   -21.54   27.93
-187170.063    95.636   -27.36   30.49
-186880.740    85.067   -36.53   30.85
-186591.418    72.946   -41.90   30.03
-186302.099    65.191   -26.80   25.89
-186012.781    58.801   -22.09   20.40
-185723.466    55.290   -12.13   15.80
-185434.152    55.946     2.26   17.88
-185144.840    61.404    18.87   23.23
-184855.530    68.084    23.09   26.35
-184566.222    75.167    24.48   26.02
-184276.915    81.534    22.01   23.77
-183987.611    86.584    17.45   19.89
-183698.308    87.762     4.07   18.38
-183409.008    89.517     6.07   16.92
-183119.709    91.394     6.49   15.34
-182830.412    90.734    -2.28   15.12
-182541.117    88.787    -6.73   16.61
-182251.824    88.928     0.49   17.57
-181962.532    87.170    -6.08   18.10
-181673.243    82.342   -16.69   17.41
-181383.955    79.224   -10.78   16.49
-181094.670    76.584    -9.13   15.89
-180805.386    74.736    -6.39   16.17
-180516.104    72.015    -9.41   16.19
-180226.824    68.531   -12.04   15.60
-179937.545    65.069   -11.97   13.72
-179648.269    63.228    -6.36   12.05
-179358.994    61.940    -4.45   11.92
-179069.722    62.145     0.71   12.19
-178780.451    62.480     1.16   12.69
-178491.182    63.051     1.97   13.57
-178201.914    64.117     3.69   14.35
-177912.649    64.651     1.84   13.87
-177623.386    64.135    -1.78   12.65
-177334.124    63.787    -1.20   12.13
-177044.864    61.119    -9.23   11.24
-176755.606    60.601    -1.79    9.66
-176466.350    59.732    -3.00    9.41
-176177.096    59.290    -1.53   10.03
-175887.843    57.194    -7.25   10.36
-175598.593    56.135    -3.66   10.48
-175309.344    55.717    -1.44   10.29
-175020.097    53.501    -7.66   10.85
-174730.852    52.384    -3.86   10.67
-174441.609    49.567    -9.74    9.59
-174152.367    48.084    -5.13    8.79
-173863.128    46.901    -4.09    9.26
-173573.890    44.084    -9.74    8.18
-173284.654    43.060    -3.54    7.98
-172995.420    42.991    -0.24    7.47
-172706.188    44.239     4.32    9.98
-172416.957    47.618    11.68   12.16
-172127.729    50.619    10.37   12.23
-171838.502    52.748     7.36   12.05
-171549.277    54.889     7.40   11.42
-171260.054    55.601     2.46   11.64
-170970.832    54.394    -4.17   11.75
-170681.613    51.726    -9.23   11.05
-170392.395    49.534    -7.58   10.30
-170103.179    50.066     1.84    9.64
-169813.965    51.417     4.67    9.91
-169524.753    51.702     0.99    9.32
-169235.542    49.946    -6.07    7.44
-168946.334    49.394    -1.91    7.14
-168657.127    50.032     2.21    7.56
-168367.922    52.257     7.69    9.33
-168078.718    54.532     7.87   10.98
-167789.517    55.618     3.76   11.37
-167500.317    57.153     5.31   11.19
-167211.120    58.497     4.65   10.71
-166921.923    58.375    -0.42   10.21
-166632.729    57.041    -4.61   10.74
-166343.537    54.126   -10.08    9.81
-166054.346    52.825    -4.50    8.04
-165765.157    51.963    -2.98    7.92
-165475.970    51.834    -0.45    7.43
-165186.785    51.967     0.46    7.39
-164897.601    53.601     5.65    7.99
-164608.420    56.619    10.44    8.16
-164319.240    57.284     2.30    7.88
-164030.062    58.338     3.64    8.27
-163740.885    59.417     3.73    8.63
-163451.711    60.519     3.81    9.41
-163162.538    61.928     4.87    9.52
-162873.367    63.075     3.97    9.76
-162584.198    64.480     4.86   10.19
-162295.030    65.901     4.91   10.55
-162005.865    64.801    -3.80   11.43
-161716.701    62.901    -6.57   11.39
-161427.539    59.801   -10.72   11.39
-161138.379    57.724    -7.18    9.73
-160849.220    55.817    -6.59    7.22
-160560.063    56.739     3.19    7.71
-160270.908    58.240     5.19   10.77
-159981.755    62.550    14.91   14.18
-159692.604    69.531    24.14   17.44
-159403.454    77.118    26.24   20.48
-159114.306    85.726    29.77   23.07
-158825.160    95.301    33.12   26.15
-158536.015   101.058    19.91   26.92
-158246.873   107.867    23.55   29.22
-157957.732   114.790    23.94   30.80
-157668.593   117.922    10.83   32.08
-157379.455   122.184    14.74   34.77
-157090.320   124.928     9.49   34.08
-156801.186   123.567    -4.71   35.36
-156512.054   121.290    -7.88   35.96
-156222.923   119.532    -6.08   35.16
-155933.795   119.808     0.95   33.61
-155644.668   119.411    -1.37   28.96
-155355.543   118.273    -3.94   26.73
-155066.419   121.170    10.02   23.15
-154777.298   126.239    17.53   17.93
-154488.178   127.980     6.02   17.73
-154199.060   127.739    -0.83   19.81
-153909.943   124.649   -10.69   22.07
-153620.829   119.736   -16.99   23.72
-153331.716   112.516   -24.97   23.38
-153042.605   105.239   -25.17   22.70
-152753.495    96.928   -28.75   20.86
-152464.388    88.401   -29.50   18.59
-152175.282    81.417   -24.16   14.97
-151886.177    76.343   -17.55   13.45
-151597.075    72.940   -11.77   11.73
-151307.974    71.567    -4.75   12.68
-151018.640    73.390     6.30   13.10
-150729.170    76.934    12.24   15.54
-150439.702    82.798    20.26   21.72
-150150.236    91.049    28.51   24.42
-149860.772   105.855    51.15   23.90
-149571.309   116.204    35.75   21.91
-149281.848   123.467    25.09   19.72
-148992.388   128.984    19.06   14.94
-148702.931   130.051     3.69   14.04
-148413.475   130.906     2.95   13.54
-148124.021   131.636     2.52   12.53
-147834.568   129.517    -7.32   14.06
-147545.118   128.515    -3.46   11.17
-147255.669   126.667    -6.38   11.73
-146966.221   124.084    -8.93   13.38
-146676.776   118.325   -19.90   14.51
-146387.332   111.273   -24.36   15.84
-146097.890   101.215   -34.75   19.09
-145808.449    90.101   -38.40   21.03
-145519.010    80.550   -33.00   21.69
-145229.573    71.101   -32.65   20.12
-144940.138    62.308   -30.38   17.21
-144650.705    56.320   -20.69   13.83
-144361.273    53.388   -10.13   13.44
-144071.842    51.751    -5.66   12.70
-143782.414    49.863    -6.52   11.79
-143492.987    48.869    -3.44   11.01
-143203.562    47.325    -5.33   10.40
-142914.139    45.377    -6.73    8.90
-142624.717    43.549    -6.31    7.09
-142335.297    41.388    -7.47    7.19
-142045.879    39.618    -6.11    7.61
-141756.462    36.049   -12.33    9.40
-141467.047    32.601   -11.91   10.12
-141177.634    28.058   -15.70    9.79
-140888.222    24.470   -12.40    8.49
-140598.812    21.101   -11.64    6.44
-140309.404    18.351    -9.50    3.23
-140019.998    17.708    -2.22    2.20
-139730.593    17.325    -1.32    3.00
-139441.190    17.384     0.20    3.63
-139151.788    17.032    -1.22    4.00
-138862.388    15.746    -4.44    4.84
-138572.990    14.904    -2.91    5.25
-138283.594    14.465    -1.52    5.31
-137994.199    13.842    -2.15    4.96
-137704.806    15.142     4.49    5.37
-137415.415    16.863     5.95    6.41
-137126.025    18.032     4.04    6.76
-136836.637    19.736     5.89    5.77
-136547.251    21.137     4.84    5.17
-136257.866    21.650     1.77    5.32
-135968.483    22.067     1.44    4.96
-135679.102    21.296    -2.67    5.47
-135389.722    20.790    -1.75    5.01
-135100.344    20.440    -1.21    5.20
-134810.967    20.414    -0.09    5.04
-134521.593    19.618    -2.75    5.52
-134232.220    19.716     0.34    5.77
-133942.848    20.167     1.56    5.82
-133653.479    20.994     2.86    5.81
-133364.110    22.153     4.00    6.58
-133074.744    24.221     7.15    9.14
-132785.379    26.781     8.85   11.51
-132496.016    31.204    15.29   13.56
-132206.655    35.734    15.65   14.85
-131917.295    38.894    10.92   14.49
-131627.937    40.162     4.38   13.99
-131338.580    40.125    -0.13   12.88
-131049.225    41.001     3.03   11.76
-130759.872    40.765    -0.82   10.12
-130470.520    40.197    -1.96    7.48
-130181.170    38.549    -5.70    6.57
-129891.822    38.751     0.70    6.14
-129602.475    38.135    -2.13    6.02
-129313.130    36.568    -5.42    7.12
-129023.787    35.118    -5.01    6.78
-128734.445    35.153     0.12    6.58
-128445.105    35.601     1.55    6.92
-128155.767    37.284     5.82    8.92
-127866.430    39.934     9.16   10.59
-127577.094    44.325    15.18   10.54
-127287.761    48.533    14.54    9.07
-126998.429    51.958    11.84    8.06
-126709.099    55.804    13.29    9.70
-126419.770    61.230    18.75   11.77
-126130.443    66.296    17.51   12.61
-125841.117    73.434    24.67   14.37
-125551.793    79.029    19.34   14.36
-125262.471    86.618    26.23   13.83
-124973.150    92.894    21.69   12.71
-124683.831    95.484     8.95   10.75
-124394.514    97.988     8.65    8.36
-124105.198    99.285     4.48    6.90
-123815.884    99.184    -0.35    5.98
-123526.572    98.922    -0.91    5.60
-123237.261    98.891    -0.11    6.00
-122947.951    99.635     2.57    6.81
-122658.644   100.217     2.01    6.98
-122369.338   101.825     5.56    7.02
-122080.033   103.842     6.97    7.65
-121790.730   106.635     9.65    9.04
-121501.429   110.702    14.06   11.04
-121212.129   115.617    16.99   12.48
-120922.831   120.262    16.06   12.98
-120633.535   126.279    20.80   12.22
-120344.240   131.940    19.57   12.91
-120054.946   139.877    27.44   14.49
-119765.655   147.437    26.13   14.78
-119476.365   154.153    23.21   14.74
-119187.076   161.066    23.90   12.95
-118897.789   164.877    13.17   10.46
-118608.504   167.411     8.76    7.76
-118319.220   167.684     0.94    7.29
-118029.938   166.516    -4.04    8.39
-117740.657   162.896   -12.51    9.78
-117451.378   159.373   -12.18    9.25
-117162.101   155.325   -13.99   10.54
-116872.825   151.289   -13.95   11.34
-116583.551   148.940    -8.12   11.80
-116294.278   146.117    -9.76   11.71
-116005.007   143.653    -8.52   10.98
-115715.738   141.273    -8.23    9.07
-115426.470   141.143    -0.45    8.37
-115137.203   141.957     2.81    7.60
-114847.939   142.781     2.85    6.70
-114558.675   143.273     1.70    5.65
-114269.414   143.330     0.19    4.60
-113980.154   143.440     0.38    4.58
-113690.895   143.075    -1.26    4.63
-113401.638   142.437    -2.21    4.71
-113112.383   141.431    -3.48    4.69
-112823.129   139.384    -7.08    5.59
-112533.877   137.636    -6.04    6.62
-112244.626   133.906   -12.90    7.63
-111955.377   130.143   -13.01    8.83
-111666.130   126.940   -11.08    8.46
-111376.884   123.617   -11.49    7.73
-111087.639   120.297   -11.48    7.04
-110798.396   117.284   -10.42    8.54
-110509.155   112.994   -14.83   10.10
-110219.915   108.181   -16.64   12.11
-109930.677   102.367   -20.10   13.57
-109641.440    95.967   -22.13   15.03
-109352.205    86.790   -31.73   16.07
-109062.972    82.653   -14.30   14.03
-108773.740    82.533    -0.42   13.37
-108484.509    85.516    10.31   14.90
-108195.280    89.093    12.37   15.67
-107906.053    93.251    14.38   14.25
-107616.827    98.208    17.14    8.86
-107327.603    99.601     4.82    6.14
-107038.380    97.670    -6.68    8.01
-106749.159    95.273    -8.29    8.54
-106459.939    92.635    -9.12    8.14
-106170.721    89.463   -10.97    8.05
-105881.504    87.928    -5.31    7.94
-105592.289    86.997    -3.22    8.57
-105303.076    88.388     4.81   10.93
-105013.864    89.940     5.37   10.93
-104724.653    89.601    -1.17   12.29
-104435.444    86.842    -9.54   12.54
-104146.237    85.303    -5.32   12.73
-103857.031    81.273   -13.93   12.04
-103567.827    77.151   -14.25   11.07
-103278.624    73.716   -11.88    9.70
-102989.422    70.689   -10.47    7.77
-102700.223    69.101    -5.49    8.29
-102411.024    67.617    -5.13    8.43
-102121.827    66.721    -3.10    8.70
-101832.632    64.716    -6.94    8.89
-101543.438    62.290    -8.39    7.94
-101254.246    59.465    -9.77    6.60
-100965.055    57.708    -6.08    6.67
-100675.866    55.284    -8.38    6.88
-100386.679    53.665    -5.60    6.85
-100097.492    51.790    -6.48    6.97
 -99808.308    50.484    -4.52    6.57
 -99519.125    48.946    -5.32    6.24
 -99229.943    47.480    -5.07    5.79
 -98940.763    46.770    -2.45    6.07
 -98651.584    46.092    -2.34    6.34
 -98362.407    45.273    -2.83    6.51
 -98073.231    44.387    -3.07    6.21
 -97784.057    44.317    -0.24    7.15
 -97494.884    42.759    -5.39    7.78
 -97205.713    41.423    -4.62    7.82
 -96916.543    38.901    -8.72    6.53
 -96627.375    37.567    -4.61    5.45
 -96338.209    37.262    -1.06    4.75
 -96049.043    38.190     3.21    4.79
 -95759.880    38.716     1.82    4.51
 -95470.717    39.618     3.12    4.10
 -95181.557    40.535     3.17    4.21
 -94892.397    40.872     1.16    3.61
 -94603.240    41.012     0.48    3.46
 -94314.083    40.652    -1.24    3.96
 -94024.929    39.653    -3.46    4.10
 -93735.775    39.067    -2.02    4.56
 -93446.623    38.228    -2.90    4.37
 -93157.473    37.325    -3.12    3.92
 -92868.324    37.153    -0.60    4.20
 -92579.177    37.463     1.07    5.06
 -92290.031    38.338     3.03    5.25
 -92000.886    38.687     1.21    5.34
 -91711.743    38.618    -0.24    5.30
 -91422.602    38.170    -1.55    5.25
 -91133.462    38.057    -0.39    5.13
 -90844.323    37.519    -1.86    4.39
 -90555.186    37.401    -0.41    3.58
 -90266.051    37.404     0.01    4.15
 -89976.916    37.390    -0.05    4.17
 -89687.784    37.894     1.74    4.57
 -89398.652    37.767    -0.44    4.32
 -89109.523    37.566    -0.70    4.32
 -88820.280    37.863     1.03    4.58
 -88530.836    37.308    -1.92    4.42
 -88241.394    37.308     0.00    3.82
 -87951.954    37.690     1.32    4.33
 -87662.515    38.734     3.61    4.54
 -87373.077    39.437     2.43    4.78
 -87083.641    40.084     2.23    4.72
 -86794.206    41.262     4.07    4.61
 -86504.773    42.244     3.39    4.09
 -86215.341    42.687     1.53    3.86
 -85925.911    42.347    -1.18    3.98
 -85636.482    42.234    -0.39    3.89
 -85347.054    41.716    -1.79    4.41
 -85057.628    40.547    -4.04    4.84
 -84768.204    39.821    -2.51    4.56
 -84478.781    39.739    -0.28    5.11
 -84189.359    39.567    -0.59    4.77
 -83899.939    40.273     2.44    4.75
 -83610.520    40.448     0.61    5.01
 -83321.103    42.211     6.09    4.65
 -83031.687    43.190     3.38    4.76
 -82742.272    43.945     2.61    4.42
 -82452.859    44.838     3.09    4.52
 -82163.447    46.313     5.10    4.50
 -81874.037    47.463     3.97    4.17
 -81584.628    48.244     2.70    3.73
 -81295.221    48.262     0.06    3.62
 -81005.815    48.911     2.24    3.53
 -80716.411    49.011     0.34    3.58
 -80427.008    49.058     0.17    3.56
 -80137.606    49.180     0.42    3.39
 -79848.206    48.773    -1.40    3.59
 -79558.807    47.894    -3.04    3.56
 -79269.410    47.273    -2.15    3.75
 -78980.014    46.394    -3.04    3.92
 -78690.619    45.719    -2.33    3.66
 -78401.226    45.480    -0.83    3.54
 -78111.834    45.390    -0.31    3.53
 -77822.444    45.781     1.35    3.43
 -77533.055    46.351     1.97    3.19
 -77243.668    46.879     1.83    2.40
 -76954.282    47.074     0.67    1.84
 -76664.897    46.808    -0.92    1.99
 -76375.514    47.101     1.01    2.29
 -76086.132    47.228     0.44    2.57
 -75796.752    47.317     0.31    2.64
 -75507.373    47.724     1.40    2.27
 -75217.995    47.687    -0.13    2.19
 -74928.619    47.859     0.60    2.12
 -74639.244    48.058     0.69    2.17
 -74349.870    47.499    -1.93    3.04
 -74060.498    47.118    -1.32    3.56
 -73771.128    46.838    -0.97    4.13
 -73481.759    47.137     1.03    4.62
 -73192.391    47.484     1.20    4.71
 -72903.024    47.978     1.71    4.53
 -72613.659    48.262     0.98    4.57
 -72324.296    49.151     3.07    4.08
 -72034.933    49.672     1.80    3.07
 -71745.572    48.872    -2.77    3.40
 -71456.213    48.273    -2.07    3.66
 -71166.855    47.550    -2.50    3.78
 -70877.498    47.716     0.57    4.86
 -70588.143    47.566    -0.52    5.25
 -70298.789    48.084     1.79    5.04
 -70009.436    47.904    -0.62    5.33
 -69720.085    46.956    -3.28    5.89
 -69430.735    46.317    -2.21    5.90
 -69141.387    46.787     1.62    6.22
 -68852.040    47.618     2.87    7.48
 -68562.694    47.496    -0.42    8.32
 -68273.350    47.211    -0.98    9.13
 -67984.007    46.008    -4.16    9.24
 -67694.665    44.440    -5.42    9.03
 -67405.325    41.851    -8.95    8.67
 -67115.986    39.565    -7.90    6.48
 -66826.649    37.669    -6.55    4.96
 -66537.312    37.049    -2.14    4.64
 -66247.978    36.765    -0.98    4.58
 -65958.644    37.325     1.94    5.28
 -65669.312    38.894     5.42    5.58
 -65379.982    39.894     3.46    5.95
 -65090.652    41.394     5.18    6.78
 -64801.324    43.267     6.48    7.85
 -64511.998    46.290    10.45    8.49
 -64222.672    48.434     7.41    8.05
 -63933.348    49.759     4.58    8.07
 -63644.026    49.204    -1.92    8.60
 -63354.705    48.978    -0.78    8.92
 -63065.385    48.817    -0.55    9.18
 -62776.066    47.567    -4.32    9.94
 -62486.749    45.162    -8.31    9.92
 -62197.433    43.532    -5.64    9.82
 -61908.119    41.330    -7.61    9.96
 -61618.806    38.704    -9.07    8.91
 -61329.494    35.967    -9.46    7.50
 -61040.184    33.411    -8.84    7.67
 -60750.874    30.364   -10.53    8.00
 -60461.567    27.145   -11.13    9.24
 -60172.260    25.234    -6.60    9.17
 -59882.955    23.420    -6.27    8.14
 -59593.651    21.997    -4.92    7.25
 -59304.349    21.967    -0.10    6.80
 -59015.048    22.618     2.25    7.03
 -58725.748    24.635     6.97    6.25
 -58436.450    26.414     6.15    4.58
 -58147.153    26.736     1.11    3.61
 -57857.857    25.765    -3.36    4.78
 -57568.562    24.110    -5.72    5.03
 -57279.269    22.801    -4.52    4.44
 -56989.977    21.859    -3.25    4.20
 -56700.687    22.730     3.01    5.90
 -56411.398    24.451     5.95    7.62
 -56122.110    26.653     7.61    8.01
 -55832.823    28.756     7.27    8.06
 -55543.538    30.512     6.07    7.89
 -55254.254    33.434    10.10    7.35
 -54964.972    35.686     7.78    6.28
 -54675.690    37.084     4.83    6.13
 -54386.410    38.359     4.41    5.76
 -54097.132    39.369     3.49    5.08
 -53807.854    40.017     2.24    3.74
 -53518.578    39.532    -1.68    3.44
 -53229.304    39.951     1.45    3.41
 -52940.030    40.234     0.98    3.55
 -52650.758    41.290     3.65    4.03
 -52361.487    42.825     5.30    5.59
 -52072.218    46.273    11.92    9.00
 -51782.949    50.978    16.26   12.88
 -51493.682    56.790    20.09   15.89
 -51204.417    64.719    27.41   18.74
 -50915.152    72.256    26.05   19.71
 -50625.889    80.994    30.21   19.11
 -50336.628    89.101    28.03   17.57
 -50047.367    93.984    16.88   13.98
 -49758.108    97.567    12.39   10.90
 -49468.850    96.653    -3.16   11.27
 -49179.594    92.842   -13.18   14.40
 -48890.338    83.974   -30.66   19.46
 -48601.084    72.313   -40.31   24.14
 -48311.832    63.017   -32.14   24.48
 -48022.580    53.653   -32.38   23.27
 -47733.330    42.187   -39.64   18.85
 -47444.081    34.969   -24.95   16.03
 -47154.833    30.008   -17.15   11.76
 -46865.587    27.284    -9.42    8.51
 -46576.342    27.273    -0.04    8.04
 -46287.098    29.384     7.30    9.61
 -45997.856    30.047     2.29    9.78
 -45708.615    32.075     7.01   10.12
 -45419.375    35.334    11.27    9.73
 -45130.136    37.617     7.89    8.80
 -44840.898    39.751     7.38    8.07
 -44551.662    40.881     3.91    8.21
 -44262.427    43.330     8.46    8.76
 -43973.194    44.532     4.16    9.54
 -43683.961    46.834     7.96   11.41
 -43394.730    48.502     5.77   13.37
 -43105.500    50.049     5.35   14.77
 -42816.272    54.351    14.87   17.61
 -42527.045    56.226     6.48   19.50
 -42237.819    60.246    13.90   20.41
 -41948.594    65.967    19.78   20.57
 -41659.370    69.516    12.27   20.48
 -41370.148    73.618    14.18   20.35
 -41080.927    76.846    11.16   17.92
 -40791.707    76.584    -0.91   18.71
 -40502.489    77.739     3.99   17.45
 -40213.271    77.456    -0.98   18.95
 -39924.055    76.025    -4.95   18.15
 -39634.840    75.922    -0.35   16.54
 -39345.627    75.687    -0.81   16.78
 -39056.415    72.256   -11.86   15.66
 -38767.203    71.666    -2.04   14.37
 -38477.994    71.290    -1.30   12.48
 -38188.785    70.187    -3.82   11.67
 -37899.578    71.290     3.82   11.64
 -37610.372    72.618     4.59   13.04
 -37321.167    76.784    14.41   11.76
 -37031.963    79.025     7.75   12.06
 -36742.761    80.486     5.05   12.98
 -36453.559    83.262     9.60   12.44
 -36164.360    85.773     8.69   12.67
 -35875.161    90.117    15.02   12.41
 -35585.963    96.330    21.48   13.10
 -35296.767   102.734    22.15   13.63
 -35007.572   109.022    21.74   15.55
 -34718.378   116.118    24.54   15.23
 -34429.186   121.194    17.55   13.91
 -34139.994   127.787    22.80   12.58
 -33850.804   133.567    19.99   11.12
 -33561.615   137.584    13.89   10.34
 -33272.428   139.584     6.92   10.50
 -32983.241   139.512    -0.25   11.31
 -32694.056   138.940    -1.98   11.14
 -32404.872   138.896    -0.15   10.42
 -32115.689   137.143    -6.06   10.25
 -31826.507   133.701   -11.90   10.13
 -31537.327   130.794   -10.05   10.38
 -31248.148   126.719   -14.09   12.18
 -30958.970   121.448   -18.23   13.18
 -30669.793   116.330   -17.70   12.66
 -30380.617   110.343   -20.70   12.67
 -30091.443   105.815   -15.66   11.38
 -29802.270    98.567   -25.06   14.62
 -29513.098    92.583   -20.70   17.21
 -29223.927    88.020   -15.78   17.46
 -28934.757    83.101   -17.01   16.35
 -28645.589    78.767   -14.99   16.07
 -28356.422    73.325   -18.82   13.67
 -28067.256    70.110   -11.12   12.43
 -27778.091    68.736    -4.75   13.14
 -27488.927    67.092    -5.69   13.12
 -27199.765    66.420    -2.32   13.33
 -26910.604    64.567    -6.41   13.64
 -26621.420    62.869    -5.87   14.54
 -26332.004    61.058    -6.25   13.37
 -26042.590    58.842    -7.66   12.79
 -25753.176    55.896   -10.18   12.88
 -25463.764    52.997   -10.02   12.60
 -25174.353    52.342    -2.26   13.00
 -24884.944    52.963     2.14   13.31
 -24595.535    54.946     6.85   14.41
 -24306.128    59.896    17.10   17.38
 -24016.722    67.584    26.56   20.62
 -23727.317    79.702    41.87   19.05
 -23437.913    88.118    29.08   19.74
 -23148.510    95.756    26.39   18.47
 -22859.109   103.814    27.84   15.28
 -22569.709   110.501    23.11   11.28
 -22280.310   114.961    15.41    8.01
 -21990.912   117.881    10.09    5.96
 -21701.515   119.928     7.07    6.18
 -21412.119   122.151     7.68    6.38
 -21122.725   123.928     6.14    6.03
 -20833.332   125.584     5.72    5.98
 -20543.940   126.584     3.45    6.64
 -20254.549   128.670     7.21    6.71
 -19965.159   129.869     4.14    6.93
 -19675.770   130.351     1.67    7.09
 -19386.383   129.917    -1.50    7.00
 -19096.997   128.618    -4.49    6.71
 -18807.612   125.940    -9.26    6.52
 -18518.228   123.422    -8.70    6.53
 -18228.845   120.101   -11.48    7.27
 -17939.463   114.736   -18.54    9.42
 -17650.083   109.251   -18.96   12.53
 -17360.703   103.994   -18.16   13.61
 -17071.325    98.833   -17.84   13.06
 -16781.948    92.821   -20.78   11.28
 -16492.572    86.446   -22.03   13.69
 -16203.197    80.434   -20.77   17.08
 -15913.824    74.847   -19.31   18.17
 -15624.451    71.118   -12.89   18.37
 -15335.080    68.211   -10.05   18.84
 -15045.710    64.190   -13.90   18.97
 -14756.341    63.552    -2.20   18.68
 -14466.973    64.330     2.69   19.06
 -14177.606    67.296    10.25   17.32
 -13888.240    69.566     7.85   15.08
 -13598.876    70.922     4.69   11.28
 -13309.512    69.008    -6.62   10.66
 -13020.150    66.308    -9.33   11.69
 -12730.789    61.568   -16.38   12.65
 -12441.429    56.008   -19.22   13.01
 -12152.070    49.197   -23.54   11.66
 -11862.712    44.325   -16.84   12.01
 -11573.356    39.601   -16.33   12.38
 -11284.000    37.830    -6.12   12.73
 -10994.646    38.808     3.38   14.27
 -10705.293    40.808     6.91   17.67
 -10415.941    42.877     7.15   20.19
 -10126.590    45.899    10.45   21.88
  -9837.240    44.896    -3.47   24.47
  -9547.891    42.651    -7.76   26.20
  -9258.543    36.650   -20.74   26.87
  -8969.197    29.601   -24.36   24.79
  -8679.851    23.118   -22.40   20.52
  -8390.507    16.501   -22.87   11.21
  -8101.164    13.296   -11.08    3.95
  -7811.822    12.617    -2.34    2.41
  -7522.481    12.653     0.12    2.76
  -7233.141    13.170     1.78    2.89
  -6943.802    13.584     1.43    2.99
  -6654.464    13.635     0.18    2.82
  -6365.128    13.767     0.46    2.59
  -6075.792    13.894     0.44    2.43
  -5786.458    13.296    -2.07    2.35
  -5497.125    12.387    -3.14    2.29
  -5207.793    11.517    -3.00    2.81
  -4918.462    10.125    -4.81    3.66
  -4629.132     8.821    -4.51    4.16
  -4339.803     6.584    -7.73    4.46
  -4050.475     5.057    -5.28    4.16
  -3761.148     3.584    -5.09    3.63
  -3471.823     2.618    -3.34    2.83
  -3182.498     2.211    -1.41    1.90
  -2893.175     2.052    -0.55    1.68
  -2603.852     2.065     0.04    1.71
  -2314.531     2.434     1.28    1.57
  -2025.211     2.904     1.63    1.88
  -1735.892     3.278     1.29    1.97
  -1446.574     3.934     2.27    2.07
  -1157.257     4.334     1.38    2.30
   -867.941     4.428     0.33    2.72
   -578.626     3.706    -2.50    3.67
   -289.312     2.652    -3.64    4.13
      0.000     1.092    -5.39    4.03
    289.312    -0.301    -4.82    3.55
    578.622    -1.449    -3.97    1.90
    867.932    -0.721     2.52    3.31
   1157.240     1.025     6.03    4.87
   1446.548     4.342    11.47    6.62
   1735.854     6.863     8.71    6.56
   2025.159     8.618     6.07    5.55
   2314.463     9.653     3.58    4.48
   2603.766     8.739    -3.16    5.34
   2893.068     5.911    -9.77    6.23
   3182.369     3.338    -8.89    5.65
   3471.669     0.911    -8.39    4.07
   3760.968    -0.975    -6.52    2.39
   4050.265    -1.865    -3.07    1.20
   4339.562    -1.968    -0.36    1.55
   4628.858    -1.006     3.33    3.24
   4918.152     0.051     3.65    3.94
   5207.446     0.967     3.17    4.14
   5496.738     2.355     4.80    4.63
   5786.030     3.687     4.60    4.61
   6075.320     4.367     2.35    4.28
   6364.609     4.653     0.99    4.15
   6653.898     4.453    -0.69    4.25
   6943.185     5.049     2.06    4.61
   7232.471     6.773     5.96    3.48
   7521.756     7.297     1.81    2.85
   7811.040     7.801     1.74    2.65
   8100.323     8.716     3.16    2.89
   8389.605     9.480     2.64    3.03
   8678.886    10.347     3.00    2.53
   8968.166    10.833     1.68    2.54
   9257.445    11.239     1.40    2.48
   9546.723    12.041     2.78    2.55
   9836.000    12.284     0.84    2.84
  10125.276    12.355     0.24    3.06
  10414.551    12.440     0.29    3.20
  10703.824    12.855     1.43    3.26
  10993.097    13.015     0.55    3.08
  11282.369    13.201     0.64    2.92
  11571.640    12.502    -2.41    3.09
  11860.909    11.480    -3.53    4.44
  12150.178    10.330    -3.98    4.72
  12439.446     8.726    -5.54    4.93
  12728.712     7.453    -4.40    4.52
  13017.978     5.484    -6.81    4.72
  13307.242     3.351    -7.38    4.78
  13596.506     2.515    -2.89    5.03
  13885.769     2.422    -0.32    5.43
  14175.030     2.008    -1.43    5.23
  14464.291     3.015     3.48    6.65
  14753.550     4.338     4.58    7.18
  15042.809     6.686     8.11    7.06
  15332.066     9.333     9.15    6.13
  15621.323    11.170     6.35    5.26
  15910.578    13.411     7.75    4.38
  16199.833    14.601     4.11    3.64
  16489.086    15.618     3.52    3.15
  16778.339    16.262     2.23    2.50
  17067.590    15.687    -1.99    2.98
  17356.841    15.478    -0.72    3.18
  17646.090    15.125    -1.22    2.99
  17935.339    15.151     0.09    3.02
  18224.586    14.732    -1.45    2.86
  18513.833    14.285    -1.55    2.66
  18803.078    13.773    -1.77    2.80
  19092.323    13.767    -0.02    2.68
  19381.566    13.380    -1.34    2.55
  19670.809    12.830    -1.90    2.68
  19960.051    12.221    -2.10    2.25
  20249.291    12.773     1.91    2.35
  20538.531    13.273     1.73    2.50
  20827.769    14.177     3.12    2.75
  21117.007    14.716     1.86    2.95
  21406.244    15.118     1.39    2.73
  21695.479    15.092    -0.09    2.69
  21984.714    14.744    -1.21    2.73
  22273.948    14.501    -0.84    3.11
  22563.181    14.863     1.25    4.12
  22852.412    15.431     1.96    4.68
  23141.643    17.034     5.54    5.22
  23430.873    18.208     4.06    5.68
  23720.102    20.411     7.62    5.75
  24009.330    23.017     9.01    5.08
  24298.557    24.817     6.22    3.75
  24587.783    25.472     2.26    2.72
  24877.008    25.797     1.13    2.24
  25166.232    25.784    -0.05    1.64
  25455.455    25.458    -1.13    1.55
  25744.677    24.440    -3.52    2.59
  26033.898    23.482    -3.31    3.40
  26323.118    22.448    -3.57    3.64
  26612.337    21.721    -2.51    3.31
  26901.556    21.285    -1.51    3.33
  27190.773    21.084    -0.69    3.29
  27479.989    21.143     0.20    3.32
  27769.205    21.125    -0.06    3.21
  28058.419    22.177     3.64    2.86
  28347.633    22.690     1.77    2.72
  28636.845    22.652    -0.13    2.64
  28926.057    22.946     1.02    2.57
  29215.267    23.251     1.06    2.45
  29504.477    23.719     1.62    2.27
  29793.686    23.821     0.35    2.12
  30082.894    23.946     0.43    2.12
  30372.101    23.794    -0.53    2.33
  30661.307    23.601    -0.67    2.57
  30950.512    23.448    -0.53    2.62
  31239.716    23.501     0.18    2.65
  31528.919    23.204    -1.03    2.53
  31818.121    23.422     0.75    2.62
  32107.322    23.798     1.30    2.78
  32396.523    24.313     1.78    2.85
  32685.722    24.934     2.15    2.91
  32974.920    25.911     3.38    2.66
  33264.118    26.635     2.50    2.57
  33553.315    27.411     2.68    2.30
  33842.510    27.859     1.55    2.47
  34131.705    27.879     0.07    2.65
  34420.899    27.877    -0.01    2.73
  34710.092    28.015     0.48    2.74
  34999.284    27.904    -0.38    2.46
  35288.475    28.135     0.80    2.93
  35577.665    28.133    -0.01    3.45
  35867.018    28.480     1.20    3.62
  36156.404    28.686     0.71    3.74
  36445.789    28.969     0.98    3.98
  36735.173    29.584     2.12    4.18
  37024.557    29.784     0.69    4.01
  37313.939    30.217     1.50    3.38
  37603.320    30.359     0.49    3.26
  37892.701    30.619     0.90    3.33
  38182.081    30.753     0.47    3.95
  38471.460    31.290     1.86    4.47
  38760.837    31.617     1.13    4.90
  39050.214    32.317     2.42    5.47
  39339.590    32.980     2.29    6.42
  39628.966    33.787     2.79    7.36
  39918.340    35.074     4.45    8.70
  40207.713    37.666     8.96   10.43
  40497.086    41.167    12.10   12.13
  40786.457    46.364    17.96   15.18
  41075.828    53.906    26.06   17.18
  41365.198    60.458    22.64   17.29
  41654.567    67.516    24.39   16.90
  41943.935    76.325    30.44   16.73
  42233.302    82.167    20.19   16.97
  42522.668    86.084    13.54   16.28
  42812.033    87.987     6.58   15.15
  43101.398    88.118     0.45   15.71
  43390.761    87.187    -3.22   16.31
  43680.124    84.484    -9.34   18.43
  43969.486    80.296   -14.47   18.20
  44258.847    78.177    -7.32   18.22
  44548.207    76.342    -6.34   17.42
  44837.566    74.320    -6.99   15.95
  45126.924    72.984    -4.62   13.82
  45416.281    72.251    -2.53   11.23
  45705.638    73.699     5.01   10.92
  45994.993    74.221     1.81   11.71
  46284.348    75.480     4.35   13.26
  46573.702    75.923     1.53   14.06
  46863.055    74.704    -4.21   14.96
  47152.407    74.699    -0.02   15.31
  47441.759    73.394    -4.51   15.01
  47731.109    69.532   -13.35   14.28
  48020.459    67.411    -7.33   13.58
  48309.807    67.342    -0.24   13.25
  48599.155    67.994     2.25   12.94
  48888.502    69.963     6.80   10.82
  49177.848    70.974     3.49   11.10
  49467.193    73.279     7.97    8.74
  49756.538    75.751     8.54    7.98
  50045.881    76.552     2.77    6.89
  50335.224    75.669    -3.05    6.09
  50624.566    73.279    -8.26    7.50
  50913.907    70.794    -8.59    9.79
  51203.247    65.411   -18.60   13.19
  51492.586    57.736   -26.53   16.40
  51781.924    50.401   -25.35   16.37
  52071.262    42.649   -26.79   14.14
  52360.599    36.706   -20.54   10.40
  52649.935    31.967   -16.38    6.77
  52939.270    29.197    -9.57    3.90
  53228.604    28.151    -3.62    2.69
  53517.937    27.109    -3.60    1.71
  53807.270    26.911    -0.68    1.74
  54096.601    26.448    -1.60    1.87
  54385.932    25.762    -2.37    2.01
  54675.262    25.101    -2.28    2.21
  54964.591    24.635    -1.61    1.98
  55253.920    24.301    -1.15    1.94
  55543.247    23.234    -3.69    2.28
  55832.574    22.425    -2.80    2.68
  56121.900    20.736    -5.84    4.40
  56411.225    20.394    -1.18    4.66
  56700.549    20.041    -1.22    5.25
  56989.872    20.279     0.82    5.48
  57279.195    20.670     1.35    5.91
  57568.516    22.101     4.95    5.68
  57857.837    24.022     6.64    4.90
  58147.157    25.151     3.90    3.81
  58436.477    25.770     2.14    2.42
  58725.795    25.884     0.39    2.36
  59015.113    26.618     2.54    3.07
  59304.429    29.145     8.73    6.27
  59593.745    31.167     6.99    7.54
  59883.061    35.217    14.00    9.08
  60172.375    38.634    11.81    9.80
  60461.688    43.513    16.87    9.64
  60751.001    47.601    14.13    9.14
  61040.313    50.618    10.43    9.82
  61329.624    55.653    17.40   10.42
  61618.934    58.552    10.02   11.09
  61908.244    61.601    10.54   11.91
  62197.553    65.170    12.34   12.40
  62486.861    68.239    10.61   12.35
  62776.168    71.702    11.97   12.97
  63065.474    75.401    12.78   11.21
  63354.779    77.153     6.05    9.67
  63644.084    77.667     1.78    8.09
  63933.388    77.494    -0.60    7.49
  64222.691    76.601    -3.09    8.30
  64511.993    77.317     2.48   10.46
  64801.295    78.211     3.09   12.40
  65090.596    79.666     5.03   15.81
  65379.896    83.940    14.77   17.54
  65669.195    88.566    15.99   17.09
  65958.493    90.864     7.94   16.27
  66247.791    90.401    -1.60   15.57
  66537.088    89.191    -4.18   15.24
  66826.384    89.463     0.94   14.70
  67115.679    90.034     1.97   14.46
  67404.973    92.496     8.51   15.16
  67694.267    95.453    10.22   14.99
  67983.560    99.734    14.80   13.81
  68272.852   104.143    15.24   10.15
  68562.143   107.484    11.55    7.42
  68851.434   108.584     3.80    6.18
  69140.724   108.967     1.33    5.13
  69430.013   109.394     1.47    4.79
  69719.301   109.384    -0.03    4.86
  70008.588   109.534     0.52    5.33
  70297.875   109.092    -1.53    5.83
  70587.161   108.855    -0.82    6.44
  70876.446   107.515    -4.63    7.27
  71165.731   107.201    -1.08    7.23
  71455.014   106.901    -1.04    7.05
  71744.297   106.872    -0.10    7.21
  72033.579   106.877     0.02    7.68
  72322.861   106.846    -0.10    8.37
  72612.141   106.994     0.51    8.03
  72901.421   107.184     0.66    6.99
  73190.700   105.961    -4.23    7.10
  73479.979   104.308    -5.72    8.33
  73769.256   102.369    -6.70   10.00
  74058.533    98.784   -12.39    9.89
  74347.809    95.480   -11.42    8.93
  74637.084    91.801   -12.72    8.53
  74926.359    89.101    -9.33    7.97
  75215.633    86.480    -9.06    8.67
  75504.906    84.704    -6.14    9.20
  75794.178    81.153   -12.28   10.80
  76083.450    75.142   -20.78   13.28
  76372.721    68.997   -21.24   14.30
  76661.991    59.686   -32.19   16.05
  76951.260    51.958   -26.71   17.40
  77240.529    43.414   -29.54   15.83
  77529.797    37.101   -21.83   13.87
  77819.064    32.838   -14.74   11.60
  78108.331    30.058    -9.61   10.43
  78397.596    28.724    -4.61   10.44
  78686.861    27.618    -3.82   11.13
  78976.126    25.634    -6.86   10.69
  79265.389    23.617    -6.97    8.50
  79554.652    22.817    -2.77    6.85
  79843.914    22.084    -2.54    4.72
  80133.175    21.414    -2.31    3.82
  80422.436    20.994    -1.45    3.69
  80711.696    20.801    -0.67    3.92
  81000.955    21.011     0.73    3.91
  81290.214    20.859    -0.52    3.84
  81579.471    20.669    -0.66    4.05
  81868.728    20.997     1.14    4.79
  82157.985    21.734     2.55    4.59
  82447.240    22.634     3.11    4.78
  82736.495    24.101     5.07    5.37
  83025.749    26.347     7.76    7.24
  83315.003    28.980     9.10    8.13
  83604.256    31.736     9.53    8.31
  83893.508    35.101    11.63    7.73
  84182.759    37.184     7.20    6.53
  84472.010    38.364     4.08    5.74
  84761.260    39.119     2.61    5.37
  85050.509    39.221     0.36    5.51
  85339.757    39.583     1.25    5.61
  85629.005    39.863     0.97    5.26
  85918.252    39.855    -0.03    5.30
  86207.499    39.934     0.27    5.02
  86496.744    40.135     0.70    4.65
  86785.989    39.917    -0.76    4.62
  87075.234    39.736    -0.62    4.24
  87364.477    39.041    -2.40    4.17
  87653.720    38.407    -2.19    4.14
  87942.963    38.290    -0.40    4.33
  88232.204    39.239     3.28    4.84
  88521.445    39.808     1.97    5.01
  88810.685    40.687     3.04    4.87
  89099.925    41.125     1.52    4.86
  89389.164    41.221     0.33    5.42
  89678.402    40.980    -0.83    5.91
  89967.639    40.739    -0.83    6.29
  90256.876    42.211     5.09    7.39
  90546.112    45.301    10.68    8.49
  90835.348    47.963     9.20    9.76
  91124.582    48.951     3.42   10.98
  91413.816    50.529     5.46   12.31
  91703.050    51.928     4.84   12.03
  91992.282    55.901    13.73   12.96
  92281.515    58.872    10.27   13.72
  92570.746    60.001     3.90   13.97
  92859.977    59.404    -2.06   14.23
  93149.207    59.325    -0.27   15.71
  93438.436    58.377    -3.28   15.81
  93727.665    56.177    -7.60   15.86
  94016.893    52.817   -11.62   14.47
  94306.120    49.842   -10.29   11.70
  94595.347    48.058    -6.17   11.94
  94884.573    46.952    -3.83   11.23
  95173.798    47.001     0.17   10.84
  95463.023    48.101     3.80   12.06
  95752.247    52.101    13.83   15.24
  96041.471    56.401    14.87   19.73
  96330.693    62.719    21.85   22.10
  96619.916    68.753    20.86   21.55
  96909.137    73.601    16.76   21.34
  97198.358    77.364    13.01   20.45
  97487.578    76.134    -4.25   20.08
  97776.798    74.846    -4.45   19.28
  98066.095    73.767    -3.73   17.59
  98355.454    72.808    -3.32   15.25
  98644.812    75.504     9.32   15.75
  98934.169    79.417    13.52   17.30
  99223.526    83.940    15.63   18.05
  99512.882    91.377    25.70   15.82
  99802.237    99.137    26.82   11.43
 100091.592   103.884    16.41    9.72
 100380.946   109.194    18.35    8.35
 100670.300   112.751    12.29    6.91
 100959.653   114.756     6.93    5.81
 101249.005   115.726     3.35    4.77
 101538.357   114.917    -2.79    5.70
 101827.708   113.497    -4.91    6.36
 102117.058   110.584   -10.07    7.57
 102406.408   107.417   -10.94    6.72
 102695.757   103.980   -11.88    6.45
 102985.106   101.773    -7.63    6.94
 103274.453    97.980   -13.11    8.78
 103563.801    93.781   -14.51   10.01
 103853.147    88.687   -17.61   10.88
 104142.493    82.279   -22.15   12.55
 104431.839    76.239   -20.87   13.63
 104721.183    69.922   -21.83   13.73
 105010.528    62.794   -24.63   14.69
 105299.871    58.351   -15.36   13.41
 105589.214    53.317   -17.40   11.76
 105878.556    49.864   -11.94   10.51
 106167.898    47.256    -9.01    9.42
 106457.239    45.533    -5.95    9.18
 106746.580    44.872    -2.28    8.70
 107035.920    45.117     0.85    8.89
 107325.259    45.118     0.00    8.91
 107614.597    45.549     1.49    9.00
 107903.936    45.946     1.37    8.76
 108193.273    46.284     1.17    8.57
 108482.610    46.533     0.86    8.07
 108771.946    44.894    -5.67    7.58
 109061.282    42.889    -6.93    7.07
 109350.617    41.779    -3.83    6.70
 109639.951    41.465    -1.09    6.62
 109929.285    40.717    -2.58    6.46
 110218.618    40.228    -1.69    6.39
 110507.951    38.767    -5.05    5.71
 110797.283    37.154    -5.58    4.47
 111086.615    35.719    -4.96    3.09
 111375.945    35.446    -0.95    3.03
 111665.276    34.923    -1.81    3.12
 111954.606    34.879    -0.15    3.08
 112243.935    34.618    -0.90    2.94
 112533.263    34.667     0.17    2.93
 112822.591    35.101     1.50    3.58
 113111.919    35.681     2.01    4.15
 113401.245    36.334     2.26    5.23
 113690.572    37.330     3.44    5.70
 113979.897    37.704     1.29    6.75
 114269.222    37.460    -0.84    7.33
 114558.547    36.550    -3.15    7.34
 114847.871    35.686    -2.99    7.02
 115137.194    36.278     2.05    6.99
 115426.517    36.482     0.70    6.89
 115715.839    37.637     3.99    5.82
 116005.161    38.550     3.16    5.51
 116294.482    40.773     7.68    5.80
 116583.802    42.929     7.45    5.15
 116873.122    44.687     6.08    4.44
 117162.442    45.273     2.03    4.73
 117451.761    45.928     2.26    4.88
 117741.079    46.894     3.34    5.56
 118030.397    48.234     4.63    6.64
 118319.714    48.532     1.03    7.00
 118609.030    50.084     5.37    8.76
 118898.346    52.204     7.33   10.09
 119187.662    54.899     9.31   10.19
 119476.977    55.863     3.33   10.45
 119766.291    57.717     6.41   11.03
 120055.605    60.767    10.54   12.11
 120344.918    65.162    15.19   13.48
 120634.231    68.532    11.65   14.63
 120923.543    70.851     8.02   14.03
 121212.855    70.446    -1.40   13.80
 121502.166    70.051    -1.36   13.36
 121791.476    66.790   -11.27   13.99
 122080.786    62.380   -15.24   12.96
 122370.096    60.601    -6.15   11.08
 122659.405    57.801    -9.68   10.30
 122948.713    56.034    -6.11   10.31
 123238.021    55.066    -3.35   10.11
 123527.328    55.296     0.79   10.21
 123816.635    56.846     5.36    9.61
 124105.941    58.532     5.83   11.01
 124395.247    64.075    19.16   14.63
 124684.552    68.414    15.00   14.51
 124973.857    71.634    11.13   14.16
 125263.161    73.154     5.26   13.47
 125552.464    72.652    -1.74   13.28
 125841.767    70.170    -8.58   13.84
 126131.070    69.184    -3.41   14.01
 126420.372    67.847    -4.62   14.05
 126709.673    68.359     1.77   15.05
 126998.974    67.041    -4.56   16.05
 127288.275    65.172    -6.46   16.61
 127577.575    63.912    -4.36   16.03
 127866.874    64.584     2.32   15.59
 128156.173    65.467     3.05   14.77
 128445.471    64.221    -4.31   13.61
 128734.769    64.065    -0.54   13.76
 129024.067    65.736     5.78   13.05
 129313.363    65.618    -0.41   12.51
 129602.660    66.879     4.36   12.64
 129891.956    69.821    10.17   12.88
 130181.251    74.012    14.48   12.57
 130470.546    76.670     9.19   11.82
 130759.840    77.446     2.68   12.86
 131049.134    77.584     0.48   13.17
 131338.427    80.049     8.52   13.47
 131627.720    82.753     9.35   13.79
 131917.012    84.187     4.96   12.55
 132206.304    83.566    -2.15   10.99
 132495.595    77.961   -19.37   15.53
 132784.886    74.351   -12.48   18.05
 133074.176    69.322   -17.38   18.08
 133363.466    65.110   -14.56   14.37
 133652.756    62.842    -7.84   11.40
 133942.044    63.534     2.39   11.05
 134231.333    66.550    10.42   12.40
 134520.621    67.945     4.82   12.79
 134809.908    66.687    -4.35   13.80
 135099.195    64.325    -8.17   14.32
 135388.481    61.221   -10.73   13.61
 135677.767    58.825    -8.28   12.10
 135967.053    57.584    -4.29   10.22
 136256.338    57.497    -0.30    8.66
 136545.622    58.889     4.81    8.57
 136834.906    62.244    11.60    9.42
 137124.190    65.279    10.49   10.97
 137413.473    68.699    11.82   12.83
 137702.755    71.380     9.27   13.73
 137992.037    72.533     3.98   14.54
 138281.319    72.917     1.33   14.95
 138570.600    73.601     2.37   14.94
 138859.881    72.351    -4.32   13.73
 139149.161    70.701    -5.70   12.41
 139438.441    68.633    -7.15   11.21
 139727.720    68.708     0.26   10.85
 140016.999    68.567    -0.49   11.33
 140306.277    68.619     0.18   12.27
 140595.555    68.388    -0.80   11.93
 140884.833    69.109     2.49   11.88
 141174.110    69.653     1.88   11.42
 141463.386    70.584     3.22   11.34
 141752.662    70.958     1.29   10.91
 142041.938    72.267     4.53   11.64
 142331.213    72.330     0.21   11.76
 142620.488    72.934     2.09   11.20
 142909.762    74.601     5.76   11.26
 143199.036    75.904     4.51   11.54
 143488.309    78.228     8.03   12.46
 143777.582    80.601     8.20   12.88
 144066.854    84.889    14.82   11.93
 144356.126    89.974    17.58   11.31
 144645.398    93.584    12.48   11.17
 144934.669    95.911     8.05    9.95
 145223.940    94.221    -5.84   12.39
 145513.210    90.601   -12.52   15.23
 145802.480    89.058    -5.33   15.36
 146091.749    87.041    -6.97   14.62
 146381.018    84.463    -8.91   13.24
 146670.287    82.232    -7.71   12.71
 146959.555    81.683    -1.90   12.81
 147248.822    82.351     2.31   12.37
 147538.090    83.649     4.49   12.42
 147827.356    83.244    -1.40   11.92
 148116.623    85.566     8.03   12.82
 148405.889    88.499    10.14   11.60
 148695.154    90.204     5.89   10.12
 148984.419    88.961    -4.30   11.21
 149273.684    85.256   -12.81   14.31
 149562.948    80.049   -18.00   14.65
 149852.212    76.618   -11.86   12.53
 150141.475    72.384   -14.64    9.90
 150430.738    69.917    -8.53    8.11
 150720.001    69.997     0.28    8.02
 151009.263    72.367     8.19    8.33
 151298.525    73.547     4.08    8.42
 151587.786    75.549     6.92   10.34
 151877.047    79.034    12.05   11.83
 152166.307    83.889    16.78   11.42
 152455.567    87.917    13.93   10.99
 152744.827    91.619    12.80   10.49
 153034.086    94.325     9.36    9.61
 153323.345    94.338     0.04    9.14
 153612.603    93.984    -1.22    9.24
 153901.861    94.207     0.77    8.27
 154191.119    94.653     1.54    8.16
 154480.376    94.834     0.63    8.60
 154769.633    93.689    -3.96    8.79
 155058.890    91.534    -7.45    9.95
 155348.146    89.940    -5.51    9.39
 155637.401    88.008    -6.68    9.11
 155926.656    87.499    -1.76    9.02
 156215.911    88.397     3.11   10.29
 156505.166    89.734     4.62   10.19
 156794.420    92.101     8.18    7.94
 157083.674    92.284     0.63    7.87
 157372.927    91.601    -2.36    8.69
 157662.180    89.987    -5.58    9.00
 157951.432    87.109    -9.95    9.47
 158240.684    85.325    -6.17    9.01
 158529.936    82.551    -9.59   11.18
 158819.187    78.901   -12.62   13.27
 159108.438    76.515    -8.25   12.80
 159397.689    75.342    -4.05   12.93
 159686.939    73.458    -6.51   12.98
 159976.189    72.134    -4.58   12.77
 160265.463    70.784    -4.67   12.19
 160554.795    69.067    -5.93   12.23
 160844.126    67.290    -6.14   11.70
 161133.457    65.565    -5.96   10.34
 161422.787    65.934     1.28    9.97
 161712.117    67.342     4.87   10.75
 162001.447    69.867     8.73   11.07
 162290.777    71.397     5.29    9.88
 162580.106    72.566     4.04    8.37
 162869.434    71.997    -1.97    8.40
 163158.763    70.032    -6.79    8.84
 163448.091    69.371    -2.28    8.89
 163737.418    67.859    -5.23    8.64
 164026.745    68.032     0.60    8.80
 164316.072    68.842     2.80    9.12
 164605.399    69.221     1.31    8.76
 164894.725    69.036    -0.64    8.87
 165184.051    70.126     3.77    8.21
 165473.376    69.770    -1.23    8.43
 165762.701    69.741    -0.10    8.92
 166052.026    68.825    -3.17    8.95
 166341.351    67.434    -4.81    8.77
 166630.675    66.719    -2.47    9.26
 166919.998    66.568    -0.52    9.49
 167209.322    65.833    -2.54    9.96
 167498.645    65.635    -0.68   10.46
 167787.968    64.012    -5.61   10.13
 168077.290    62.151    -6.43   10.10
 168366.612    61.451    -2.42    9.87
 168655.934    61.566     0.40    9.57
 168945.255    58.567   -10.37   10.53
 169234.576    55.446   -10.79   11.25
 169523.896    50.667   -16.52   10.26
 169813.217    46.084   -15.84    8.55
 170102.537    44.351    -5.99    7.81
 170391.856    42.134    -7.66    5.12
 170681.176    40.928    -4.17    3.78
 170970.495    40.770    -0.55    3.40
 171259.813    40.394    -1.30    4.03
 171549.132    41.552     4.00    4.78
 171838.450    43.001     5.01    5.71
 172127.767    43.726     2.51    6.22
 172417.085    44.397     2.32    7.55
 172706.402    46.670     7.85    6.70
 172995.719    48.501     6.33    6.56
 173285.035    50.901     8.30    7.54
 173574.351    52.717     6.28    7.22
 173863.667    55.790    10.62    7.93
 174152.982    58.952    10.93    7.15
 174442.297    60.126     4.06    6.59
 174731.612    60.601     1.64    6.29
 175020.927    61.198     2.06    5.95
 175310.241    61.906     2.45    5.67
 175599.555    62.154     0.86    5.82
 175888.868    63.184     3.56    6.07
 176178.182    64.066     3.05    7.14
 176467.495    62.699    -4.73    8.14
 176756.807    60.635    -7.13    8.00
 177046.120    61.308     2.32    8.12
 177335.432    62.032     2.50    8.15
 177624.744    63.049     3.52    9.35
 177914.055    63.716     2.30    9.17
 178203.366    64.601     3.06    8.76
 178492.677    66.484     6.51    7.66
 178781.988    67.065     2.01    7.54
 179071.298    68.160     3.78    8.35
 179360.608    69.391     4.25    8.00
 179649.918    70.484     3.78    7.10
 179939.227    71.601     3.86    7.22
 180228.536    72.355     2.61    7.19
 180517.845    73.859     5.20    7.02
 180807.154    74.957     3.79    6.54
 181096.462    74.838    -0.41    6.75
 181385.770    74.584    -0.88    6.90
 181675.077    74.342    -0.84    6.75
 181964.385    74.109    -0.81    7.12
 182253.692    73.303    -2.79    7.59
 182542.999    72.917    -1.33    7.47
 182832.305    72.945     0.10    8.36
 183121.612    72.980     0.12    8.54
 183410.918    75.228     7.77    9.47
 183700.223    76.127     3.11   10.10
 183989.529    76.934     2.79    9.66
 184278.834    77.901     3.34    9.35
 184568.139    79.034     3.92    8.44
 184857.444    80.142     3.83    8.16
 185146.748    82.355     7.65    7.18
 185436.052    82.584     0.79    7.19
 185725.356    82.704     0.42    6.86
 186014.660    81.717    -3.41    7.26
 186303.963    80.451    -4.38    8.21
 186593.266    79.721    -2.52    8.27
 186882.569    78.773    -3.28    7.87
 187171.872    79.797     3.54    7.85
 187461.174    82.158     8.16    7.87
 187750.476    82.330     0.59    8.11
 188039.778    81.617    -2.46    8.60
 188329.079    81.359    -0.89    8.98
 188618.381    81.162    -0.68    8.63
 188907.682    81.109    -0.18    8.67
 189196.982    81.239     0.45    8.36
 189486.283    80.730    -1.76    8.54
 189775.583    81.549     2.83    8.41
 190064.883    82.425     3.03    8.29
 190354.183    83.135     2.45    8.02
 190643.483    81.739    -4.83    8.76
 190932.782    80.552    -4.10    8.79
 191222.081    81.428     3.03    9.00
 191511.380    82.635     4.17    8.34
 191800.678    82.997     1.25    8.93
 192089.977    83.497     1.73    9.17
 192379.275    84.534     3.58    8.81
 192668.573    85.825     4.46    8.17
 192957.870    88.034     7.64    8.09
 193247.168    89.190     4.00    7.88
 193536.465    90.032     2.91    6.88
 193825.762    91.367     4.62    6.92
 194115.059    92.296     3.21    7.00
 194404.355    93.245     3.28    5.97
 194693.651    93.369     0.43    5.86
 194982.947    93.532     0.56    5.68
 195272.243    92.872    -2.28    5.46
 195561.539    92.770    -0.35    5.00
 195850.834    92.517    -0.87    4.97
 196140.129    91.601    -3.17    4.91
 196429.424    91.245    -1.23    5.13
 196718.719    90.811    -1.50    5.35
 197008.014    89.534    -4.41    6.33
 197297.308    87.732    -6.23    7.14
 197586.602    86.204    -5.28    8.07
 197875.896    85.434    -2.66    8.77
 198165.190    84.739    -2.40    9.70
 198454.483    85.296     1.93   10.27
 198743.776    84.584    -2.46   10.57
 199033.069    83.855    -2.52   10.87
 199322.362    83.437    -1.45   10.80
 199611.655    82.724    -2.47   11.40
 199900.947    81.101    -5.61   11.21
 200190.239    79.963    -3.93   11.14
 200479.531    80.601     2.21   11.11
 200768.823    80.667     0.23   11.58
 201058.115    79.753    -3.16   11.74
 201347.406    80.532     2.69   11.72
 201636.698    79.119    -4.88   11.23
 201925.989    77.666    -5.02   11.17
 202215.279    74.092   -12.35   10.58
 202504.570    71.601    -8.61    9.36
 202793.861    70.877    -2.50    8.78
 203083.151    69.119    -6.08    8.36
 203372.441    68.501    -2.14    7.49
 203661.731    68.997     1.72    7.91
 203951.021    69.734     2.55    8.84
 204240.310    70.234     1.73    9.23
 204529.599    69.239    -3.44    9.09
 204818.889    67.290    -6.73    9.28
 205108.178    65.911    -4.77    8.24
 205397.466    65.158    -2.60    7.42
 205686.755    64.480    -2.34    7.03
 205976.043    64.736     0.89    7.13
 206265.332    63.911    -2.85    6.87
 206554.620    63.012    -3.11    5.97
 206843.908    63.472     1.59    6.21
 207133.195    63.801     1.14    6.92
 207422.483    64.649     2.93    7.68
 207711.770    66.197     5.35    8.59
 208001.058    67.239     3.60    8.30
 208290.345    68.767     5.28    8.16
 208579.632    69.739     3.36    7.72
 208868.918    70.125     1.34    7.54
 209158.205    70.790     2.30    7.45
 209447.491    71.515     2.50    7.17
 209736.778    72.689     4.06    7.68
 210026.064    75.351     9.20    8.78
 210315.350    75.717     1.27    8.55
 210604.636    76.342     2.16    8.28
 210893.921    75.482    -2.97    9.02
 211183.207    72.851    -9.10    9.28
 211472.492    70.652    -7.60    9.78
 211761.777    68.470    -7.54    9.05
 212051.062    67.160    -4.53    9.01
 212340.347    65.901    -4.35    8.86
 212629.632    65.387    -1.78    8.98
 212918.916    65.394     0.03    8.90
 213208.201    63.480    -6.62    8.24
 213497.485    61.801    -5.81    8.45
 213786.769    59.827    -6.82    7.81
 214076.053    59.338    -1.69    7.83
 214365.337    58.234    -3.81    7.57
 214654.621    58.244     0.03    7.22
 214943.905    60.359     7.31    9.50
 215233.188    63.245     9.98   11.73
 215522.471    66.974    12.89   13.39
 215811.754    68.359     4.79   13.45
 216101.038    67.776    -2.02   13.30
 216390.320    68.334     1.93   12.67
 216679.603    69.160     2.86   12.27
 216968.886    70.684     5.27   12.26
 217258.168    72.313     5.63   12.84
 217547.451    75.512    11.06   12.75
 217836.733    77.126     5.58   11.30
 218126.015    79.170     7.06   10.28
 218415.297    78.884    -0.99   11.24
 218704.579    78.787    -0.33   11.07
 218993.861    75.957    -9.78   11.78
 219283.143    72.739   -11.12   11.91
 219572.424    70.285    -8.48   12.17
 219861.706    68.734    -5.36   11.92
 220150.987    66.177    -8.84   11.45
 220440.268    64.501    -5.79   11.67
 220729.549    61.428   -10.62   11.89
 221018.830    59.637    -6.19   12.45
 221308.111    56.830    -9.70   11.66
 221597.392    53.867   -10.24   11.38
 221886.673    51.420    -8.46    9.77
 222175.953    49.531    -6.53    8.34
 222465.235    49.084    -1.55    9.14
 222754.540    48.566    -1.79    8.94
 223043.845    47.135    -4.95    8.11
 223333.151    46.207    -3.21    8.26
 223622.456    45.566    -2.22    7.85
 223911.761    44.153    -4.89    6.69
 224201.066    43.408    -2.57    5.50
 224490.371    42.787    -2.15    5.22
 224779.675    41.765    -3.53    5.28
 225068.980    40.497    -4.38    5.21
 225358.284    39.143    -4.68    5.51
 225647.589    37.387    -6.07    5.84
 225936.893    35.204    -7.54    6.58
 226226.198    33.434    -6.12    5.96
 226515.502    32.653    -2.70    5.33
 226804.806    32.294    -1.24    5.08
 227094.110    32.244    -0.18    4.70
 227383.414    32.584     1.17    4.22
 227672.718    33.790     4.17    4.40
 227962.022    34.817     3.55    3.98
 228251.325    36.484     5.76    4.27
 228540.629    38.515     7.02    5.06
 228829.933    41.534    10.44    7.63
 229119.236    45.355    13.21   10.89
 229408.539    49.355    13.83   12.72
 229697.843    55.517    21.30   14.57
 229987.146    61.516    20.73   14.05
 230276.449    68.736    24.96   14.06
 230565.752    75.833    24.53   13.05
 230855.055    81.267    18.78   12.51
 231144.358    88.066    23.50   11.24
 231433.661    91.847    13.07    9.75
 231722.964    95.017    10.96    6.81
 232012.267    96.583     5.41    5.54
 232301.570    94.567    -6.97    8.85
 232590.872    91.428   -10.85   13.49
 232880.175    89.601    -6.32   15.02
 233169.478    89.804     0.70   15.46
 233458.780    87.753    -7.09   16.23
 233748.082    86.049    -5.89   16.07
 234037.385    84.162    -6.52   15.70
 234326.687    82.175    -6.87   15.75
 234615.989    80.434    -6.02   15.67
 234905.292    76.863   -12.34   14.61
 235194.594    72.084   -16.52   13.98
 235483.896    68.226   -13.33   15.15
 235773.198    66.351    -6.48   15.38
 236062.500    63.394   -10.22   15.51
 236351.802    62.184    -4.18   15.26
 236641.104    59.049   -10.84   14.39
 236930.406    56.256    -9.65   14.70
 237219.708    54.084    -7.51   13.88
 237509.010    51.532    -8.82   12.14
 237798.311    48.929    -9.00   10.51
 238087.613    46.394    -8.76   10.91
 238376.915    43.008   -11.71    9.52
 238666.217    41.190    -6.28    8.36
 238955.518    39.041    -7.43    7.92
 239244.820    37.923    -3.86    7.36
 239534.121    36.160    -6.09    5.89
 239823.423    35.465    -2.40    4.63
 240112.725    35.162    -1.05    3.58
 240402.026    34.704    -1.58    2.94
 240691.328    35.684     3.39    2.12
 240980.629    35.851     0.58    2.00
 241269.930    36.043     0.67    2.07
 241559.232    36.101     0.20    2.08
 241848.533    36.364     0.91    2.22
 242137.835    36.422     0.20    2.28
 242427.136    36.367    -0.19    2.15
 242716.437    36.666     1.03    2.23
 243005.739    36.928     0.91    2.12
 243295.040    37.499     1.97    2.16
 243584.341    37.911     1.42    1.98
 243873.643    38.484     1.98    2.19
 244162.944    39.167     2.36    2.14
 244452.245    39.517     1.21    1.90
 244741.546    39.702     0.64    1.84
 245030.848    39.773     0.24    1.86
 245320.149    39.906     0.46    1.77
 245609.450    39.618    -0.99    1.83
 245898.751    39.634     0.05    1.99
 246188.053    39.651     0.06    2.09
 246477.354    39.547    -0.36    1.99
 246766.655    39.431    -0.40    2.05
 247055.956    39.553     0.42    2.05
 247345.257    39.744     0.66    1.78
