#    1.036  -0.498   7.909 ;Mean Elev.(m), Avg Gradient(m/km), RMS Gradient(m/km) - SRTM1     
#    0.696  -0.674   7.060 ;Mean Elev.(m), Avg Gradient(m/km), RMS Gradient(m/km) - ASTER GDEM
#    1.385  -0.432   4.920 ;Mean Elev.(m), Avg Gradient(m/km), RMS Gradient(m/km) - GMTED2010 
   2  12.745329  -5.976347     1.335     1.364 11 54669.22359911 45.244
   3  12.745144  -5.973881    -1.355    -1.331 10 54679.13924335 21.417
   4  12.746483  -5.974383     1.045     1.020  9 54689.05488588 45.519
   5  12.751399  -5.970543    -2.705    -2.735  7 54698.97052752 27.529
   6  12.752710  -5.971333     0.807     0.790  7 54708.88617080 30.950
   7  12.749425  -5.971767    -8.879    -9.196  7 54718.80182172 15.937
   8  12.743947  -5.975530     1.662     1.592 11 54728.71746945 33.608
   9  12.739830  -5.976942     1.720     1.790 11 54738.63311661 32.526
  10  12.736859  -5.980083     1.609     1.587 14 54748.54876358 38.464
  11  12.738347  -5.974613     1.468     1.479 11 54758.46441243 40.491
  13  12.742762  -5.968705    67.285    70.332  6 54778.29570137  9.818
  14  12.744197  -5.967365     1.860     1.857  4 54788.21134108 30.657
  17  12.749646  -5.970824     2.068     2.135  7 54817.95825379 33.846
  18  12.747635  -5.973892     1.865     1.838  9 54827.87390342 45.011
  19  12.743380  -5.976522     1.721     1.720 11 54837.78954153 47.054
  20  12.738692  -5.977830     1.579     1.569 12 54847.70519038 45.145
  21  12.734712  -5.981200     1.626     1.575 15 54857.62083857 36.742
  22  12.733796  -5.981429     1.642     1.630 15 54867.53648781 44.770
  23  12.734145  -5.981498     1.589     1.628 15 54877.45213652 43.268
  24  12.735639  -5.980458     1.467     1.433 14 54887.36778239 48.572
  25  12.734805  -5.980924     1.360     1.349 15 54897.28342416 45.344
  26  12.732126  -5.984316     1.631     1.664 16 54907.19906221 51.753
  27  12.732521  -5.983756     1.780     1.758 15 54917.11469979 40.318
  28  12.736049  -5.980278     1.830     1.899 14 54927.03033802 51.397
  29  12.741269  -5.976561     1.743     1.612 12 54936.94597581 47.349
  30  12.746528  -5.974131     1.363     1.347 10 54946.86161153 46.768
  31  12.751755  -5.970538     1.150     1.231  7 54956.77724585 31.925
  32  12.747921  -5.973968     1.594     1.564 10 54966.69289321 46.419
  33  12.745400  -5.973968     1.633     1.649 10 54976.60854069 34.047
  34  12.742825  -5.977083   -22.480   -25.390 11 54986.52418762 20.307
  35  12.743142  -5.976185     1.614     1.642 11 54996.43983574 42.978
  36  12.742778  -5.977016     1.203     1.176 11 55006.35548175 46.421
  37  12.742107  -5.976737     1.083     1.060 12 55016.27112554 49.011
  38  12.740363  -5.978300     1.303     1.340 12 55026.18676727 50.275
  39  12.740012  -5.978051     1.411     1.422 12 55036.10240882 54.259
  40  12.742448  -5.976674     1.044     1.007 11 55046.01804999 43.590
  41  12.747517  -5.973640     0.980     0.985 10 55055.93368991 45.263
  42  12.751273  -5.972049     0.972     1.030  7 55065.84932724 33.132
  43  12.747701  -5.973652     0.825     0.807  9 55075.76497530 36.995
  44  12.742218  -5.976273     1.074     1.056 12 55085.68062223 32.394
  45  12.738602  -5.977447     1.173     1.181 12 55095.59626834 33.510
  46  12.736834  -5.980320     1.547     1.461 14 55105.51191412 36.360
  47  12.738585  -5.977148     1.679     1.648 13 55115.42756120 43.586
  48  12.739296  -5.977933     1.836     1.752 12 55125.34320497 50.777
  49  12.740214  -5.977289     1.728     1.716 13 55135.25884627 47.663
  50  12.741025  -5.976301     1.892     1.992 11 55145.17448526 54.583
  51  12.741750  -5.976635     1.745     1.680 12 55155.09012300 46.721
  52  12.743365  -5.976974     2.234     2.198 11 55165.00576103 47.191
  53  12.747237  -5.974154     2.220     2.261 10 55174.92139967 43.403
  54  12.750217  -5.972219     2.099     2.252  7 55184.83704040 31.860
  55  12.746556  -5.973586     2.272     2.305 10 55194.75269107 47.935
  56  12.741307  -5.976568     1.685     1.733 11 55204.66834018 34.651
  57  12.738137  -5.977633     1.647     1.685 13 55214.58398939 33.653
  58  12.735911  -5.980556     1.757     1.800 14 55224.49963783 43.548
  59  12.736223  -5.979537     1.594     1.633 14 55234.41528549 43.078
  60  12.737502  -5.978191     1.980     1.981 12 55244.33092986 51.600
  61  12.736262  -5.979773     1.831     1.887 14 55254.24657016 51.434
  62  12.735339  -5.978776     1.650     1.696 12 55264.16220881 54.051
  63  12.735068  -5.981045     1.495     1.529 15 55274.07784565 54.425
  64  12.739551  -5.977065     1.687     1.573 12 55283.99348363 51.233
  65  12.744280  -5.976193     1.802     1.733 11 55293.90911951 47.461
  66  12.747981  -5.973805     1.793     1.869 10 55303.82475715 37.240
  67  12.745817  -5.973744     1.757     1.814 10 55313.74040411 35.433
  68  12.743104  -5.976190     1.542     1.549 11 55323.65604873 36.489
  69  12.742257  -5.976078     1.366     1.370 12 55333.57169296 34.209
  70  12.741702  -5.977101     1.485     1.420 11 55343.48733683 46.150
  71  12.742305  -5.976681     1.485     1.421 12 55353.40298065 48.181
  72  12.743558  -5.975400     1.942     1.897 11 55363.31862241 49.835
  73  12.743918  -5.976379     1.659     1.642 11 55373.23426160 46.052
  74  12.746162  -5.973569     1.225     1.298 10 55383.14990023 50.028
  75  12.747523  -5.974615     0.837     0.818  9 55393.06553709 49.040
  76  12.752111  -5.971049     0.648     0.728  6 55402.98117370 28.219
  77  12.750285  -5.970957     0.922     0.939  7 55412.89682501 27.432
  78  12.746384  -5.975400     1.389     1.495 10 55422.81247255 36.142
  79  12.743395  -5.976828     1.324     1.372 11 55432.72811836 39.526
  80  12.740150  -5.978291     1.078     1.071 12 55442.64376260 32.878
  81  12.739227  -5.977503     0.925     0.853 12 55452.55940628 38.512
  82  12.740548  -5.976570     1.080     1.124 11 55462.47504947 43.897
  83  12.742565  -5.977135     1.473     1.476 11 55472.39069060 39.765
  84  12.745672  -5.973985     1.889     1.848 10 55482.30632965 40.689
  85  12.746691  -5.974430     2.132     2.221  9 55492.22196539 54.095
  86  12.749616  -5.971188     2.012     2.022  7 55502.13760010 48.661
  87  12.747467  -5.974439     1.510     1.537 10 55512.05324425 44.205
  88  12.745887  -5.974650     1.851     1.846  9 55521.96889348 47.171
  89  12.744231  -5.975712     1.944     1.961 11 55531.88454124 47.768
  90  12.742518  -5.976677     1.963     1.957 12 55541.80018757 47.350
  91  12.742813  -5.972269     1.933     1.941  8 55551.71583332 30.256
  92  12.740125  -5.976324     1.758     1.837 11 55561.63147588 32.807
  93  12.739991  -5.978076     1.607     1.618 12 55571.54711853 49.716
  94  12.741815  -5.977046     1.435     1.411 11 55581.46276078 41.063
  95  12.743754  -5.976672     1.477     1.543 11 55591.37839969 52.498
  96  12.746815  -5.973851     1.937     2.033 10 55601.29403579 46.131
  97  12.748811  -5.973135     2.327     2.351  8 55611.20966889 54.336
  98  12.751398  -5.971870     1.938     1.948  7 55621.12530135 48.108
  99  12.747238  -5.974221     1.325     1.370 10 55631.04095286 54.061
 100  12.745592  -5.975705     1.136     1.150 10 55640.95660270 50.478
 101  12.745335  -5.975500     0.980     0.891 10 55650.87225038 41.570
 102  12.744158  -5.976125     1.693     1.756 11 55660.78789425 53.743
 103  12.742834  -5.976041     1.715     1.767 11 55670.70353511 34.577
 104  12.742633  -5.976315     1.645     1.543 11 55680.61917451 42.568
 105  12.745639  -5.974641     1.170     1.243  9 55690.53481289 49.766
 106  12.750110  -5.971700     0.752     0.721  7 55700.45045001 30.690
 107  12.751755  -5.971658     0.993     0.974  7 55710.36609006 50.970
 108  12.747741  -5.974114     1.465     1.451 10 55720.28173919 46.455
 109  12.744263  -5.975559     1.556     1.508 11 55730.19738620 48.798
 110  12.742668  -5.976588     1.289     1.319 11 55740.11303192 44.613
 111  12.742734  -5.976556     0.616     0.528 11 55750.02867671 42.457
 112  12.744287  -5.975659     0.676     0.636 11 55759.94431943 44.312
 113  12.745602  -5.975677     0.571     0.533 10 55769.85995919 38.058
 114  12.746923  -5.974530     0.809     0.721 10 55779.77559605 33.255
 115  12.749556  -5.970807     1.089     1.270  7 55789.69123128 28.884
 116  12.751859  -5.971033     1.119     1.256  7 55799.60686482 29.752
 117  12.750671  -5.970987     0.844     0.935  7 55809.52251225 28.460
 118  12.749614  -5.972149     1.040     1.053  7 55819.43816132 47.714
 119  12.750464  -5.971143     0.772     0.864  8 55829.35380655 28.757
 120  12.750611  -5.971121     1.415     1.415  7 55839.26944691 56.483
 121  12.750040  -5.971481     1.547     1.711  7 55849.18508388 29.394
 122  12.751621  -5.969999     2.117     2.101  7 55859.10071911 31.402
 123  12.749403  -5.972048     1.685     1.701  7 55869.01636697 28.901
 124  12.747770  -5.974642     1.872     1.848  9 55878.93201751 48.523
 125  12.748770  -5.972540     1.747     1.781  9 55888.84766267 45.066
 126  12.749838  -5.970745     1.575     1.630  7 55898.76330222 29.067
 127  12.751516  -5.970161     1.935     1.977  7 55908.67893686 30.074
 128  12.746658  -5.974376     2.419     2.428 10 55918.59458541 53.041
 129  12.743909  -5.974781     1.751     1.782 11 55928.51023867 35.100
 130  12.742679  -5.976265     1.796     1.880 12 55938.42588828 51.473
 131  12.741946  -5.976336     1.398     1.401 11 55948.34153322 49.282
 132  12.741184  -5.976413     1.522     1.437 11 55958.25717343 54.724
 133  12.741230  -5.976297     1.868     1.877 12 55968.17281096 51.622
 134  12.742708  -5.977138     1.694     1.617 11 55978.08844725 46.043
 135  12.747151  -5.975190     1.541     1.531 10 55988.00408362 48.739
 136  12.751521  -5.970966     1.433     1.406  6 55997.91972448 32.644
 137  12.748753  -5.973137     0.880     0.946  8 56007.83537460 39.774
 138  12.745375  -5.975378     1.168     1.120 10 56017.75102061 49.920
 139  12.742099  -5.976433     1.296     1.275 12 56027.66666419 35.263
 140  12.740369  -5.977565     1.547     1.538 13 56037.58230648 34.436
 141  12.742531  -5.976774     1.542     1.511 11 56047.49794755 46.420
 142  12.747048  -5.973584     1.418     1.447 10 56057.41358647 45.552
 143  12.752657  -5.970704     1.041     1.035  7 56067.32922099 46.705
 144  12.749582  -5.971220     1.074     1.031  8 56077.24486966 51.872
 145  12.744163  -5.975887     1.087     1.077 11 56087.16051665 53.533
 146  12.742452  -5.976394     1.159     1.143 12 56097.07616217 45.178
 147  12.743827  -5.974881     1.224     1.315 11 56106.99180622 43.088
 148  12.745642  -5.975354     1.152     1.084 10 56116.90743553 42.596
 149  12.749603  -5.971023     0.765     0.774  8 56126.82307398 31.048
 150  12.751795  -5.969837     0.615     0.624  7 56136.73870802 28.572
 151  12.748667  -5.972765     0.907     0.869  9 56146.65435151 28.932
 152  12.745624  -5.974409     1.231     1.232 10 56156.57000067 35.035
 153  12.744128  -5.976484     1.647     1.615 11 56166.48564904 47.374
 154  12.745463  -5.973839     1.301     1.299 10 56176.40129623 39.077
 155  12.746472  -5.973951     1.060     1.121 10 56186.31693784 41.802
 156  12.746907  -5.974095     1.384     1.359 10 56196.23257546 50.904
 157  12.747735  -5.973779     1.591     1.554  9 56206.14820999 51.187
 158  12.750564  -5.972030     1.442     1.617  7 56216.06384327 28.450
 159  12.752884  -5.970953     1.648     1.718  7 56225.97948349 28.845
 160  12.751564  -5.969943     1.683     1.754  7 56235.89513860 30.713
 161  12.748769  -5.972551     2.105     2.128  9 56245.81078911 44.352
 162  12.745998  -5.974588     1.532     1.517 10 56255.72643491 36.659
 163  12.743815  -5.976716     1.604     1.591 11 56265.64207712 33.319
 164  12.743735  -5.975830     1.745     1.816 11 56275.55771862 43.725
 165  12.742915  -5.976949     1.905     1.896 11 56285.47336491 35.712
 166  12.741938  -5.976882     2.103     2.244 11 56295.38901593 41.717
 167  12.741023  -5.976049     2.227     2.239 12 56305.30466284 51.211
 168  12.739246  -5.977490     1.992     1.916 12 56315.22030538 48.092
 169  12.738912  -5.977419     1.892     1.899 13 56325.13594612 55.324
 170  12.740990  -5.976264     1.758     1.828 11 56335.05158624 51.841
 171  12.745007  -5.973826     1.806     1.865 10 56344.96722580 53.255
 172  12.749486  -5.971149     1.592     1.654  7 56354.88286313 31.266
 173  12.747444  -5.974276     1.492     1.604 10 56364.79850715 36.950
 174  12.743771  -5.975145     1.205     1.201 11 56374.71415547 45.140
 176  12.739704  -5.976443     1.353     1.394 11 56394.54544509 48.328
 177  12.740981  -5.977179     1.821     1.815 13 56404.46108720 48.429
 178  12.745030  -5.973846     1.680     1.681 10 56414.37672731 45.133
 179  12.749836  -5.971990     1.952     1.955  7 56424.29236209 54.008
 180  12.747745  -5.974360     1.528     1.505  9 56434.20800702 54.000
 181  12.742919  -5.975491     1.286     1.213 11 56444.12365800 53.233
 182  12.739634  -5.977895     1.162     1.044 12 56454.03930623 50.410
 183  12.739196  -5.978196     0.873     0.825 12 56463.95495236 38.665
 184  12.740552  -5.977311     1.041     1.025 13 56473.87059547 38.727
 185  12.742365  -5.976939     1.204     1.329 11 56483.78623528 38.171
 186  12.743930  -5.976503     0.963     1.093 11 56493.70187208 41.571
 187  12.746947  -5.974674     0.857     0.925 10 56503.61750735 43.987
 188  12.752862  -5.970376     0.775     0.811  7 56513.53314197 30.679
 189  12.751926  -5.970839     1.035     1.046  6 56523.44879200 35.283
 190  12.748767  -5.973109     1.040     1.060  8 56533.36444351 46.217
 192  12.742517  -5.977043     1.554     1.665 11 56553.19573523 43.735
 193  12.741662  -5.977282     1.005     0.962 13 56563.11137761 43.032
 194  12.743072  -5.976126     0.952     0.963 11 56573.02701914 44.259
 195  12.746609  -5.973912     0.947     1.025 10 56582.94265898 41.824
 196  12.752179  -5.971067     1.324     1.372  7 56592.85829470 28.069
 197  12.749365  -5.971258     1.592     1.628  7 56602.77394604 28.188
 198  12.744287  -5.976487     1.813     1.833 11 56612.68959402 33.283
 199  12.743186  -5.975719     1.593     1.625 11 56622.60523954 44.694
 200  12.742815  -5.976710     1.413     1.417 11 56632.52088198 35.921
 201  12.746187  -5.974158     1.471     1.394 10 56642.43652108 46.644
 202  12.744417  -5.974842     1.949     1.938 11 56652.35217128 46.448
 203  12.741179  -5.976935     2.461     2.527 11 56662.26782061 54.646
 204  12.739052  -5.977566     2.200     2.212 12 56672.18346711 52.842
 205  12.738077  -5.978951     1.559     1.552 13 56682.09911159 48.369
 206  12.739989  -5.978181     1.303     1.285 12 56692.01475460 45.692
 207  12.744669  -5.974786     1.071     1.143 11 56701.93039444 46.027
 208  12.748735  -5.973364     1.009     0.959  8 56711.84602891 32.873
 209  12.746245  -5.973738   -21.001   -22.339 10 56721.76167397 23.995
 210  12.740218  -5.977535     1.622     1.629 13 56731.67732426 33.945
 211  12.737587  -5.979045     1.221     1.194 13 56741.59297182 35.376
 212  12.738951  -5.978043     1.054     1.069 12 56751.50861599 38.465
 213  12.743499  -5.975539     1.307     1.373 11 56761.42425554 50.813
 214  12.749816  -5.971375     1.610     1.629  7 56771.33988875 49.037
 215  12.743734  -5.975540     1.965     2.021 11 56781.25554230 50.451
 216  12.738158  -5.978085     2.226     2.307 12 56791.17119561 50.513
 217  12.733397  -5.982078     1.727     1.711 15 56801.08684544 47.563
 218  12.734248  -5.981248     1.223     1.192 15 56811.00248963 45.956
 219  12.737838  -5.978003     0.993     0.980 12 56820.91813000 44.878
 220  12.741633  -5.976668   -19.360   -20.731 11 56830.83376602 17.984
 221  12.745683  -5.975707     1.195     1.107 10 56840.74939888 37.476
 222  12.749011  -5.972350     1.552     1.683  9 56850.66503570 32.891
 223  12.744154  -5.976038     1.294     1.294 11 56860.58068913 42.612
 224  12.742093  -5.976719     0.836     0.897 12 56870.49634279 42.730
 225  12.741420  -5.976078     0.732     0.769 11 56880.41199412 43.614
 226  12.739355  -5.978234     0.779     0.824 12 56890.32764106 44.761
 227  12.736499  -5.980142     1.464     1.418 14 56900.24328492 39.576
 228  12.734007  -5.981925     1.868     1.782 15 56910.15892652 40.070
 229  12.735793  -5.979930     1.629     1.663 14 56920.07456746 46.684
 230  12.740973  -5.976554     1.517     1.595 12 56929.99020686 51.249
 231  12.747151  -5.974534     1.203     1.308 10 56939.90584139 45.539
 232  12.751225  -5.971656     1.168     1.245  7 56949.82147962 26.765
 233  12.745729  -5.975297     1.538     1.509 10 56959.73713070 35.486
 234  12.742002  -5.976473     1.898     1.889 12 56969.65277763 32.238
 235  12.741634  -5.976574     1.967     1.908 11 56979.56842140 41.883
 236  12.744302  -5.975813     1.669     1.546 10 56989.48406127 35.347
 237  12.750529  -5.972184     1.382     1.422  7 56999.39969572 34.019
 238  12.747344  -5.973473     2.026     2.000 10 57009.31534823 45.635
 239  12.742961  -5.975472     2.220     2.275 11 57019.23100029 49.704
 240  12.739977  -5.976603     2.324     2.301 11 57029.14664926 54.827
 241  12.739104  -5.977016     2.307     2.339 12 57039.06229663 54.322
 242  12.740447  -5.976693     1.912     1.863 12 57048.97794192 49.087
 243  12.743782  -5.975119     1.041     0.987 11 57058.89358377 45.856
 244  12.746642  -5.974617     0.953     0.952  9 57068.80921976 42.797
 245  12.749416  -5.972141     1.060     1.131  7 57078.72485210 30.966
 246  12.750808  -5.970148     1.288     1.335  7 57088.64048853 27.404
 247  12.743615  -5.976328     1.899     1.899 11 57098.55614535 45.874
 248  12.741661  -5.975876     1.596     1.625 11 57108.47180100 51.438
 249  12.741717  -5.976968     1.026     0.938 11 57118.38745124 49.066
 250  12.742252  -5.976096     0.836     0.902 11 57128.30309564 47.540
 251  12.742176  -5.976420     1.544     1.549 11 57138.21873396 49.986
 252  12.743725  -5.976210     1.843     1.739 11 57148.13436845 48.669
 253  12.749431  -5.971172     1.525     1.531  7 57158.05000157 29.315
 254  12.749990  -5.970712     1.078     1.238  7 57167.96564849 29.237
 255  12.745742  -5.975612     1.150     1.131 10 57177.88130273 47.634
 256  12.743306  -5.975997     0.947     1.038 11 57187.79695405 40.992
 257  12.741079  -5.977074     0.937     0.917 12 57197.71260141 37.670
 258  12.739772  -5.977654     1.292     1.450 13 57207.62823560 42.413
 259  12.740357  -5.976780     1.264     1.295 12 57217.54388073 34.990
 260  12.742090  -5.976578     1.355     1.247 11 57227.45952483 48.405
 261  12.745110  -5.973967     1.178     0.981 10 57237.37516737 45.972
 262  12.746957  -5.973935     0.950     1.001 10 57247.29080579 45.303
 263  12.748048  -5.974391     0.980     0.979  9 57257.20644121 45.632
 264  12.750645  -5.971378     0.995     1.091  7 57267.12207611 29.671
 265  12.750341  -5.970929     1.070     1.177  7 57277.03772215 29.456
 266  12.747229  -5.974583     1.001     1.028  9 57286.95337736 36.389
 267  12.745442  -5.975324     1.188     1.132 10 57296.86903048 38.016
 268  12.744067  -5.974811     1.049     1.061 11 57306.78468044 38.650
 269  12.740978  -5.976010     1.017     0.983 11 57316.70032643 41.174
 270  12.738309  -5.977195     1.165     1.136 13 57326.61596948 31.147
 271  12.738781  -5.976940     1.597     1.657 12 57336.53161119 35.034
 272  12.738472  -5.978075     1.861     1.824 12 57346.44725886 45.420
 273  12.738913  -5.977229     2.036     1.954 13 57356.36290685 44.921
 274  12.739023  -5.978260     1.976     1.913 12 57366.27855070 48.022
 275  12.739953  -5.977569     2.269     2.265 13 57376.19419140 49.039
 276  12.742212  -5.976111     2.401     2.371 12 57386.10983021 50.935
 277  12.745160  -5.976216     2.360     2.367 11 57396.02546800 55.330
 278  12.751334  -5.969931     2.405     2.466  7 57405.94110634 38.659
 279  12.750062  -5.970807     1.715     1.768  7 57415.85675552 28.993
 280  12.746161  -5.973713     1.637     1.707 10 57425.77240578 37.789
 281  12.741605  -5.976711     1.375     1.389 11 57435.68805327 34.749
 282  12.739281  -5.977426     1.142     1.086 12 57445.60369987 33.018
 283  12.739176  -5.977338     1.603     1.581 12 57455.51934611 49.884
 284  12.741205  -5.976673     1.694     1.707 11 57465.43499051 41.846
 285  12.744539  -5.976438     1.767     1.746 11 57475.35063103 48.946
 286  12.747792  -5.973923     1.806     1.858  9 57485.26626832 50.743
 287  12.750571  -5.970391     1.778     1.811  7 57495.18190276 48.445
 288  12.753011  -5.970475     1.658     1.650  7 57505.09753509 49.842
 289  12.747446  -5.974277     1.607     1.677 10 57515.01318961 47.651
 290  12.744801  -5.976444     1.440     1.373 11 57524.92884242 45.460
 291  12.743692  -5.976515     1.501     1.516 11 57534.84449351 37.683
 292  12.742498  -5.975791     1.595     1.633 11 57544.76014194 39.765
 293  12.740362  -5.978190     1.326     1.260 12 57554.67578770 36.278
 294  12.740830  -5.976273     1.437     1.457 11 57564.59143332 47.657
 295  12.741145  -5.977132     1.185     1.200 13 57574.50707786 48.475
 296  12.742215  -5.976579     1.568     1.564 11 57584.42272223 47.058
 297  12.743068  -5.976530     1.620     1.492 12 57594.33836442 46.115
