-204808.461    64.612     0.00   10.91
-204519.233    67.381     9.57   10.92
-204230.007    70.718    11.54   12.42
-203940.782    73.690    10.28   11.98
-203651.559    77.196    12.12   11.69
-203362.337    80.484    11.37   11.06
-203073.117    81.698     4.20   10.78
-202783.898    83.545     6.39   11.33
-202494.681    86.164     9.06   11.09
-202205.465    87.184     3.53   11.70
-201916.251    89.608     8.38   11.73
-201627.039    91.114     5.21   13.25
-201337.827    93.518     8.31   13.22
-201048.618    95.989     8.54   12.94
-200759.410    97.613     5.62   12.81
-200470.203   100.280     9.22   11.58
-200180.998   101.384     3.82   11.93
-199891.795   104.087     9.35   10.48
-199602.593   104.969     3.05   10.78
-199313.392   106.539     5.43   11.21
-199024.193   108.515     6.83   11.43
-198734.996   107.950    -1.95   11.62
-198445.800   106.584    -4.72   11.99
-198156.606   105.344    -4.29   10.74
-197867.413   103.815    -5.29    8.87
-197578.221   100.539   -11.33    8.58
-197289.031    96.701   -13.27    9.11
-196999.843    91.797   -16.96   10.01
-196710.656    86.721   -17.56   11.50
-196421.470    81.522   -17.98   12.05
-196132.286    74.177   -25.40   12.04
-195843.104    69.470   -16.28   11.36
-195553.923    64.418   -17.47   11.48
-195264.744    60.484   -13.60   11.21
-194975.566    57.004   -12.03   10.58
-194686.389    53.418   -12.40   10.00
-194397.214    51.008    -8.33    8.73
-194108.041    49.591    -4.90    7.31
-193818.869    48.770    -2.84    6.64
-193529.698    48.426    -1.19    6.87
-193240.529    48.751     1.12    7.12
-192951.362    48.062    -2.38    6.69
-192662.195    48.315     0.88    6.86
-192373.031    48.342     0.09    6.55
-192083.868    47.401    -3.25    6.51
-191794.706    46.578    -2.84    6.64
-191505.546    45.522    -3.65    6.99
-191216.387    43.968    -5.37    6.69
-190927.230    42.585    -4.78    6.17
-190638.074    41.768    -2.83    5.60
-190348.920    40.460    -4.52    4.28
-190059.767    39.884    -1.99    3.61
-189770.616    40.342     1.58    4.47
-189481.466    42.184     6.37    7.13
-189192.318    43.768     5.48    8.52
-188903.171    45.815     7.08    9.35
-188614.025    47.168     4.68    9.37
-188324.881    49.018     6.40    9.48
-188035.739    49.410     1.36    9.03
-187746.598    49.375    -0.12    8.57
-187457.458    48.677    -2.42    8.02
-187168.320    48.284    -1.36    7.61
-186879.183    47.584    -2.42    7.84
-186590.048    47.681     0.33    8.57
-186300.914    48.315     2.19    9.66
-186011.782    48.526     0.73   10.81
-185722.651    48.475    -0.18   11.07
-185433.521    47.751    -2.50   11.37
-185144.393    45.688    -7.14   11.42
-184855.267    44.073    -5.58   10.44
-184566.142    43.472    -2.08    9.29
-184277.018    43.268    -0.71    7.69
-183987.896    41.849    -4.91    6.20
-183698.589    41.418    -1.49    5.32
-183409.156    41.901     1.67    5.64
-183119.725    41.832    -0.24    5.58
-182830.295    41.211    -2.14    6.10
-182540.867    40.573    -2.20    6.47
-182251.440    40.311    -0.91    7.19
-181962.014    40.194    -0.40    7.45
-181672.590    40.528     1.15    7.69
-181383.168    42.347     6.29    7.46
-181093.746    44.418     7.15    6.44
-180804.327    46.191     6.13    4.32
-180514.908    46.070    -0.42    4.60
-180225.491    45.579    -1.70    4.72
-179936.076    44.603    -3.37    5.29
-179646.662    42.901    -5.88    5.69
-179357.249    41.918    -3.40    5.77
-179067.838    41.534    -1.33    5.87
-178778.428    41.401    -0.46    5.75
-178489.020    41.972     1.97    5.51
-178199.613    42.951     3.38    4.62
-177910.207    43.778     2.86    3.91
-177620.803    44.268     1.69    3.65
-177331.401    44.342     0.26    3.79
-177041.999    43.728    -2.12    3.70
-176752.600    43.121    -2.10    3.62
-176463.201    43.094    -0.09    3.64
-176173.804    42.768    -1.13    3.40
-175884.408    43.218     1.55    3.42
-175595.014    43.951     2.53    3.79
-175305.621    44.801     2.94    3.92
-175016.230    44.796    -0.02    4.45
-174726.840    43.647    -3.97    6.78
-174437.452    40.953    -9.31    8.84
-174148.064    40.206    -2.58    9.04
-173858.679    39.545    -2.28    9.01
-173569.294    39.246    -1.03    9.04
-173279.911    39.056    -0.66    8.59
-172990.530    40.866     6.25    7.72
-172701.150    42.501     5.65    5.69
-172411.771    43.816     4.55    4.07
-172122.393    43.034    -2.70    4.09
-171833.017    42.056    -3.38    4.29
-171543.643    41.445    -2.11    4.24
-171254.270    40.884    -1.94    4.04
-170964.898    40.634    -0.86    4.02
-170675.527    40.589    -0.15    4.30
-170386.158    40.651     0.21    4.11
-170096.791    41.280     2.17    3.91
-169807.424    41.177    -0.36    3.58
-169518.060    40.573    -2.09    4.37
-169228.696    39.376    -4.14    5.90
-168939.334    39.108    -0.93    7.15
-168649.973    39.056    -0.18    8.06
-168360.614    38.884    -0.60    8.27
-168071.256    39.121     0.82    8.46
-167781.899    39.884     2.64    8.64
-167492.544    41.522     5.66    6.71
-167203.190    41.001    -1.80    5.99
-166913.838    39.383    -5.59    6.09
-166624.487    38.194    -4.11    5.92
-166335.137    36.851    -4.64    5.73
-166045.788    36.332    -1.79    5.20
-165756.441    36.304    -0.10    5.10
-165467.096    36.722     1.45    4.73
-165177.752    37.642     3.18    4.69
-164888.409    38.073     1.49    4.63
-164599.067    38.917     2.92    4.40
-164309.727    39.546     2.17    4.23
-164020.388    39.797     0.87    3.97
-163731.051    40.451     2.26    3.66
-163441.714    40.866     1.43    3.42
-163152.380    40.999     0.46    3.47
-162863.046    40.784    -0.74    3.39
-162573.714    41.036     0.87    3.46
-162284.383    41.177     0.48    3.78
-161995.054    40.847    -1.14    3.90
-161705.726    39.951    -3.10    4.22
-161416.399    39.211    -2.56    4.31
-161127.074    38.401    -2.80    4.33
-160837.750    37.751    -2.25    4.57
-160548.427    36.725    -3.54    5.00
-160259.106    36.070    -2.26    4.62
-159969.786    35.125    -3.27    5.25
-159680.468    34.501    -2.16    5.15
-159391.150    33.970    -1.84    5.14
-159101.834    32.601    -4.73    5.94
-158812.520    31.591    -3.49    6.28
-158523.207    30.761    -2.87    6.17
-158233.895    29.951    -2.80    6.06
-157944.584    30.168     0.75    6.11
-157655.275    29.852    -1.09    5.85
-157365.967    30.004     0.53    5.57
-157076.660    30.711     2.44    5.51
-156787.355    31.392     2.35    5.04
-156498.051    32.194     2.77    4.58
-156208.748    33.327     3.92    3.45
-155919.447    33.918     2.04    3.28
-155630.147    34.677     2.62    2.83
-155340.848    35.418     2.56    2.61
-155051.551    36.125     2.44    2.49
-154762.255    36.589     1.61    2.28
-154472.960    36.728     0.48    2.39
-154183.667    36.443    -0.99    2.51
-153894.375    35.722    -2.49    2.43
-153605.084    35.718    -0.02    2.44
-153315.795    35.606    -0.39    2.40
-153026.506    35.359    -0.85    2.51
-152737.220    35.189    -0.59    2.72
-152447.934    34.743    -1.54    2.74
-152158.650    33.091    -5.71    5.13
-151869.367    29.968   -10.80    7.15
-151580.085    27.784    -7.55    7.76
-151290.805    24.917    -9.91    7.49
-151001.526    21.550   -11.64    7.26
-150712.248    17.651   -13.48    7.25
-150422.972    15.234    -8.35    6.90
-150133.697    15.245     0.04    9.51
-149844.423    17.036     6.19   13.09
-149555.150    19.504     8.53   15.67
-149265.879    23.681    14.44   17.83
-148976.609    25.357     5.80   18.29
-148687.341    27.068     5.91   17.32
-148398.073    30.172    10.73   16.05
-148108.807    31.376     4.16   15.85
-147819.542    32.528     3.98   14.12
-147530.279    32.024    -1.74   13.48
-147241.017    30.901    -3.88   13.34
-146951.756    28.884    -6.97   11.85
-146662.496    29.368     1.67   11.06
-146373.238    28.223    -3.96    8.66
-146083.981    25.138   -10.66    7.00
-145794.725    22.073   -10.60    6.69
-145505.470    19.526    -8.81    6.98
-145216.217    17.121    -8.31    7.41
-144926.965    16.053    -3.69    8.22
-144637.715    16.918     2.99    9.12
-144348.465    16.763    -0.53    9.70
-144059.217    16.722    -0.14   10.04
-143769.970    17.184     1.60   10.25
-143480.725    17.596     1.42   10.45
-143191.480    17.984     1.34   10.11
-142902.237    17.539    -1.54    9.80
-142612.995    17.573     0.12    9.20
-142323.755    17.022    -1.91    8.41
-142034.515    16.177    -2.92    7.84
-141745.277    15.540    -2.20    7.43
-141456.041    15.728     0.65    7.31
-141166.805    16.315     2.03    6.97
-140877.571    16.347     0.11    7.10
-140588.338    17.121     2.68    7.28
-140299.106    19.659     8.77    7.82
-140009.876    21.986     8.04    7.98
-139720.646    24.969    10.31    7.36
-139431.418    26.217     4.31    7.69
-139142.192    28.366     7.43    7.28
-138852.966    30.681     8.00    6.09
-138563.742    32.468     6.18    4.48
-138274.519    33.659     4.12    2.71
-137985.297    34.008     1.21    1.82
-137696.077    33.751    -0.89    2.05
-137406.858    33.445    -1.06    2.24
-137117.639    33.114    -1.14    2.55
-136828.423    32.768    -1.20    2.80
-136539.207    32.728    -0.14    2.66
-136249.993    32.375    -1.22    2.75
-135960.780    32.287    -0.31    2.70
-135671.568    32.234    -0.18    2.47
-135382.357    32.301     0.23    2.44
-135093.148    32.434     0.46    2.30
-134803.940    32.172    -0.91    2.38
-134514.733    31.866    -1.06    2.26
-134225.527    31.784    -0.28    2.19
-133936.323    31.556    -0.79    2.16
-133647.120    31.460    -0.33    2.48
-133357.918    31.434    -0.09    2.68
-133068.717    31.480     0.16    2.58
-132779.517    31.211    -0.93    2.69
-132490.319    31.108    -0.36    2.45
-132201.122    30.634    -1.64    2.75
-131911.926    30.630    -0.02    2.70
-131622.731    30.234    -1.37    2.78
-131333.538    29.694    -1.87    2.98
-131044.345    29.252    -1.53    2.56
-130755.154    29.034    -0.75    2.57
-130465.964    28.901    -0.46    2.51
-130176.776    29.288     1.34    2.21
-129887.588    29.164    -0.43    2.13
-129598.402    29.091    -0.25    2.27
-129309.217    28.970    -0.42    2.40
-129020.033    28.539    -1.49    2.60
-128730.851    28.360    -0.62    2.63
-128441.669    28.280    -0.28    2.71
-128152.489    27.711    -1.97    3.01
-127863.310    27.608    -0.36    3.10
-127574.132    27.551    -0.20    3.17
-127284.956    27.484    -0.23    2.98
-126995.780    27.522     0.13    2.94
-126706.606    27.901     1.31    2.29
-126417.433    27.829    -0.25    2.41
-126128.261    27.453    -1.30    2.36
-125839.091    26.968    -1.68    2.47
-125549.921    26.613    -1.23    2.41
-125260.753    26.770     0.54    2.58
-124971.586    26.365    -1.40    2.44
-124682.420    26.211    -0.53    2.25
-124393.255    26.263     0.18    2.09
-124104.092    26.418     0.53    2.03
-123814.930    26.671     0.88    2.17
-123525.768    26.815     0.50    2.05
-123236.609    27.034     0.76    1.98
-122947.450    27.076     0.15    1.92
-122658.292    27.134     0.20    1.94
-122369.136    26.984    -0.52    2.13
-122079.980    26.647    -1.17    2.13
-121790.826    26.468    -0.62    1.99
-121501.594    26.504     0.13    2.00
-121212.190    26.359    -0.50    2.26
-120922.789    26.056    -1.05    2.31
-120633.388    25.784    -0.94    2.35
-120343.988    25.951     0.58    2.18
-120054.590    25.708    -0.84    2.26
-119765.193    25.223    -1.68    2.35
-119475.797    25.091    -0.46    2.35
-119186.402    25.051    -0.14    2.32
-118897.008    25.068     0.06    2.23
-118607.615    24.867    -0.69    2.08
-118318.224    25.039     0.59    2.12
-118028.834    25.147     0.37    2.00
-117739.445    25.753     2.10    2.20
-117450.057    26.234     1.66    2.34
-117160.670    26.294     0.21    2.33
-116871.284    26.053    -0.83    2.72
-116581.900    25.901    -0.53    2.74
-116292.517    25.118    -2.71    3.02
-116003.134    24.660    -1.58    3.00
-115713.753    24.425    -0.81    2.96
-115424.373    24.263    -0.56    3.41
-115134.995    24.384     0.42    3.75
-114845.617    24.332    -0.18    4.06
-114556.241    23.591    -2.56    4.43
-114266.865    23.835     0.85    4.47
-113977.491    23.435    -1.38    4.84
-113688.118    23.051    -1.33    4.84
-113398.746    22.972    -0.27    4.86
-113109.376    22.118    -2.95    5.29
-112820.006    22.159     0.14    5.42
-112530.638    22.613     1.57    5.56
-112241.270    22.172    -1.52    5.87
-111951.904    21.217    -3.30    6.12
-111662.539    21.073    -0.50    6.14
-111373.175    20.935    -0.48    5.97
-111083.812    20.101    -2.88    6.31
-110794.451    19.223    -3.03    6.66
-110505.090    18.918    -1.05    6.27
-110215.731    18.534    -1.33    5.93
-109926.372    18.041    -1.70    5.66
-109637.015    18.318     0.95    5.86
-109347.659    19.268     3.28    5.72
-109058.304    19.746     1.65    5.66
-108768.950    20.291     1.88    5.56
-108479.597    20.642     1.21    5.16
-108190.246    20.901     0.89    4.92
-107900.895    21.251     1.21    4.76
-107611.546    21.584     1.15    4.44
-107322.198    21.801     0.75    4.66
-107032.851    22.006     0.71    4.90
-106743.505    22.834     2.86    5.16
-106454.160    22.918     0.29    5.43
-106164.816    23.518     2.07    5.53
-105875.473    23.698     0.62    5.25
-105586.132    24.550     2.95    4.59
-105296.791    25.142     2.05    4.01
-105007.452    24.633    -1.76    4.51
-104718.113    24.251    -1.32    4.34
-104428.776    23.647    -2.09    4.26
-104139.440    23.234    -1.43    4.23
-103850.105    22.625    -2.11    4.65
-103560.771    22.339    -0.99    4.50
-103271.438    22.618     0.96    4.08
-102982.107    22.918     1.04    3.95
-102692.776    22.240    -2.34    4.25
-102403.446    21.708    -1.84    4.18
-102114.118    21.263    -1.54    3.83
-101824.790    21.280     0.06    3.56
-101535.464    20.953    -1.13    3.72
-101246.139    20.589    -1.26    4.08
-100956.815    20.746     0.54    4.72
-100667.492    21.504     2.62    4.90
-100378.170    21.694     0.66    5.22
-100088.849    22.218     1.81    4.89
 -99799.529    21.751    -1.61    5.07
 -99510.211    21.160    -2.04    4.94
 -99220.893    20.551    -2.10    4.61
 -98931.576    20.169    -1.32    4.02
 -98642.261    19.953    -0.75    3.64
 -98352.946    20.118     0.57    3.46
 -98063.633    20.206     0.31    3.20
 -97774.321    19.589    -2.13    3.32
 -97485.010    18.562    -3.55    3.54
 -97195.700    17.573    -3.42    3.79
 -96906.390    16.832    -2.56    3.47
 -96617.082    16.718    -0.40    3.07
 -96327.776    16.589    -0.44    3.25
 -96038.470    17.142     1.91    3.45
 -95749.165    17.884     2.56    3.51
 -95459.861    19.059     4.06    3.40
 -95170.558    20.084     3.54    3.40
 -94881.257    20.801     2.48    3.14
 -94591.956    21.121     1.11    3.02
 -94302.657    20.818    -1.05    3.19
 -94013.358    20.584    -0.81    3.13
 -93724.061    20.053    -1.83    3.37
 -93434.764    20.332     0.96    3.42
 -93145.469    20.218    -0.40    3.15
 -92856.175    20.051    -0.58    3.13
 -92566.882    20.427     1.30    3.20
 -92277.589    20.257    -0.59    3.20
 -91988.298    20.228    -0.10    3.06
 -91699.008    20.051    -0.61    2.55
 -91409.719    20.034    -0.06    2.51
 -91120.431    20.460     1.47    2.43
 -90831.144    20.470     0.03    2.58
 -90541.858    20.322    -0.51    2.88
 -90252.573    20.803     1.66    3.08
 -89963.289    20.818     0.05    3.50
 -89674.007    20.983     0.57    3.63
 -89384.725    20.987     0.01    4.15
 -89095.444    20.865    -0.42    4.21
 -88806.164    20.718    -0.51    4.28
 -88516.886    20.591    -0.44    4.81
 -88227.608    20.684     0.32    4.84
 -87938.331    20.539    -0.50    4.66
 -87649.056    20.435    -0.36    4.46
 -87359.781    20.263    -0.60    4.23
 -87070.508    20.332     0.24    3.94
 -86781.235    20.671     1.17    2.97
 -86491.963    20.901     0.79    2.06
 -86202.693    20.818    -0.29    2.00
 -85913.423    20.687    -0.45    1.98
 -85624.155    20.681    -0.02    1.86
 -85334.888    20.691     0.04    1.75
 -85045.621    20.799     0.37    1.77
 -84756.356    20.918     0.41    1.73
 -84467.091    20.550    -1.27    1.62
 -84177.828    20.280    -0.93    1.87
 -83888.565    19.901    -1.31    1.79
 -83599.304    19.368    -1.84    1.88
 -83310.044    19.101    -0.92    1.96
 -83020.784    18.815    -0.99    1.84
 -82731.526    18.748    -0.23    2.16
 -82442.269    18.490    -0.89    2.03
 -82153.012    18.534     0.15    2.07
 -81863.757    18.573     0.13    2.05
 -81574.503    18.470    -0.36    1.95
 -81285.249    18.291    -0.62    1.90
 -80995.997    18.091    -0.69    1.82
 -80706.745    18.001    -0.31    1.89
 -80417.495    17.951    -0.17    2.00
 -80128.246    17.568    -1.33    2.47
 -79838.997    17.384    -0.63    2.87
 -79549.750    16.677    -2.45    3.52
 -79260.503    16.251    -1.47    3.79
 -78971.258    15.470    -2.70    3.89
 -78682.014    15.401    -0.24    4.20
 -78392.770    15.392    -0.03    4.21
 -78103.528    15.579     0.65    4.02
 -77814.286    15.556    -0.08    3.69
 -77525.046    15.812     0.88    3.60
 -77235.806    15.835     0.08    3.72
 -76946.567    15.833    -0.01    3.38
 -76657.330    15.901     0.23    3.29
 -76368.093    15.935     0.12    3.13
 -76078.858    16.059     0.43    2.71
 -75789.623    16.101     0.15    2.89
 -75500.389    16.228     0.44    3.28
 -75211.157    16.311     0.28    3.04
 -74921.925    16.177    -0.46    3.20
 -74632.694    16.401     0.77    3.48
 -74343.464    16.504     0.36    3.46
 -74054.236    16.384    -0.42    3.17
 -73765.008    16.671     0.99    2.88
 -73475.781    16.884     0.73    2.27
 -73186.555    17.142     0.89    2.52
 -72897.330    17.022    -0.42    2.30
 -72608.106    16.918    -0.36    2.49
 -72318.883    16.984     0.23    2.44
 -72029.661    16.918    -0.23    2.54
 -71740.439    17.034     0.40    2.40
 -71451.219    17.059     0.08    2.42
 -71162.000    17.056    -0.01    2.09
 -70872.782    16.534    -1.80    2.17
 -70583.564    16.104    -1.49    2.00
 -70294.348    15.718    -1.34    1.93
 -70005.133    15.204    -1.77    2.00
 -69715.918    14.539    -2.30    1.89
 -69426.705    13.989    -1.90    1.75
 -69137.492    13.494    -1.71    1.54
 -68848.280    13.351    -0.50    1.42
 -68559.070    13.142    -0.72    1.34
 -68269.860    13.184     0.15    1.33
 -67980.651    13.041    -0.49    1.43
 -67691.443    12.698    -1.19    1.46
 -67402.236    12.634    -0.22    1.49
 -67113.030    12.562    -0.25    1.52
 -66823.825    12.568     0.02    1.47
 -66534.621    12.532    -0.12    1.47
 -66245.418    12.681     0.51    1.42
 -65956.215    12.694     0.05    1.25
 -65667.014    12.816     0.42    1.24
 -65377.813    12.868     0.18    1.37
 -65088.614    12.620    -0.86    1.28
 -64799.415    12.568    -0.18    1.31
 -64510.218    12.568     0.00    1.15
 -64221.021    12.417    -0.52    1.18
 -63931.825    12.351    -0.23    1.24
 -63642.630    12.375     0.08    1.24
 -63353.436    12.642     0.92    1.48
 -63064.243    12.357    -0.99    1.62
 -62775.051    12.460     0.36    1.81
 -62485.860    12.511     0.18    1.93
 -62196.670    12.320    -0.66    2.01
 -61907.480    12.018    -1.05    1.94
 -61618.292    11.562    -1.58    1.82
 -61329.104    11.240    -1.11    1.68
 -61039.917    11.108    -0.46    1.65
 -60750.732    11.081    -0.09    1.73
 -60461.547    11.022    -0.21    1.64
 -60172.363    11.073     0.18    1.58
 -59883.180    10.884    -0.66    1.55
 -59593.998    10.935     0.18    1.53
 -59304.808    11.147     0.73    1.66
 -59015.434    11.522     1.30    2.18
 -58726.060    12.284     2.64    3.07
 -58436.687    12.901     2.13    3.67
 -58147.314    14.056     3.99    4.17
 -57857.943    14.639     2.01    4.29
 -57568.573    15.451     2.81    4.30
 -57279.203    15.234    -0.75    5.57
 -56989.835    14.410    -2.85    7.55
 -56700.467    12.504    -6.58    9.10
 -56411.100     9.731    -9.58    9.69
 -56121.734     6.698   -10.48    8.94
 -55832.369     3.851    -9.84    8.48
 -55543.005     1.142    -9.36    6.68
 -55253.642    -0.913    -7.10    4.22
 -54964.279    -2.117    -4.16    2.11
 -54674.918    -2.582    -1.61    1.24
 -54385.557    -2.722    -0.48    1.19
 -54096.198    -2.944    -0.77    0.99
 -53806.839    -2.866     0.27    0.93
 -53517.481    -2.742     0.43    1.24
 -53228.124    -2.489     0.87    1.67
 -52938.767    -2.167     1.11    1.75
 -52649.412    -1.599     1.96    3.21
 -52360.058     0.770     8.19    6.37
 -52070.704     2.743     6.82    7.47
 -51781.351     5.301     8.84    8.36
 -51491.999     8.228    10.12    8.98
 -51202.648    10.734     8.66    9.09
 -50913.298    13.048     8.00    8.16
 -50623.949    14.591     5.33    6.59
 -50334.601    16.211     5.60    4.35
 -50045.253    17.097     3.06    3.51
 -49755.906    17.498     1.38    3.03
 -49466.561    18.375     3.03    2.54
 -49177.216    18.801     1.47    2.27
 -48887.872    19.487     2.37    1.96
 -48598.528    20.129     2.22    1.82
 -48309.186    20.748     2.14    1.60
 -48019.844    21.470     2.49    1.63
 -47730.504    22.016     1.89    1.47
 -47441.164    22.308     1.01    1.42
 -47151.825    22.638     1.14    1.04
 -46862.487    22.728     0.31    1.11
 -46573.149    22.935     0.72    1.20
 -46283.813    23.130     0.67    1.30
 -45994.477    23.056    -0.26    1.46
 -45705.143    22.918    -0.48    1.67
 -45415.809    22.660    -0.89    1.99
 -45126.476    22.160    -1.73    2.14
 -44837.143    21.618    -1.87    2.12
 -44547.812    21.234    -1.32    2.04
 -44258.481    20.950    -0.98    1.69
 -43969.152    20.901    -0.17    1.77
 -43679.823    21.366     1.61    1.94
 -43390.495    21.768     1.39    2.05
 -43101.167    22.443     2.34    1.87
 -42811.841    22.884     1.52    1.66
 -42522.516    22.936     0.18    1.41
 -42233.191    23.194     0.89    1.30
 -41943.867    23.003    -0.66    1.35
 -41654.544    23.003     0.00    1.23
 -41365.222    22.851    -0.52    1.35
 -41075.900    22.780    -0.24    1.42
 -40786.580    22.850     0.24    1.42
 -40497.260    22.812    -0.13    1.43
 -40207.941    22.731    -0.28    1.37
 -39918.623    22.671    -0.21    1.36
 -39629.305    22.443    -0.79    1.44
 -39339.989    22.518     0.26    1.50
 -39050.673    22.322    -0.68    1.56
 -38761.358    22.274    -0.17    1.62
 -38472.044    22.053    -0.76    1.60
 -38182.731    22.003    -0.18    1.64
 -37893.418    21.933    -0.24    1.49
 -37604.107    21.813    -0.41    1.34
 -37314.796    21.851     0.13    1.35
 -37025.486    21.778    -0.25    1.35
 -36736.177    21.546    -0.80    1.39
 -36446.868    21.434    -0.39    1.40
 -36157.560    21.334    -0.35    1.51
 -35868.254    20.901    -1.50    1.69
 -35578.948    20.258    -2.22    1.99
 -35289.642    19.714    -1.88    2.04
 -35000.338    19.172    -1.87    2.10
 -34711.034    18.557    -2.13    2.02
 -34421.731    18.020    -1.86    2.02
 -34132.429    17.401    -2.14    1.53
 -33843.128    17.138    -0.91    1.74
 -33553.828    16.866    -0.94    1.60
 -33264.528    16.384    -1.67    1.74
 -32975.229    16.087    -1.03    1.77
 -32685.931    15.642    -1.54    2.03
 -32396.634    15.556    -0.30    1.92
 -32107.337    15.401    -0.54    1.74
 -31818.041    14.999    -1.39    1.86
 -31528.746    15.039     0.14    1.71
 -31239.452    14.969    -0.24    1.75
 -30950.159    15.263     1.02    1.50
 -30660.866    15.076    -0.65    1.56
 -30371.574    15.336     0.90    1.77
 -30082.283    15.601     0.91    1.76
 -29792.993    15.751     0.52    1.80
 -29503.703    16.187     1.51    1.82
 -29214.414    16.384     0.68    1.78
 -28925.126    16.701     1.10    1.84
 -28635.839    17.418     2.48    1.64
 -28346.553    17.655     0.82    1.62
 -28057.267    18.194     1.86    1.78
 -27767.982    18.453     0.89    1.78
 -27478.698    18.655     0.70    1.65
 -27189.415    18.765     0.38    1.63
 -26900.132    18.835     0.24    1.41
 -26610.850    18.746    -0.31    1.47
 -26321.569    18.850     0.36    1.56
 -26032.288    18.490    -1.24    1.39
 -25743.009    18.596     0.37    1.52
 -25453.730    18.443    -0.53    1.50
 -25164.452    18.418    -0.09    1.46
 -24875.175    18.507     0.31    1.38
 -24585.898    18.383    -0.43    1.46
 -24296.622    18.494     0.38    1.53
 -24007.347    18.556     0.21    1.38
 -23718.073    18.622     0.23    1.39
 -23428.799    18.573    -0.17    1.42
 -23139.526    18.603     0.10    1.45
 -22850.254    18.701     0.34    1.48
 -22560.983    18.704     0.01    1.52
 -22271.712    18.901     0.68    1.56
 -21982.442    18.901     0.00    1.43
 -21693.173    19.001     0.35    1.42
 -21403.905    19.073     0.25    1.51
 -21114.637    18.761    -1.08    1.60
 -20825.370    18.596    -0.57    1.70
 -20536.104    18.297    -1.03    1.70
 -20246.838    17.901    -1.37    1.61
 -19957.573    17.818    -0.29    1.57
 -19668.309    17.544    -0.95    1.49
 -19379.046    17.477    -0.23    1.58
 -19089.783    17.797     1.11    1.66
 -18800.522    17.966     0.58    1.64
 -18511.261    18.108     0.49    1.77
 -18222.000    18.280     0.60    1.73
 -17932.740    18.384     0.36    1.73
 -17643.481    18.568     0.64    1.58
 -17354.223    18.718     0.52    1.55
 -17064.966    18.952     0.81    1.58
 -16775.709    19.245     1.01    1.64
 -16486.453    19.515     0.93    1.64
 -16197.197    19.608     0.32    1.63
 -15907.943    19.484    -0.43    1.59
 -15618.689    19.392    -0.32    1.72
 -15329.436    19.518     0.43    1.68
 -15040.183    19.427    -0.31    1.57
 -14750.931    19.073    -1.22    1.53
 -14461.680    18.884    -0.66    1.67
 -14172.430    18.884     0.00    1.70
 -13883.180    19.262     1.31    1.79
 -13593.931    19.211    -0.17    1.79
 -13304.683    19.392     0.63    1.88
 -13015.435    19.704     1.08    1.96
 -12726.188    20.138     1.50    1.56
 -12436.942    20.353     0.74    1.61
 -12147.697    20.562     0.72    1.59
 -11858.452    20.833     0.94    1.59
 -11569.208    21.039     0.71    1.50
 -11279.964    21.073     0.12    1.42
 -10990.721    20.918    -0.54    1.60
 -10701.479    20.784    -0.46    1.62
 -10412.238    20.498    -0.99    1.64
 -10122.997    20.204    -1.01    1.52
  -9833.757    19.934    -0.93    1.38
  -9544.518    20.006     0.25    1.45
  -9255.280    19.868    -0.48    1.58
  -8966.042    19.918     0.17    1.49
  -8676.804    20.073     0.54    1.69
  -8387.568    20.342     0.93    1.70
  -8098.332    20.347     0.02    1.86
  -7809.097    20.534     0.65    1.82
  -7519.862    20.257    -0.96    1.83
  -7230.628    19.968    -1.00    2.10
  -6941.395    19.409    -1.93    2.26
  -6652.163    19.062    -1.20    2.33
  -6362.931    18.918    -0.50    2.26
  -6073.700    18.780    -0.48    2.26
  -5784.469    18.223    -1.93    2.57
  -5495.239    17.918    -1.06    2.75
  -5206.010    17.418    -1.73    2.74
  -4916.782    16.694    -2.50    3.27
  -4627.554    15.711    -3.40    3.73
  -4338.327    15.734     0.08    3.84
  -4049.100    15.986     0.87    4.03
  -3759.874    16.359     1.29    4.68
  -3470.649    16.160    -0.69    5.17
  -3181.425    15.497    -2.29    6.55
  -2892.201    15.218    -0.97    7.44
  -2602.978    13.318    -6.57    8.00
  -2313.755    11.465    -6.40    7.79
  -2024.533     8.722    -9.48    7.40
  -1735.312     6.435    -7.91    6.48
  -1446.091     4.528    -6.59    5.58
  -1156.871     2.815    -5.92    4.40
   -867.652     1.868    -3.27    3.71
   -578.433     1.142    -2.51    2.93
   -289.215     0.177    -3.34    0.93
      0.002     0.022    -0.54    0.65
    289.219    -0.099    -0.42    0.00
    578.435    -0.032     0.23    0.52
    867.651     0.504     1.86    1.84
   1156.865     0.918     1.43    2.15
   1446.080     1.240     1.12    2.24
   1735.293     1.263     0.08    2.20
   2024.506     1.251    -0.04    2.17
   2313.718     1.201    -0.17    2.15
   2602.930     1.168    -0.12    2.13
   2892.141     0.579    -2.03    1.43
   3181.456     1.022     1.53    2.73
   3470.803     1.677     2.26    3.27
   3760.150     2.718     3.60    3.91
   4049.495     4.098     4.77    4.56
   4338.841     5.746     5.70    4.94
   4628.185     7.418     5.78    4.58
   4917.529     7.918     1.73    3.98
   5206.872     8.168     0.86    3.51
   5496.215     7.443    -2.50    3.56
   5785.557     6.797    -2.23    3.49
   6074.898     5.935    -2.98    3.13
   6364.239     5.001    -3.23    2.84
   6653.579     4.618    -1.32    2.80
   6942.918     3.935    -2.36    2.73
   7232.257     3.782    -0.53    2.69
   7521.596     3.501    -0.97    2.96
   7810.933     3.041    -1.59    2.81
   8100.270     2.901    -0.49    2.64
   8389.607     2.625    -0.95    2.80
   8678.943     2.734     0.38    3.02
   8968.278     3.834     3.80    4.58
   9257.613     5.160     4.58    5.54
   9546.947     6.608     5.01    5.75
   9836.280     7.812     4.16    5.20
  10125.613     8.884     3.71    4.42
  10414.945     9.734     2.94    3.62
  10704.277    10.034     1.04    2.51
  10993.608     9.797    -0.82    2.26
  11282.939     9.972     0.60    2.24
  11572.268     9.984     0.04    2.11
  11861.598    10.349     1.26    1.65
  12150.926    10.618     0.93    1.46
  12440.254    10.630     0.04    1.46
  12729.582    10.280    -1.21    1.39
  13018.909     9.884    -1.37    1.49
  13308.235     9.539    -1.19    1.71
  13597.561     9.278    -0.90    1.74
  13886.886     8.780    -1.72    1.76
  14176.211     8.522    -0.89    1.79
  14465.535     8.539     0.06    1.72
  14754.858     8.884     1.19    1.91
  15044.181     9.143     0.90    1.59
  15333.503     9.443     1.04    1.50
  15622.825     9.799     1.23    1.41
  15912.146    10.111     1.08    1.68
  16201.467    10.384     0.94    1.77
  16490.787    10.834     1.56    1.74
  16780.106    10.918     0.29    1.78
  17069.425    11.212     1.02    1.86
  17358.743    11.651     1.52    1.77
  17648.061    12.073     1.46    1.86
  17937.378    12.437     1.26    1.63
  18226.694    12.568     0.45    1.50
  18516.010    12.834     0.92    1.52
  18805.326    13.091     0.89    1.48
  19094.641    13.020    -0.25    1.40
  19383.955    12.832    -0.65    1.30
  19673.269    12.801    -0.11    1.32
  19962.582    12.451    -1.21    1.47
  20251.895    12.451     0.00    1.51
  20541.207    12.351    -0.35    1.61
  20830.518    12.332    -0.07    1.76
  21119.829    12.375     0.15    1.78
  21409.140    12.435     0.21    1.69
  21698.450    12.327    -0.37    1.61
  21987.759    12.351     0.08    1.55
  22277.068    12.312    -0.14    1.55
  22566.376    12.206    -0.37    1.32
  22855.684    12.056    -0.52    1.23
  23144.991    12.184     0.44    1.28
  23434.298    12.284     0.35    1.39
  23723.604    12.284     0.00    1.40
  24012.909    11.901    -1.33    1.68
  24302.214    11.585    -1.09    1.88
  24591.519    11.134    -1.56    2.00
  24880.823    10.782    -1.22    1.92
  25170.126    10.498    -0.98    1.90
  25459.429    10.155    -1.18    1.69
  25748.731    10.258     0.36    1.57
  26038.033    10.234    -0.08    1.53
  26327.334    10.366     0.46    1.51
  26616.635    10.393     0.09    1.41
  26905.935    10.332    -0.21    1.52
  27195.235    10.177    -0.54    1.56
  27484.534    10.073    -0.36    1.57
  27773.833    10.004    -0.24    1.68
  28063.131     9.803    -0.70    1.63
  28352.428     9.746    -0.20    1.78
  28641.725     9.734    -0.04    1.75
  28931.022     9.829     0.33    1.77
  29220.318    10.053     0.77    1.86
  29509.613    10.320     0.92    1.83
  29798.909    10.568     0.85    1.88
  30088.203    10.737     0.59    2.04
  30377.497    11.059     1.11    2.34
  30666.790    11.418     1.24    2.61
  30956.083    12.223     2.78    3.38
  31245.376    13.584     4.71    3.84
  31534.668    14.701     3.86    3.95
  31823.959    15.987     4.45    4.28
  32113.250    17.562     5.44    3.57
  32402.541    17.550    -0.04    4.07
  32691.831    17.551     0.00    4.74
  32981.120    16.278    -4.40    6.29
  33270.409    14.108    -7.50    7.72
  33559.697    10.901   -11.09    8.33
  33848.985     8.487    -8.34    7.93
  34138.273     6.918    -5.43    7.49
  34427.560     5.748    -4.04    6.42
  34716.846     6.434     2.37    6.48
  35006.132     8.180     6.03    6.87
  35295.418    10.515     8.07    7.21
  35584.703    13.184     9.23    6.31
  35873.987    15.418     7.72    4.53
  36163.271    16.818     4.84    2.61
  36452.555    17.268     1.56    2.35
  36741.838    17.655     1.34    3.03
  37031.120    17.625    -0.10    3.68
  37320.402    16.329    -4.48    5.42
  37609.684    14.868    -5.05    6.53
  37898.965    13.003    -6.45    7.72
  38188.246    12.834    -0.58    7.63
  38477.526    11.901    -3.23    7.57
  38766.806    11.831    -0.24    7.54
  39056.085    12.257     1.47    7.31
  39345.364    13.625     4.73    6.74
  39634.642    14.475     2.94    5.67
  39923.920    14.677     0.70    4.37
  40213.197    13.694    -3.40    4.36
  40502.474    13.815     0.42    4.78
  40791.750    13.418    -1.37    4.37
  41081.026    14.458     3.60    4.85
  41370.302    16.160     5.88    5.27
  41659.577    18.297     7.39    5.40
  41948.851    19.625     4.59    5.20
  42238.125    20.401     2.68    5.45
  42527.399    21.001     2.07    4.87
  42816.672    21.647     2.23    4.67
  43105.945    22.818     4.05    5.08
  43395.217    23.883     3.68    5.82
  43684.489    25.453     5.43    7.26
  43973.760    27.084     5.64    7.63
  44263.031    28.748     5.75    7.17
  44552.302    28.601    -0.51    7.74
  44841.572    27.883    -2.48    8.21
  45130.841    26.108    -6.14    7.89
  45420.110    24.073    -7.03    6.98
  45709.379    22.664    -4.87    5.57
  45998.647    21.751    -3.16    4.34
  46287.915    22.177     1.47    4.13
  46577.183    24.223     7.07    5.16
  46866.449    26.339     7.32    6.63
  47155.716    27.511     4.05    7.13
  47444.982    28.803     4.46    6.91
  47734.248    30.935     7.37    7.45
  48023.513    32.734     6.22    7.34
  48312.777    32.504    -0.79    6.87
  48602.042    31.681    -2.85    6.68
  48891.306    30.121    -5.39    7.11
  49180.569    29.596    -1.82    7.16
  49469.832    27.573    -6.99    6.70
  49759.095    26.427    -3.96    5.85
  50048.357    25.651    -2.68    4.58
  50337.618    24.918    -2.53    3.51
  50626.880    24.740    -0.62    3.07
  50916.141    25.268     1.83    3.55
  51205.401    26.101     2.88    4.07
  51494.661    26.487     1.34    4.31
  51783.921    26.508     0.07    4.63
  52073.180    27.051     1.88    4.80
  52362.439    28.511     5.05    5.90
  52651.697    29.803     4.46    6.99
  52940.955    30.816     3.50    8.02
  53230.213    30.901     0.29    8.14
  53519.470    31.579     2.34    8.42
  53808.727    32.004     1.47    8.18
  54097.983    33.068     3.68    7.79
  54387.239    32.986    -0.28    7.31
  54676.494    33.935     3.28    7.03
  54965.749    34.866     3.22    6.79
  55255.004    36.539     5.78    6.60
  55544.258    37.983     4.99    7.45
  55833.512    38.539     1.92    7.41
  56122.766    37.613    -3.20    7.31
  56412.019    36.263    -4.67    7.55
  56701.272    35.234    -3.56    7.83
  56990.524    34.240    -3.44    7.84
  57279.776    33.068    -4.05    8.01
  57569.027    31.130    -6.70    6.52
  57858.279    30.312    -2.83    5.55
  58147.529    29.573    -2.55    5.53
  58436.780    28.268    -4.51    5.31
  58726.030    27.091    -4.07    4.82
  59015.279    26.393    -2.41    4.63
  59304.528    25.435    -3.31    3.88
  59593.777    24.815    -2.15    2.58
  59883.026    24.550    -0.92    2.04
  60172.274    24.731     0.63    2.48
  60461.521    25.584     2.95    3.11
  60750.769    26.694     3.84    3.94
  61040.015    28.801     7.28    5.41
  61329.262    30.294     5.16    6.00
  61618.508    32.172     6.49    5.95
  61907.754    32.081    -0.31    6.09
  62196.999    31.562    -1.80    6.38
  62486.244    30.393    -4.04    6.33
  62775.489    29.562    -2.87    6.18
  63064.733    27.172    -8.26    5.53
  63353.977    25.263    -6.60    3.91
  63643.221    25.218    -0.16    3.10
  63932.464    25.417     0.69    3.33
  64221.707    25.357    -0.21    3.32
  64510.949    25.951     2.05    3.18
  64800.191    26.258     1.06    2.81
  65089.433    26.688     1.49    2.58
  65378.712    26.986     1.03    2.43
  65668.031    26.918    -0.23    2.65
  65957.348    27.746     2.86    3.78
  66246.666    29.677     6.67    5.64
  66535.983    31.151     5.10    6.49
  66825.299    33.556     8.31    6.77
  67114.616    33.951     1.36    6.99
  67403.932    33.734    -0.75    6.89
  67693.248    32.740    -3.44    6.80
  67982.563    31.460    -4.42    6.41
  68271.878    30.349    -3.84    4.68
  68561.192    30.368     0.06    4.50
  68850.507    32.315     6.73    6.22
  69139.821    34.138     6.30    6.95
  69429.134    35.918     6.15    6.82
  69718.447    37.669     6.05    6.99
  70007.760    37.477    -0.66    7.30
  70297.073    36.952    -1.82    7.65
  70586.385    35.048    -6.58    8.15
  70875.697    33.504    -5.34    7.27
  71165.009    31.990    -5.23    6.49
  71454.320    32.884     3.09    6.68
  71743.631    33.799     3.16    7.76
  72032.941    35.134     4.61    8.22
  72322.252    36.401     4.38    8.76
  72611.561    38.884     8.58    8.86
  72900.871    39.832     3.28    9.04
  73190.180    40.711     3.04    8.89
  73479.489    41.229     1.79    9.14
  73768.798    42.332     3.81    8.61
  74058.106    43.108     2.68    7.82
  74347.414    40.097   -10.41    8.99
  74636.722    38.240    -6.42    8.87
  74926.029    38.111    -0.45    8.44
  75215.336    38.004    -0.37    8.25
  75504.643    37.494    -1.76    8.22
  75793.949    37.462    -0.11    7.61
  76083.255    37.315    -0.51    7.27
  76372.561    36.291    -3.54    7.97
  76661.867    35.101    -4.11    8.13
  76951.172    32.917    -7.55    7.22
  77240.477    32.419    -1.72    6.88
  77529.781    32.528     0.38    7.01
  77819.085    33.987     5.04    7.51
  78108.389    34.442     1.57    7.62
  78397.693    34.318    -0.43    7.88
  78686.996    34.228    -0.31    7.77
  78976.299    33.223    -3.48    8.55
  79265.602    33.287     0.22    8.48
  79554.904    32.147    -3.94    7.73
  79844.206    30.701    -5.00    6.80
  80133.508    31.234     1.84    6.39
  80422.810    31.308     0.25    6.18
  80712.111    29.687    -5.60    6.16
  81001.412    27.172    -8.69    5.64
  81290.713    25.349    -6.30    5.41
  81580.013    23.151    -7.60    5.71
  81869.313    21.768    -4.78    5.50
  82158.613    19.725    -7.06    4.50
  82447.913    17.935    -6.19    4.32
  82737.212    16.091    -6.38    4.72
  83026.511    15.201    -3.08    4.40
  83315.809    14.409    -2.74    4.01
  83605.108    13.528    -3.05    3.46
  83894.406    12.573    -3.30    2.98
  84183.704    11.427    -3.96    3.05
  84473.001    10.081    -4.65    3.44
  84762.299     9.101    -3.39    3.43
  85051.596     8.353    -2.59    3.31
  85340.892     7.487    -2.99    3.08
  85630.189     8.297     2.80    5.22
  85919.485     9.518     4.22    6.13
  86208.781    11.746     7.70    7.32
  86498.077    13.884     7.39    7.81
  86787.372    15.763     6.49    7.46
  87076.667    17.056     4.47    7.28
  87365.962    17.091     0.12    7.18
  87655.257    15.694    -4.83    6.89
  87944.551    14.147    -5.35    7.10
  88233.845    12.194    -6.75    6.69
  88523.139    10.018    -7.52    6.36
  88812.432     8.829    -4.11    5.95
  89101.726     7.511    -4.56    4.57
  89391.019     6.721    -2.73    3.07
  89680.312     6.562    -0.55    2.86
  89969.604     7.342     2.70    3.13
  90258.897     8.252     3.15    3.77
  90548.189     9.211     3.32    4.36
  90837.480     9.664     1.56    4.41
  91126.772    10.351     2.38    4.85
  91416.063    11.707     4.69    6.34
  91705.354    12.815     3.83    6.65
  91994.645    13.968     3.99    7.14
  92283.936    15.006     3.59    6.45
  92573.226    14.551    -1.57    6.40
  92862.516    14.681     0.45    6.10
  93151.806    13.487    -4.13    6.08
  93441.096    12.138    -4.66    5.15
  93730.385    11.953    -0.64    4.16
  94019.674    11.918    -0.12    3.89
  94308.963    12.518     2.07    4.03
  94598.252    12.501    -0.06    4.09
  94887.540    12.484    -0.06    4.44
  95176.829    12.287    -0.68    4.73
  95466.117    11.184    -3.81    4.36
  95755.404    10.315    -3.01    4.02
  96044.692    10.218    -0.34    3.38
  96333.979    10.714     1.72    3.41
  96623.266    11.758     3.61    3.26
  96912.553    12.573     2.82    3.27
  97201.840    13.365     2.74    2.52
  97491.126    13.819     1.57    2.51
  97780.413    14.325     1.75    2.81
  98069.699    14.301    -0.08    3.66
  98358.985    14.125    -0.61    4.37
  98648.270    13.497    -2.17    4.68
  98937.555    12.918    -2.00    4.70
  99226.841    12.443    -1.64    5.01
  99516.126    11.949    -1.71    5.69
  99805.410    11.953     0.01    5.70
 100094.695    12.056     0.36    5.87
 100383.979    12.711     2.26    6.10
 100673.263    14.004     4.47    7.03
 100962.547    14.639     2.19    6.94
 101251.831    15.642     3.47    6.89
 101541.114    16.677     3.58    7.14
 101830.398    17.660     3.40    6.79
 102119.681    18.613     3.30    6.53
 102408.964    17.434    -4.07    6.18
 102698.247    16.522    -3.15    5.90
 102987.529    16.001    -1.80    5.69
 103276.811    15.740    -0.90    5.03
 103566.094    14.935    -2.78    4.25
 103855.375    13.668    -4.38    3.14
 104144.657    13.189    -1.65    2.08
 104433.939    13.451     0.91    1.98
 104723.220    13.794     1.19    2.22
 105012.501    14.022     0.79    2.47
 105301.782    13.366    -2.26    3.83
 105591.063    12.734    -2.19    4.37
 105880.344    12.184    -1.90    4.56
 106169.624    10.970    -4.20    4.93
 106458.905     9.986    -3.40    4.71
 106748.185     9.954    -0.11    4.85
 107037.465    10.384     1.49    5.04
 107326.744    11.368     3.40    4.86
 107616.024    12.608     4.29    3.41
 107905.303    13.568     3.32    2.60
 108194.583    13.968     1.38    2.06
 108483.862    14.308     1.18    1.73
 108773.140    14.401     0.32    1.65
 109062.419    14.545     0.50    2.13
 109351.698    14.868     1.12    2.20
 109640.976    15.076     0.72    2.36
 109930.254    15.534     1.58    1.97
 110219.532    16.039     1.74    1.68
 110508.810    16.180     0.49    1.76
 110798.088    16.301     0.42    1.67
 111087.366    16.108    -0.67    1.50
 111376.643    16.177     0.24    1.52
 111665.920    16.026    -0.52    1.58
 111955.197    15.819    -0.72    1.58
 112244.474    15.714    -0.36    1.56
 112533.751    15.268    -1.54    2.03
 112823.028    14.711    -1.92    2.31
 113112.304    14.419    -1.01    2.68
 113401.581    13.901    -1.79    2.94
 113690.857    13.504    -1.37    3.15
 113980.133    12.901    -2.09    3.09
 114269.409    12.053    -2.93    2.69
 114558.684    11.556    -1.72    2.71
 114847.960    11.280    -0.95    2.29
 115137.235    11.263    -0.06    1.98
 115426.511    11.196    -0.23    1.94
 115715.786    11.211     0.05    2.23
 116005.061    11.579     1.27    2.80
 116294.336    12.228     2.25    3.35
 116583.611    13.204     3.37    4.12
 116872.885    14.498     4.47    4.24
 117162.160    16.051     5.37    4.68
 117451.434    18.168     7.32    5.09
 117740.708    20.304     7.39    5.73
 118029.983    22.125     6.29    5.88
 118319.257    24.274     7.43    6.79
 118608.530    25.816     5.33    6.49
 118897.804    26.784     3.35    6.26
 119187.078    26.211    -1.98    6.28
 119476.351    24.763    -5.01    6.76
 119765.625    24.056    -2.44    6.92
 120054.898    24.651     2.06    7.67
 120344.171    26.070     4.91    8.85
 120633.444    28.091     6.98    9.07
 120922.717    29.731     5.67    9.08
 121211.990    32.062     8.06    8.82
 121501.262    33.240     4.07    8.55
 121790.535    31.551    -5.84    9.36
 122079.807    29.748    -6.23    9.52
 122369.079    27.051    -9.32    9.74
 122658.352    24.883    -7.49    9.34
 122947.624    23.308    -5.45    8.15
 123236.896    22.573    -2.54    7.05
 123526.168    23.375     2.77    7.97
 123815.439    25.442     7.14    8.94
 124104.711    27.339     6.56    9.58
 124393.983    28.834     5.17    9.73
 124683.254    28.776    -0.20    9.15
 124972.525    28.223    -1.91    8.80
 125261.797    26.334    -6.53    7.23
 125551.068    25.818    -1.79    6.14
 125840.339    24.660    -4.00    4.39
 126129.610    24.006    -2.26    3.22
 126418.881    23.714    -1.01    2.48
 126708.152    24.426     2.46    3.30
 126997.422    25.409     3.40    4.07
 127286.693    26.528     3.87    4.58
 127575.968    28.187     5.73    5.52
 127865.258    29.748     5.40    6.20
 128154.549    32.366     9.05    8.06
 128443.839    34.524     7.46    8.46
 128733.129    35.970     5.00    8.69
 129022.419    36.970     3.46    9.29
 129311.710    38.142     4.05    9.54
 129601.000    40.349     7.63    9.80
 129890.289    42.601     7.78   10.37
 130179.579    42.884     0.98   10.07
 130468.869    42.647    -0.82    9.51
 130758.159    43.556     3.14    8.94
 131047.448    44.462     3.13    8.16
 131336.738    43.180    -4.43    8.22
 131626.027    41.568    -5.57    7.63
 131915.317    39.491    -7.18    6.02
 132204.606    37.778    -5.92    4.52
 132493.895    36.504    -4.40    4.53
 132783.185    35.596    -3.14    4.25
 133072.474    35.901     1.05    5.73
 133361.763    36.458     1.93    6.39
 133651.052    35.746    -2.46    6.56
 133940.341    35.332    -1.43    6.86
 134229.630    36.615     4.44    6.83
 134518.918    38.351     6.00    6.68
 134808.207    38.835     1.67    7.00
 135097.496    39.315     1.66    6.71
 135386.785    41.325     6.95    7.14
 135676.073    43.437     7.30    6.80
 135965.362    45.177     6.02    6.75
 136254.650    45.668     1.70    6.57
 136543.939    46.087     1.45    6.21
 136833.227    46.294     0.72    6.16
 137122.515    45.972    -1.11    6.80
 137411.804    44.986    -3.41    7.25
 137701.092    43.746    -4.29    7.13
 137990.380    43.114    -2.18    6.97
 138279.669    42.051    -3.67    6.68
 138568.957    41.435    -2.13    6.50
 138858.245    42.460     3.54    7.51
 139147.533    45.204     9.49    7.09
 139436.821    45.835     2.18    6.98
 139726.109    46.684     2.93    7.10
 140015.397    47.257     1.98    6.47
 140304.685    47.039    -0.75    6.84
 140593.973    46.437    -2.08    6.76
 140883.261    45.223    -4.20    7.08
 141172.548    43.849    -4.75    7.10
 141461.836    42.884    -3.34    6.71
 141751.124    42.651    -0.81    6.72
 142040.412    43.972     4.57    6.68
 142329.700    44.121     0.51    6.79
 142618.987    44.849     2.52    6.33
 142908.275    45.084     0.81    5.82
 143197.563    44.573    -1.77    6.57
 143486.850    43.268    -4.51    6.93
 143776.138    41.522    -6.04    6.94
 144065.426    40.006    -5.24    6.13
 144354.713    39.034    -3.36    5.87
 144644.001    37.851    -4.09    5.68
 144933.288    36.491    -4.70    5.95
 145222.576    34.041    -8.47    7.68
 145511.864    30.797   -11.21    8.82
 145801.151    27.684   -10.76    8.46
 146090.439    24.470   -11.11    7.54
 146379.726    22.051    -8.36    6.13
 146669.014    20.297    -6.06    4.50
 146958.301    19.711    -2.03    3.56
 147247.589    19.849     0.48    3.37
 147536.876    19.728    -0.42    2.88
 147826.164    20.147     1.45    2.35
 148115.451    20.315     0.58    2.18
 148404.739    20.494     0.62    1.86
 148694.026    20.544     0.17    1.79
 148983.314    20.748     0.71    2.13
 149272.602    21.336     2.03    2.83
 149561.889    22.087     2.60    4.33
 149851.177    23.392     4.51    6.02
 150140.464    24.339     3.27    6.68
 150429.752    24.935     2.06    7.04
 150719.039    27.240     7.97    7.63
 151008.327    28.951     5.91    7.54
 151297.615    30.191     4.29    7.26
 151586.902    30.312     0.42    7.15
 151876.190    29.834    -1.65    6.79
 152165.478    30.427     2.05    6.50
 152454.765    29.753    -2.33    6.54
 152744.053    27.477    -7.87    6.77
 153033.341    25.884    -5.51    6.37
 153322.629    23.664    -7.67    4.92
 153611.916    22.515    -3.97    4.10
 153901.204    21.951    -1.95    3.73
 154190.492    20.784    -4.03    2.18
 154479.780    20.301    -1.67    2.06
 154769.068    20.155    -0.50    1.89
 155058.356    19.831    -1.12    1.86
 155347.644    19.468    -1.26    2.09
 155636.932    19.280    -0.65    2.01
 155926.220    19.257    -0.08    1.89
 156215.508    19.168    -0.31    1.85
 156504.796    19.462     1.02    2.06
 156794.084    19.797     1.16    2.57
 157083.372    20.349     1.91    3.39
 157372.661    21.034     2.37    4.03
 157661.949    21.223     0.65    4.02
 157951.237    21.668     1.54    4.65
 158240.526    22.263     2.06    4.55
 158529.814    22.129    -0.46    4.40
 158819.103    21.951    -0.62    3.91
 159108.391    21.918    -0.12    3.29
 159397.680    22.869     3.29    4.06
 159686.968    24.041     4.05    4.70
 159976.257    25.280     4.28    5.05
 160265.546    26.545     4.37    5.80
 160554.834    28.435     6.53    6.41
 160844.123    29.540     3.82    6.75
 161133.412    30.091     1.90    6.57
 161422.701    30.280     0.66    6.60
 161711.990    31.194     3.16    6.67
 162001.279    32.121     3.21    6.50
 162290.568    31.701    -1.45    6.44
 162579.858    30.901    -2.77    6.50
 162869.147    30.134    -2.65    6.50
 163158.436    29.187    -3.28    6.26
 163447.726    28.435    -2.60    5.79
 163737.015    27.951    -1.67    5.34
 164026.305    27.251    -2.42    4.86
 164315.594    27.934     2.36    5.14
 164604.884    29.312     4.76    5.58
 164894.174    30.211     3.11    5.40
 165183.464    31.263     3.64    5.32
 165472.754    31.601     1.17    5.55
 165762.044    31.852     0.87    5.89
 166051.334    32.573     2.49    6.02
 166340.624    31.801    -2.67    6.46
 166629.914    31.778    -0.08    6.98
 166919.204    30.484    -4.47    7.36
 167208.495    29.579    -3.13    7.95
 167497.785    29.315    -0.91    8.21
 167787.076    27.003    -7.99    8.92
 168076.367    25.118    -6.52    8.76
 168365.657    23.401    -5.93    8.14
 168654.948    21.073    -8.05    7.00
 168944.239    20.084    -3.42    6.76
 169233.530    18.051    -7.03    5.63
 169522.821    16.427    -5.61    4.05
 169812.113    15.951    -1.65    4.09
 170101.404    14.866    -3.75    3.54
 170390.695    14.393    -1.64    3.79
 170679.987    13.368    -3.54    3.68
 170969.278    12.901    -1.61    4.41
 171258.570    12.435    -1.61    4.37
 171547.862    12.133    -1.05    4.37
 171837.154    12.434     1.04    4.22
 172126.446    12.698     0.91    3.96
 172415.738    13.284     2.03    3.64
 172705.030    13.073    -0.73    3.22
 172994.323    12.312    -2.63    2.75
 173283.615    11.118    -4.13    2.97
 173572.908     9.728    -4.80    2.88
 173862.200     8.518    -4.19    2.52
 174151.493     7.426    -3.77    1.86
 174440.786     6.556    -3.01    1.50
 174730.079     6.056    -1.73    1.63
 175019.372     5.349    -2.44    2.07
 175308.666     5.130    -0.76    2.24
 175597.959     4.642    -1.69    2.75
 175887.253     3.694    -3.28    3.41
 176176.546     3.728     0.12    3.74
 176465.840     4.041     1.08    4.29
 176755.134     2.998    -3.61    5.51
 177044.428     1.494    -5.20    6.09
 177333.722     1.601     0.37    6.88
 177623.017     2.585     3.40    7.62
 177912.311     3.160     1.99    7.72
 178201.606     3.684     1.81    7.40
 178490.900     4.308     2.16    6.61
 178780.195     5.718     4.87    4.72
 179069.490     5.490    -0.79    3.29
 179358.785     4.211    -4.42    1.55
 179648.080     4.006    -0.71    1.19
 179937.376     4.155     0.51    1.15
 180226.671     4.494     1.17    1.07
 180515.967     4.746     0.87    1.21
 180805.263     5.018     0.94    1.21
 181094.559     5.252     0.81    1.11
 181383.855     5.375     0.43    1.10
 181673.151     5.384     0.03    1.02
 181962.447     5.375    -0.03    1.02
 182251.744     5.484     0.38    1.14
 182541.041     5.620     0.47    1.16
 182830.338     5.969     1.20    1.22
 183119.635     6.211     0.84    1.22
 183408.932     6.494     0.98    1.23
 183698.229     7.018     1.81    1.29
 183987.527     7.427     1.42    1.31
 184276.824     7.968     1.87    1.56
 184566.122     8.608     2.21    1.57
 184855.420     8.949     1.18    1.45
 185144.718     9.334     1.33    1.17
 185434.016     9.206    -0.44    1.25
 185723.315     9.142    -0.22    1.25
 186012.613     8.936    -0.71    1.30
 186301.912     8.748    -0.65    1.20
 186591.211     8.477    -0.94    1.12
 186880.510     8.163    -1.09    1.14
 187169.809     8.020    -0.50    1.05
 187459.109     7.972    -0.16    1.02
 187748.409     7.884    -0.30    1.08
 188037.708     7.849    -0.12    1.08
 188327.008     7.751    -0.34    1.23
 188616.309     7.608    -0.49    1.28
 188905.609     7.453    -0.54    1.31
 189194.909     7.160    -1.01    1.32
 189484.210     6.763    -1.37    1.49
 189773.511     6.311    -1.56    1.35
 190062.776     5.918    -1.36    1.26
 190352.038     5.630    -1.00    1.16
 190641.301     5.349    -0.97    0.94
 190930.563     5.160    -0.66    0.87
 191219.826     4.820    -1.17    1.06
 191509.090     4.518    -1.05    1.18
 191798.353     4.384    -0.46    1.13
 192087.617     4.603     0.76    1.66
 192376.881     5.263     2.28    2.24
 192666.145     6.172     3.14    2.54
 192955.409     6.731     1.93    2.53
 193244.673     7.634     3.12    2.55
 193533.938     8.401     2.65    2.82
 193823.202     9.642     4.29    3.75
 194112.467    10.041     1.38    5.29
 194401.733     9.782    -0.90    6.17
 194690.998     9.551    -0.80    6.77
 194980.264     9.073    -1.65    7.45
 195269.529     9.901     2.86    7.84
 195558.795    10.597     2.41    7.98
 195848.062    11.053     1.58    7.49
 196137.328    12.534     5.12    6.79
 196426.595    14.268     5.99    6.56
 196715.862    16.688     8.37    6.49
 197005.129    18.419     5.98    4.93
 197294.396    19.053     2.19    5.11
 197583.664    20.608     5.37    5.90
 197872.931    21.688     3.73    6.35
 198162.199    23.196     5.21    5.63
 198451.467    23.470     0.95    5.37
 198740.736    24.018     1.89    4.59
 199030.004    23.597    -1.45    3.94
 199319.273    23.853     0.88    4.29
 199608.542    24.206     1.22    4.02
 199897.812    24.901     2.40    4.75
 200187.081    25.194     1.01    5.17
 200476.351    25.778     2.02    5.26
 200765.621    26.003     0.78    5.25
 201054.891    26.918     3.17    5.41
 201344.161    27.965     3.62    5.75
 201633.432    29.121     4.00    5.83
 201922.703    30.026     3.13    5.35
 202211.974    30.206     0.62    5.13
 202501.246    31.246     3.59    4.94
 202790.517    31.671     1.47    4.57
 203079.789    31.728     0.20    4.80
 203369.061    30.556    -4.05    5.35
 203658.334    29.522    -3.58    5.44
 203947.606    29.796     0.95    5.51
 204236.879    29.901     0.36    5.46
 204526.152    30.630     2.52    5.74
 204815.425    30.884     0.88    5.59
 205104.699    31.568     2.36    5.58
 205393.973    31.332    -0.81    5.62
 205683.247    30.868    -1.60    5.73
 205972.521    29.816    -3.64    5.43
 206261.796    28.668    -3.97    4.64
 206551.071    28.024    -2.23    4.70
 206840.346    27.332    -2.39    5.22
 207129.621    27.384     0.18    5.39
 207418.897    27.935     1.91    6.24
 207708.173    28.048     0.39    6.64
 207997.449    28.418     1.28    6.80
 208286.725    28.731     1.08    6.64
 208576.002    27.740    -3.43    5.48
 208865.279    26.850    -3.08    4.47
 209154.556    25.804    -3.62    3.36
 209443.834    25.765    -0.13    2.98
 209733.112    26.053     1.00    3.29
 210022.390    25.970    -0.29    2.98
 210311.668    26.263     1.01    2.73
 210600.946    26.584     1.11    3.25
 210890.225    27.070     1.68    3.77
 211179.504    28.320     4.32    4.06
 211468.784    29.258     3.24    4.30
 211758.064    30.318     3.66    4.52
 212047.343    31.761     4.99    5.51
 212336.624    32.311     1.90    5.52
 212625.904    33.376     3.68    5.59
 212915.185    33.539     0.56    5.41
 213204.466    33.867     1.13    5.16
 213493.748    33.687    -0.62    5.45
 213783.029    32.278    -4.87    5.67
 214072.311    31.084    -4.13    5.62
 214361.593    30.518    -1.96    5.90
 214650.876    29.731    -2.72    5.87
 214940.159    28.687    -3.61    6.04
 215229.442    27.349    -4.62    5.62
 215518.725    27.056    -1.01    5.53
 215808.009    26.984    -0.25    4.94
 216097.293    26.460    -1.81    4.80
 216386.577    26.147    -1.08    4.27
 216675.862    25.539    -2.10    3.99
 216965.147    25.194    -1.19    3.59
 217254.432    24.884    -1.07    3.24
 217543.718    24.375    -1.76    2.64
 217833.003    23.901    -1.64    2.36
 218122.290    23.746    -0.54    2.39
 218411.576    23.437    -1.07    2.17
 218700.863    23.434    -0.01    1.83
 218990.150    23.618     0.63    1.72
 219279.437    23.756     0.48    1.74
 219568.725    24.004     0.86    1.80
 219858.013    25.022     3.52    3.72
 220147.301    26.240     4.21    5.36
 220436.590    28.297     7.11    7.17
 220725.879    30.704     8.32    8.53
 221015.168    32.608     6.58    8.63
 221304.458    34.125     5.24    8.69
 221593.748    34.401     0.95    8.90
 221883.038    34.108    -1.01    8.61
 222172.328    34.301     0.67    8.24
 222461.619    34.556     0.88    7.35
 222750.910    34.584     0.10    6.96
 223040.202    33.312    -4.40    6.30
 223329.494    33.211    -0.35    5.58
 223618.786    33.147    -0.22    5.62
 223908.079    32.579    -1.96    6.25
 224197.371    31.234    -4.65    6.39
 224486.665    29.562    -5.78    6.27
 224775.958    27.970    -5.50    5.71
 225065.252    26.189    -6.16    3.73
 225354.546    25.351    -2.90    3.01
 225643.841    24.482    -3.01    2.53
 225933.136    24.677     0.67    3.13
 226222.431    25.668     3.42    4.20
 226511.726    27.252     5.48    5.46
 226801.022    29.168     6.62    6.28
 227090.319    31.138     6.81    6.16
 227379.615    31.866     2.52    5.70
 227668.912    31.596    -0.94    5.64
 227958.209    30.366    -4.25    6.26
 228247.507    28.884    -5.12    6.19
 228536.805    26.698    -7.56    4.67
 228826.103    26.034    -2.29    3.81
 229115.402    26.443     1.41    4.37
 229404.701    27.252     2.79    5.10
 229694.001    28.291     3.59    6.35
 229983.300    28.160    -0.45    6.99
 230272.601    27.034    -3.89    7.84
 230561.901    25.528    -5.21    7.38
 230851.202    23.971    -5.38    6.46
 231140.503    21.815    -7.45    4.34
 231429.805    20.151    -5.75    4.40
 231719.107    19.601    -1.90    3.84
 232008.409    19.562    -0.13    3.79
 232297.712    19.568     0.02    3.88
 232587.015    20.091     1.81    3.44
 232876.318    21.076     3.41    2.61
 233165.622    21.801     2.50    2.63
 233454.926    22.426     2.16    2.56
 233744.231    22.917     1.70    2.55
 234033.536    23.164     0.85    2.50
 234322.841    23.401     0.82    3.11
 234612.147    23.677     0.95    3.15
 234901.453    24.073     1.37    3.24
 235190.759    24.048    -0.09    3.71
 235480.066    24.160     0.38    4.02
 235769.373    24.987     2.86    4.40
 236058.681    25.453     1.61    4.51
 236347.989    26.384     3.22    5.19
 236637.297    26.984     2.08    5.76
 236926.606    27.591     2.10    6.18
 237215.915    28.284     2.40    6.11
 237505.225    28.383     0.34    5.70
 237794.535    28.625     0.84    5.59
 238083.845    28.818     0.67    5.22
 238373.156    28.104    -2.47    4.77
 238662.467    27.786    -1.10    4.36
 238951.778    27.651    -0.47    3.87
 239241.090    28.556     3.13    4.13
 239530.402    30.091     5.30    4.57
 239819.715    30.134     0.15    4.67
 240109.028    30.884     2.59    5.49
 240398.342    31.297     1.43    5.69
 240687.656    32.301     3.47    5.92
 240976.970    32.269    -0.11    6.14
 241266.285    32.668     1.38    6.17
 241555.600    33.684     3.51    6.17
 241844.915    35.020     4.62    6.05
 242134.231    35.784     2.64    6.08
 242423.548    36.984     4.15    6.27
 242712.865    37.731     2.58    6.94
 243002.182    37.746     0.05    6.56
 243291.499    37.884     0.48    6.64
 243580.817    36.934    -3.28    6.63
 243870.136    36.008    -3.20    7.03
 244159.455    34.189    -6.29    6.94
 244448.774    31.797    -8.27    7.11
 244738.094    30.351    -5.00    6.43
 245027.414    28.834    -5.24    6.34
 245316.735    27.194    -5.67    4.90
 245606.056    26.039    -3.99    4.29
 245895.377    25.401    -2.20    3.62
 246184.699    25.589     0.65    3.57
 246474.021    26.168     2.00    4.17
 246763.344    26.301     0.46    4.23
 247052.667    26.384     0.29    4.21
 247341.991    25.740    -2.22    4.06
 247631.315    24.918    -2.84    3.63
 247920.639    24.228    -2.38    3.12
 248209.964    23.901    -1.13    2.54
 248499.289    24.246     1.19    3.50
 248788.615    25.056     2.80    4.53
 249077.941    26.263     4.17    5.38
 249367.268    26.591     1.13    5.56
 249656.595    25.917    -2.33    6.01
 249945.923    25.349    -1.96    6.17
 250235.251    24.240    -3.83    6.46
 250524.579    21.918    -8.02    5.98
 250813.908    19.322    -8.97    5.84
 251103.237    16.191   -10.82    6.50
 251392.567    13.934    -7.80    6.55
 251681.897    12.494    -4.98    6.50
 251971.228    10.427    -7.14    6.05
 252260.494     9.366    -3.67    5.43
 252549.728     9.351    -0.05    5.56
 252838.963    10.833     5.12    5.86
 253128.198    13.051     7.67    5.46
 253417.434    15.366     8.01    3.95
 253706.670    16.711     4.65    4.08
 253995.907    18.169     5.04    3.34
 254285.144    18.968     2.76    2.62
 254574.382    19.393     1.47    2.23
 254863.620    19.280    -0.39    2.35
 255152.859    19.664     1.33    3.40
 255442.098    20.006     1.18    4.12
 255731.337    20.274     0.93    4.40
 256020.577    20.918     2.23    5.01
 256309.818    22.118     4.15    5.40
 256599.058    23.168     3.63    5.43
 256888.300    23.778     2.11    5.24
 257177.542    23.850     0.25    4.90
 257466.784    23.211    -2.21    4.81
 257756.027    22.721    -1.70    4.68
 258045.270    22.130    -2.04    3.83
 258334.514    22.006    -0.43    3.75
 258623.758    22.297     1.01    3.91
 258913.003    22.151    -0.51    3.93
 259202.248    22.611     1.59    3.80
 259491.494    22.951     1.18    3.70
 259780.740    22.952     0.00    4.04
 260069.987    23.711     2.63    4.27
 260359.234    24.989     4.42    5.00
 260648.482    26.325     4.62    5.46
 260937.730    26.613     1.00    5.88
 261226.979    26.514    -0.34    6.11
 261516.228    26.020    -1.71    6.50
 261805.477    25.633    -1.34    6.38
 262094.728    25.308    -1.12    6.52
 262383.978    24.832    -1.64    6.01
 262673.229    25.229     1.37    6.16
 262962.481    26.125     3.10    6.43
 263251.733    28.453     8.05    6.76
 263540.986    30.815     8.17    6.76
 263830.239    33.073     7.81    6.48
 264119.493    34.018     3.26    6.30
 264408.747    34.228     0.73    5.73
 264698.002    34.701     1.63    5.46
 264987.257    35.115     1.43    5.14
 265276.513    35.712     2.06    5.21
 265565.769    35.705    -0.02    5.01
 265855.025    36.283     2.00    5.03
