#  286.997  -0.345   1.425 ;Mean Elev.(m), Avg Gradient(m/km), RMS Gradient(m/km) - SRTM1     
#  274.139  -0.973   6.139 ;Mean Elev.(m), Avg Gradient(m/km), RMS Gradient(m/km) - ASTER GDEM
#  286.995  -0.322   0.824 ;Mean Elev.(m), Avg Gradient(m/km), RMS Gradient(m/km) - GMTED2010 
  31   290.601 54963.22024324 48.04  16.793885  -1.366146   -100  257.04  264.07  254.65
  31   290.593 54963.22024383 52.11  16.794777  -1.368648   -100  257.04  264.07  254.65
  31   290.555 54963.22024442 54.05  16.795670  -1.371149   -100  257.04  264.07  254.65
  31   290.549 54963.22024501 53.77  16.796562  -1.373650   -100  257.04  264.07  254.65
  31   290.546 54963.22024560 52.75  16.797455  -1.376152   -100  257.04  264.07  254.65
  31   290.550 54963.22024619 55.77  16.798347  -1.378653   -100  257.04  264.07  254.65
  31   290.522 54963.22024678 52.07  16.799240  -1.381154   -100  257.04  264.07  254.65
  31   290.440 54963.22024737 54.93  16.800132  -1.383656  6.722  257.04  264.07  254.65
  31   290.375 54963.22024796 52.08  16.801025  -1.386157 10.783  255.64  262.92  253.66
  31   290.469 54963.22024855 54.14  16.801917  -1.388658  1.455  255.64  262.92  253.66
  34   290.869 54992.96718580 49.31  16.790350  -1.367721   -100  260.16  266.86  257.58
  34   290.772 54992.96718639 50.92  16.791242  -1.370222   -100  260.16  266.86  257.58
  34   290.758 54992.96718698 51.65  16.792134  -1.372724  0.608  260.16  266.86  257.58
  34   290.829 54992.96718757 51.11  16.793027  -1.375225   -100  260.16  266.86  257.58
  34   290.866 54992.96718816 54.28  16.793919  -1.377727   -100  260.16  266.86  257.58
  34   290.856 54992.96718875 54.29  16.794811  -1.380228   -100  258.20  264.94  255.45
  34   290.798 54992.96718934 55.31  16.795704  -1.382729   -100  258.20  264.94  255.45
  34   290.769 54992.96718993 55.69  16.796596  -1.385231  2.360  258.20  264.94  255.45
  34   290.489 54992.96719052 55.10  16.797488  -1.387732 22.141  258.20  264.94  255.45
  34   290.444 54992.96719111 52.92  16.798381  -1.390234 28.468  258.20  264.94  255.45
  34   290.454 54992.96719170 56.16  16.799273  -1.392735 27.157  258.20  264.94  255.45
  34   290.457 54992.96719229 54.87  16.800165  -1.395237 25.046  258.20  264.94  255.45
  35   290.586 55002.88283192 48.92  16.790412  -1.368915   -100  255.53  260.50  252.33
  35   290.561 55002.88283251 52.07  16.791305  -1.371417 11.239  255.53  260.50  252.33
  35   290.511 55002.88283310 54.24  16.792197  -1.373918   -100  255.53  260.50  252.33
  35   290.495 55002.88283369 57.30  16.793089  -1.376420   -100  255.53  260.50  252.33
  35   290.482 55002.88283428 57.30  16.793981  -1.378921   -100  255.53  260.50  252.33
  35   290.458 55002.88283546 58.32  16.795766  -1.383925   -100  255.53  260.50  252.33
  35   290.446 55002.88283605 58.32  16.796658  -1.386426   -100  255.53  260.50  252.33
  36   290.370 55012.79847569 50.24  16.789184  -1.368498   -100  256.27  260.39  253.37
  36   290.304 55012.79847628 51.88  16.790076  -1.370999   -100  256.27  260.39  253.37
  36   290.261 55012.79847687 56.20  16.790968  -1.373501 20.439  256.27  260.39  253.37
  36   290.250 55012.79847746 57.27  16.791860  -1.376002 32.383  256.27  260.39  253.37
  36   290.247 55012.79847805 58.30  16.792753  -1.378504   -100  256.27  260.39  253.37
  36   290.249 55012.79847864 58.32  16.793645  -1.381006   -100  256.27  260.39  253.37
  36   290.266 55012.79848041 57.11  16.796322  -1.388510 13.476  256.27  260.39  253.37
  36   290.241 55012.79848100 56.77  16.797214  -1.391012 27.419  256.27  260.39  253.37
  36   290.230 55012.79848218 56.53  16.798999  -1.396015 23.507  256.27  260.39  253.37
  37   290.899 55022.71411837 48.88  16.788479  -1.369000 28.561  260.36  264.76  257.61
  37   290.370 55022.71411896 50.92  16.789371  -1.371501   -100  258.14  262.27  255.03
  37   290.378 55022.71411955 55.49  16.790263  -1.374003 15.741  258.14  262.27  255.03
  37   290.390 55022.71412014 52.84  16.791156  -1.376505 10.334  258.14  262.27  255.03
  37   290.399 55022.71412074 53.69  16.792048  -1.379006 12.283  258.14  262.27  255.03
  37   290.408 55022.71412133 52.57  16.792941  -1.381508  3.712  258.14  262.27  255.03
  37   290.421 55022.71412192 51.42  16.793833  -1.384009   -100  258.14  262.27  255.03
  37   290.427 55022.71412251 54.94  16.794725  -1.386511   -100  258.14  262.27  255.03
  37   290.434 55022.71412310 55.20  16.795618  -1.389013   -100  258.14  262.27  255.03
  37   290.403 55022.71412369 52.25  16.796510  -1.391514   -100  258.14  262.27  255.03
  37   290.337 55022.71412428 52.76  16.797402  -1.394016  1.703  258.14  262.27  255.03
  37   290.346 55022.71412487 54.33  16.798295  -1.396518  0.905  258.14  262.27  255.03
  46   290.954 55111.95491150 41.65  16.785969  -1.368877   -100  253.37  261.07  250.53
  46   290.901 55111.95491209 32.12  16.786861  -1.371379 19.321  253.37  261.07  250.53
  46   290.835 55111.95491268 27.46  16.787754  -1.373880  7.829  253.37  261.07  250.53
  46   290.651 55111.95491327 27.20  16.788646  -1.376382  6.553  253.37  261.07  250.53
  46   290.565 55111.95491386 26.65  16.789539  -1.378884  6.126  253.37  261.07  250.53
  46   290.468 55111.95491445 27.29  16.790431  -1.381385  7.881  253.37  261.07  250.53
  46   291.077 55111.95491504 26.00  16.791324  -1.383887  5.439  253.37  261.07  250.53
  46   290.943 55111.95491563 28.88  16.792216  -1.386389 10.939  253.37  261.07  250.53
  46   290.962 55111.95491622 26.05  16.793108  -1.388891  5.814  253.37  261.07  250.53
  46   290.892 55111.95491681 26.17  16.794001  -1.391392  6.697  253.37  261.07  250.53
  46   290.711 55111.95491740 29.30  16.794893  -1.393894 12.364  253.37  261.07  250.53
  46   290.778 55111.95491799 29.50  16.795786  -1.396396 12.538  253.37  261.07  250.53
  46   290.654 55111.95491858 33.51  16.796678  -1.398897 22.999 -100.00 -100.00 -100.00
  47   291.381 55121.87055507 35.14  16.787443  -1.368793 22.037  251.83  260.17  248.52
  47   291.077 55121.87055566 29.85  16.788336  -1.371295 10.343  251.83  260.17  248.52
  47   290.970 55121.87055625 27.30  16.789228  -1.373797  6.184  251.83  260.17  248.52
  47   290.675 55121.87055684 26.69  16.790121  -1.376299  5.483  251.83  260.17  248.52
  47   290.662 55121.87055743 26.23  16.791013  -1.378800  5.136  251.83  260.17  248.52
  47   290.843 55121.87055802 26.16  16.791905  -1.381302  5.001  251.83  260.17  248.52
  47   291.326 55121.87055861 27.05  16.792798  -1.383804  6.150  251.83  260.17  248.52
  47   291.350 55121.87055920 28.35  16.793690  -1.386305  7.557  251.83  260.17  248.52
  47   291.191 55121.87055979 28.62  16.794583  -1.388807  8.391  251.83  260.17  248.52
  47   291.091 55121.87056038 27.76  16.795475  -1.391309  8.038  251.83  260.17  248.52
  47   290.901 55121.87056097 31.34  16.796368  -1.393810 14.006  251.83  260.17  248.52
  47   291.220 55121.87056156 32.39  16.797260  -1.396312 14.521  251.83  260.17  248.52
  47   291.022 55121.87056215 34.90  16.798153  -1.398814 24.143  251.83  260.17  248.52
  48   291.592 55131.78619579 52.94  16.788911  -1.368650  1.776  247.35  255.21  243.01
  48   291.333 55131.78619638 54.21  16.789804  -1.371152 19.752  247.35  255.21  243.01
  48   291.564 55131.78619698 55.11  16.790696  -1.373654  5.858  247.35  255.21  243.01
  48   291.469 55131.78619757 54.16  16.791589  -1.376155 12.544  247.35  255.21  243.01
  48   291.383 55131.78619816 55.52  16.792481  -1.378657 19.597  247.35  255.21  243.01
  48   291.342 55131.78619875 56.32  16.793374  -1.381159 30.445  247.35  255.21  243.01
  48   291.323 55131.78619934 53.40  16.794266  -1.383660 32.539  247.35  255.21  243.01
  48   291.306 55131.78619993 55.06  16.795159  -1.386162   -100  247.35  255.21  243.01
  48   291.315 55131.78620052 55.23  16.796051  -1.388664 29.702  247.35  255.21  243.01
  48   291.363 55131.78620111 55.14  16.796944  -1.391165 19.031  247.35  255.21  243.01
  48   291.327 55131.78620170 56.26  16.797836  -1.393667 23.156  247.35  255.21  243.01
  48   291.307 55131.78620229 56.32  16.798729  -1.396168 26.256  247.35  255.21  243.01
  49   291.704 55141.70183475 45.04  16.789555  -1.369181   -100  242.23  251.13  236.59
  49   291.708 55141.70183534 51.99  16.790447  -1.371683 22.896  242.23  251.13  236.59
  49   291.864 55141.70183593 48.94  16.791340  -1.374184  1.893  242.23  251.13  236.59
  49   291.856 55141.70183652 47.27  16.792232  -1.376686  0.611  242.23  251.13  236.59
  49   291.821 55141.70183711 51.14  16.793125  -1.379187 10.921  242.23  251.13  236.59
  49   291.816 55141.70183770 50.01  16.794018  -1.381689  8.618  242.23  251.13  236.59
  49   291.857 55141.70183829 52.12  16.794910  -1.384191 10.007  242.23  251.13  236.59
  49   291.721 55141.70183888 52.25  16.795803  -1.386692 20.810  242.24  251.43  237.69
  49   291.695 55141.70183947 53.28  16.796695  -1.389194 32.563  242.24  251.43  237.69
  49   291.675 55141.70184006 48.73  16.797588  -1.391695 25.855  242.24  251.43  237.69
  49   291.674 55141.70184065 52.91  16.798480  -1.394197 30.227  242.24  251.43  237.69
  49   291.693 55141.70184124 52.25  16.799373  -1.396699 21.848  242.24  251.43  237.69
  58   290.625 55230.94263556 50.29  16.786189  -1.370611 25.536  259.01  265.49  256.32
  58   290.626 55230.94263615 50.44  16.787081  -1.373112 21.373  257.30  263.93  255.43
  58   290.620 55230.94263674 44.87  16.787973  -1.375613   -100  257.30  263.93  255.43
  58   290.593 55230.94263733 40.70  16.788866  -1.378115   -100  257.30  263.93  255.43
  58   290.566 55230.94263792 37.02  16.789758  -1.380616 28.059  257.30  263.93  255.43
  58   290.559 55230.94263851 37.32  16.790650  -1.383117 27.687  257.30  263.93  255.43
  58   290.902 55230.94263910 38.90  16.791542  -1.385619 27.791  257.30  263.93  255.43
  58   290.775 55230.94263969 44.15  16.792434  -1.388120   -100  257.30  263.93  255.43
  58   290.655 55230.94264028 36.03  16.793327  -1.390621 23.376  257.30  263.93  255.43
  58   290.471 55230.94264087 35.39  16.794219  -1.393123 21.756  257.30  263.93  255.43
  58   290.637 55230.94264147 36.85  16.795111  -1.395624 24.397  257.30  263.93  255.43
  58   290.666 55230.94264206 41.72  16.796003  -1.398125   -100  257.30  263.93  255.43
  58   290.727 55230.94264265 41.72  16.796895  -1.400626   -100  257.30  263.93  255.43
  59   290.898 55240.85828016 50.27  16.786907  -1.370468   -100  260.74  267.42  257.39
  59   290.843 55240.85828075 51.01  16.787799  -1.372970   -100  260.74  267.42  257.39
  59   290.638 55240.85828134 54.16  16.788691  -1.375471  8.477  260.74  267.42  257.39
  59   290.538 55240.85828193 55.34  16.789583  -1.377972 14.933  260.74  267.42  257.39
  59   290.496 55240.85828252 56.38  16.790476  -1.380473 24.200  260.74  267.42  257.39
  59   290.488 55240.85828311 56.41  16.791368  -1.382975 28.859  260.74  267.42  257.39
  59   290.454 55240.85828370 57.41  16.792260  -1.385476   -100  260.74  267.42  257.39
  59   290.438 55240.85828429 54.63  16.793152  -1.387977   -100  260.74  267.42  257.39
  59   290.423 55240.85828488 55.47  16.794045  -1.390479   -100  259.63  266.56  256.55
  59   290.412 55240.85828547 55.27  16.794937  -1.392980 32.444  259.63  266.56  256.55
  59   290.396 55240.85828606 54.30  16.795829  -1.395481 31.285  259.63  266.56  256.55
  59   290.383 55240.85828665 56.43  16.796721  -1.397982   -100  259.63  266.56  256.55
  59   290.379 55240.85828724 55.34  16.797614  -1.400484 31.316  259.63  266.56  256.55
  60   290.428 55250.77392122 51.31  16.786581  -1.371106   -100  261.82  268.06  258.91
  60   290.382 55250.77392181 52.98  16.787473  -1.373608   -100  261.82  268.06  258.91
  60   290.353 55250.77392240 56.21  16.788366  -1.376109 16.981  261.82  268.06  258.91
  60   290.332 55250.77392299 55.29  16.789258  -1.378610 32.093  260.03  266.65  257.21
  60   290.330 55250.77392358 55.97  16.790150  -1.381111   -100  260.03  266.65  257.21
  60   290.329 55250.77392417 56.25  16.791042  -1.383613 32.169  260.03  266.65  257.21
  60   290.331 55250.77392476 56.08  16.791935  -1.386114 28.271  260.03  266.65  257.21
  60   290.335 55250.77392535 55.27  16.792827  -1.388615 22.270  260.03  266.65  257.21
  60   290.334 55250.77392594 50.02  16.793719  -1.391116 15.218  260.03  266.65  257.21
  60   290.343 55250.77392653 48.25  16.794612  -1.393618  5.291  260.03  266.65  257.21
  60   290.313 55250.77392712 42.91  16.795504  -1.396119   -100  260.03  266.65  257.21
  60   290.335 55250.77392771 50.13  16.796396  -1.398620   -100  260.03  266.65  257.21
  60   290.350 55250.77392830 49.36  16.797289  -1.401121   -100  260.03  266.65  257.21
  61   289.883 55260.68955987 31.82  16.785067  -1.370455 16.862  261.36  267.35  257.63
  61   289.695 55260.68956046 29.44  16.785959  -1.372956 12.245  261.36  267.35  257.63
  61   289.673 55260.68956105 25.32  16.786851  -1.375457  6.182  261.36  267.35  257.63
  61   289.488 55260.68956164 24.44  16.787744  -1.377958  5.233  261.36  267.35  257.63
  61   289.556 55260.68956223 23.73  16.788636  -1.380460  4.640  261.36  267.35  257.63
  61   289.993 55260.68956282 23.77  16.789529  -1.382961  4.542  261.36  267.35  257.63
  61   289.980 55260.68956341 29.89  16.790421  -1.385462 16.031  261.36  267.35  257.63
  61   290.100 55260.68956400 27.31  16.791313  -1.387963 11.077  261.36  267.35  257.63
  61   289.799 55260.68956459 23.47  16.792206  -1.390465  5.451  261.36  267.35  257.63
  61   289.613 55260.68956518 26.64  16.793098  -1.392966 11.321  261.36  267.35  257.63
  61   289.723 55260.68956577 27.18  16.793990  -1.395467 12.261  261.36  267.35  257.63
  61   289.831 55260.68956636 32.38  16.794883  -1.397968 24.546  261.36  267.35  257.63
  61   289.952 55260.68956695 33.38  16.795775  -1.400469 25.369  261.36  267.35  257.63
  70   290.930 55349.93033298 49.36  16.789452  -1.368787   -100  257.87  264.66  254.73
  70   290.902 55349.93033357 51.10  16.790344  -1.371288   -100  257.87  264.66  254.73
  70   290.846 55349.93033416 54.03  16.791236  -1.373790   -100  257.87  264.66  254.73
  70   290.605 55349.93033475 54.50  16.792129  -1.376291 12.676  257.87  264.66  254.73
  70   290.551 55349.93033534 58.37  16.793021  -1.378792 19.980  257.87  264.66  254.73
  70   290.516 55349.93033593 57.45  16.793913  -1.381294 28.471  257.87  264.66  254.73
  70   290.449 55349.93033770 56.97  16.796590  -1.388798   -100  257.87  264.66  254.73
  70   290.457 55349.93033829 57.47  16.797482  -1.391300   -100  257.87  264.66  254.73
  70   290.439 55349.93033888 57.49  16.798375  -1.393801   -100  257.87  264.66  254.73
  70   290.422 55349.93033947 57.88  16.799267  -1.396302   -100  257.87  264.66  254.73
  71   290.920 55359.84597411 50.24  16.790256  -1.366608   -100  256.17  262.76  253.06
  71   290.910 55359.84597470 49.07  16.791148  -1.369109   -100  256.17  262.76  253.06
  71   290.828 55359.84597529 53.24  16.792040  -1.371611 13.947  256.17  262.76  253.06
  71   290.823 55359.84597588 55.30  16.792933  -1.374112 19.616  256.17  262.76  253.06
  71   290.792 55359.84597648 56.52  16.793825  -1.376614   -100  256.17  262.76  253.06
  71   290.789 55359.84597707 57.50  16.794717  -1.379115   -100  256.17  262.76  253.06
  71   290.787 55359.84597766 57.49  16.795610  -1.381617   -100  256.17  262.76  253.06
  71   290.777 55359.84597825 53.71  16.796502  -1.384118   -100  256.17  262.76  253.06
  71   290.769 55359.84597943 56.51  16.798286  -1.389121   -100  256.17  262.76  253.06
  71   290.761 55359.84598002 57.02  16.799179  -1.391623   -100  256.17  262.76  253.06
  71   290.754 55359.84598061 54.82  16.800071  -1.394124 32.368 -100.00 -100.00 -100.00
  72   290.711 55369.76161380 48.32  16.791037  -1.367975   -100  261.11  266.60  257.74
  72   290.618 55369.76161439 52.13  16.791929  -1.370477  0.552  261.11  266.60  257.74
  72   290.582 55369.76161498 55.33  16.792821  -1.372979 21.705  261.11  266.60  257.74
  72   290.582 55369.76161557 56.47  16.793714  -1.375480 27.596  261.11  266.60  257.74
  72   290.579 55369.76161616 57.46  16.794606  -1.377982 30.734  261.11  266.60  257.74
  72   290.580 55369.76161675 57.43  16.795498  -1.380483 26.896  261.11  266.60  257.74
  72   290.573 55369.76161734 58.49  16.796391  -1.382985   -100  259.13  264.87  255.54
  72   290.567 55369.76161794 55.92  16.797283  -1.385486 32.404  259.13  264.87  255.54
  72   290.571 55369.76161912 56.59  16.799067  -1.390489 24.327  259.13  264.87  255.54
  72   290.579 55369.76161971 58.32  16.799960  -1.392991 15.518  259.13  264.87  255.54
  72   290.567 55369.76162030 54.75  16.800852  -1.395492 23.079  259.13  264.87  255.54
  73   290.473 55379.67725197 46.21  16.791325  -1.368495   -100  262.50  268.02  259.37
  73   290.477 55379.67725256 50.20  16.792217  -1.370996  2.261  262.50  268.02  259.37
  73   290.462 55379.67725315 53.37  16.793109  -1.373498 23.009  262.50  268.02  259.37
  73   290.476 55379.67725374 50.80  16.794002  -1.376000 14.518  262.50  268.02  259.37
  73   290.479 55379.67725433 55.39  16.794894  -1.378501 28.251  262.50  268.02  259.37
  73   290.506 55379.67725492 53.28  16.795786  -1.381003 11.461  262.50  268.02  259.37
  73   290.498 55379.67725551 55.39  16.796679  -1.383505 28.693  262.50  268.02  259.37
  73   290.509 55379.67725610 53.12  16.797571  -1.386006 17.009  262.50  268.02  259.37
  73   290.525 55379.67725669 55.63  16.798463  -1.388508 10.644  262.50  268.02  259.37
  73   290.531 55379.67725728 55.10  16.799356  -1.391009  5.607  262.50  268.02  259.37
  73   290.540 55379.67725787 53.86  16.800248  -1.393511  1.349 -100.00 -100.00 -100.00
  73   290.540 55379.67725846 49.26  16.801140  -1.396013   -100 -100.00 -100.00 -100.00
  82   291.284 55468.91804275 45.38  16.789644  -1.369144  2.615  251.70  257.59  248.33
  82   291.267 55468.91804334 42.94  16.790537  -1.371646   -100  251.70  257.59  248.33
  82   291.253 55468.91804393 41.39  16.791429  -1.374148   -100  251.70  257.59  248.33
  82   291.240 55468.91804452 37.93  16.792322  -1.376650   -100  251.70  257.59  248.33
  82   291.169 55468.91804511 43.99  16.793214  -1.379151  4.485  251.70  257.59  248.33
  82   291.133 55468.91804570 44.30  16.794107  -1.381653  2.232  250.35  256.66  248.06
  82   291.099 55468.91804629 39.69  16.794999  -1.384155   -100  250.35  256.66  248.06
  82   291.080 55468.91804688 41.03  16.795892  -1.386656   -100  250.35  256.66  248.06
  82   291.088 55468.91804747 45.50  16.796784  -1.389158  5.449  250.35  256.66  248.06
  82   291.012 55468.91804806 41.37  16.797677  -1.391660   -100  250.35  256.66  248.06
  82   290.997 55468.91804865 46.89  16.798569  -1.394162 19.692  250.35  256.66  248.06
  82   290.977 55468.91804924 45.36  16.799462  -1.396663  8.547  250.35  256.66  248.06
  83   291.483 55478.83368080 50.42  16.791593  -1.367040   -100  254.47  261.51  250.68
  83   291.374 55478.83368139 52.53  16.792486  -1.369542   -100  254.47  261.51  250.68
  83   291.364 55478.83368198 53.59  16.793378  -1.372043   -100  254.47  261.51  250.68
  83   291.365 55478.83368257 52.68  16.794271  -1.374545   -100  252.48  259.78  248.75
  83   291.362 55478.83368316 53.22  16.795164  -1.377047  0.889  252.48  259.78  248.75
  83   291.342 55478.83368375 55.95  16.796056  -1.379548  6.983  252.48  259.78  248.75
  83   291.345 55478.83368434 54.54  16.796949  -1.382050  4.133  252.48  259.78  248.75
  83   291.332 55478.83368493 55.47  16.797841  -1.384552 11.811  252.48  259.78  248.75
  83   291.340 55478.83368553 54.48  16.798734  -1.387054  3.057  252.48  259.78  248.75
  83   291.345 55478.83368612 55.34  16.799626  -1.389555   -100  252.48  259.78  248.75
  83   291.341 55478.83368671 55.20  16.800519  -1.392057   -100  252.48  259.78  248.75
  83   291.334 55478.83368730 51.94  16.801411  -1.394559   -100  252.48  259.78  248.75
  84   291.179 55488.74931657 50.14  16.793976  -1.367431 22.810  253.73  261.43  250.74
  84   291.159 55488.74931716 51.90  16.794868  -1.369933 30.243  253.73  261.43  250.74
  84   291.148 55488.74931776 48.26  16.795761  -1.372434 14.906  253.73  261.43  250.74
  84   291.129 55488.74931835 48.25  16.796653  -1.374936 21.228  253.73  261.43  250.74
  84   291.110 55488.74931894 49.82  16.797546  -1.377438 30.625  253.73  261.43  250.74
  84   291.066 55488.74931953 47.78  16.798438  -1.379939 20.993  253.73  261.43  250.74
  84   291.050 55488.74932012 50.59  16.799331  -1.382441 31.728  253.73  261.43  250.74
  84   291.057 55488.74932071 49.57  16.800224  -1.384943 18.719  253.73  261.43  250.74
  84   291.051 55488.74932130 51.53  16.801116  -1.387445 25.270  253.73  261.43  250.74
  84   291.018 55488.74932189 52.54  16.802009  -1.389946 32.383  253.73  261.43  250.74
  85   291.501 55498.66494962 51.32  16.794674  -1.364950  7.092  251.03  257.98  247.20
  85   291.472 55498.66495021 54.47  16.795567  -1.367451 25.893  251.03  257.98  247.20
  85   291.461 55498.66495080 56.19  16.796459  -1.369953 27.482  251.03  257.98  247.20
  85   291.452 55498.66495140 56.24  16.797352  -1.372455   -100  251.03  257.98  247.20
  85   291.439 55498.66495199 56.58  16.798245  -1.374957   -100  251.03  257.98  247.20
  85   291.426 55498.66495258 56.58  16.799137  -1.377458   -100  251.03  257.98  247.20
  85   291.382 55498.66495317 57.58  16.800030  -1.379960   -100  251.03  257.98  247.20
  85   291.368 55498.66495376 56.45  16.800922  -1.382462   -100  251.03  257.98  247.20
  85   291.354 55498.66495435 58.58  16.801815  -1.384963   -100  251.03  257.98  247.20
  85   291.341 55498.66495494 55.45  16.802707  -1.387465   -100  251.03  257.98  247.20
  93   290.540 55577.99011098 40.21  16.788161  -1.368384   -100  253.07  258.46  250.77
  93   290.464 55577.99011157 39.92  16.789053  -1.370886   -100  253.07  258.46  250.77
  93   290.534 55577.99011216 37.30  16.789945  -1.373387   -100  253.07  258.46  250.77
  93   290.426 55577.99011275 36.30  16.790837  -1.375889 30.772  253.07  258.46  250.77
  93   290.355 55577.99011334 31.21  16.791729  -1.378390 15.036  253.07  258.46  250.77
  93   290.328 55577.99011393 27.80  16.792622  -1.380892  9.603  253.07  258.46  250.77
  93   290.232 55577.99011452 28.23  16.793514  -1.383393  9.970  253.07  258.46  250.77
  93   290.333 55577.99011511 29.82  16.794406  -1.385895 14.024  253.07  258.46  250.77
  93   290.452 55577.99011570 34.35  16.795298  -1.388396 26.901  253.07  258.46  250.77
  93   290.435 55577.99011629 36.30  16.796191  -1.390897   -100  253.07  258.46  250.77
  93   290.649 55577.99011688 36.95  16.797083  -1.393399   -100 -100.00 -100.00 -100.00
  93   290.598 55577.99011747 39.03  16.797975  -1.395900   -100 -100.00 -100.00 -100.00
  93   290.993 55577.99011806 42.19  16.798867  -1.398402   -100 -100.00 -100.00 -100.00
  94   290.497 55587.90575041 49.60  16.790760  -1.367968   -100  253.48  258.56  250.48
  94   290.533 55587.90575100 51.40  16.791653  -1.370470   -100  253.48  258.56  250.48
  94   290.402 55587.90575159 53.12  16.792545  -1.372971   -100  253.48  258.56  250.48
  94   290.088 55587.90575218 56.67  16.793437  -1.375472   -100  252.20  257.72  249.61
  94   290.078 55587.90575277 56.25  16.794329  -1.377974   -100  252.20  257.72  249.61
  94   290.059 55587.90575336 56.56  16.795222  -1.380475   -100  252.20  257.72  249.61
  94   290.071 55587.90575395 55.93  16.796114  -1.382977 32.251  252.20  257.72  249.61
  94   290.077 55587.90575454 56.62  16.797006  -1.385478 28.915  252.20  257.72  249.61
  94   290.047 55587.90575513 56.64  16.797898  -1.387979   -100  252.20  257.72  249.61
  94   290.018 55587.90575572 57.17  16.798791  -1.390481   -100  252.20  257.72  249.61
  94   290.025 55587.90575631 57.62  16.799683  -1.392982   -100  252.20  257.72  249.61
  94   289.998 55587.90575690 57.32  16.800575  -1.395483   -100  252.20  257.72  249.61
  95   290.241 55597.82138639 47.44  16.793320  -1.365973   -100  257.19  262.72  253.97
  95   289.984 55597.82138698 51.36  16.794213  -1.368475  4.242  257.19  262.72  253.97
  95   290.056 55597.82138757 53.26  16.795105  -1.370976  1.975  257.19  262.72  253.97
  95   289.990 55597.82138816 54.34  16.795997  -1.373477  7.624  257.19  262.72  253.97
  95   289.822 55597.82138875 55.02  16.796890  -1.375979 21.854  257.19  262.72  253.97
  95   289.851 55597.82138934 55.93  16.797782  -1.378480 19.471  257.19  262.72  253.97
  95   289.839 55597.82138993 57.49  16.798674  -1.380981 20.071  257.19  262.72  253.97
  95   289.779 55597.82139052 54.07  16.799567  -1.383483 31.423  257.19  262.72  253.97
  95   289.775 55597.82139111 57.24  16.800459  -1.385984   -100  257.19  262.72  253.97
  95   289.742 55597.82139170 56.20  16.801351  -1.388485   -100  256.61  262.57  253.85
  95   289.723 55597.82139229 55.24  16.802244  -1.390986   -100  256.61  262.57  253.85
  96   289.875 55607.73702014 25.08  16.795262  -1.366242  7.862  258.21  263.77  255.63
  96   289.699 55607.73702073 23.52  16.796154  -1.368743  7.588  258.21  263.77  255.63
  96   289.337 55607.73702132 23.73  16.797046  -1.371244  7.776  258.21  263.77  255.63
  96   289.349 55607.73702191 23.02  16.797939  -1.373746  5.884  258.21  263.77  255.63
  96   289.520 55607.73702250 23.83  16.798831  -1.376247  8.289  258.21  263.77  255.63
  96   289.769 55607.73702309 23.38  16.799724  -1.378748  6.564  258.21  263.77  255.63
  96   289.917 55607.73702368 27.98  16.800616  -1.381250 14.981  258.21  263.77  255.63
  96   289.935 55607.73702427 30.79  16.801508  -1.383751 22.129  258.21  263.77  255.63
  96   289.715 55607.73702487 32.31  16.802401  -1.386252 30.930  258.21  263.77  255.63
 105   289.425 55696.97780207 45.50  16.792387  -1.366013  0.580  259.00  264.75  255.98
 105   289.432 55696.97780266 32.79  16.793279  -1.368514 20.887  259.00  264.75  255.98
 105   289.436 55696.97780325 44.39  16.794171  -1.371016  1.311  259.00  264.75  255.98
 105   289.267 55696.97780384 38.69  16.795064  -1.373517   -100  259.00  264.75  255.98
 105   288.928 55696.97780443 28.93  16.795956  -1.376018 14.039  259.00  264.75  255.98
 105   289.098 55696.97780502 29.18  16.796848  -1.378520 14.656  259.00  264.75  255.98
 105   289.034 55696.97780561 33.87  16.797740  -1.381021 30.658  259.00  264.75  255.98
 105   289.242 55696.97780620 38.19  16.798633  -1.383522   -100  259.00  264.75  255.98
 105   289.238 55696.97780679 38.24  16.799525  -1.386024   -100  259.00  264.75  255.98
 105   289.470 55696.97780738 40.31  16.800417  -1.388525   -100  259.00  264.75  255.98
 105   289.598 55696.97780797 42.29  16.801309  -1.391027   -100  259.00  264.75  255.98
 105   289.559 55696.97780856 46.51  16.802202  -1.393528   -100  259.00  264.75  255.98
 106   289.204 55706.89343671 49.75  16.795868  -1.364937 29.816  258.97  264.45  256.52
 106   289.306 55706.89343731 47.17  16.796761  -1.367438   -100  258.97  264.45  256.52
 106   289.262 55706.89343790 49.38  16.797653  -1.369940   -100  258.97  264.45  256.52
 106   289.196 55706.89343849 52.62  16.798545  -1.372441   -100  258.97  264.45  256.52
 106   289.204 55706.89343908 42.66  16.799437  -1.374943  9.498  258.97  264.45  256.52
 106   289.201 55706.89343967 49.23  16.800329  -1.377444   -100  258.97  264.45  256.52
 106   289.190 55706.89344026 49.77  16.801222  -1.379946   -100  258.97  264.45  256.52
 106   289.252 55706.89344085 49.50  16.802114  -1.382447  3.222  258.97  264.45  256.52
 106   289.235 55706.89344144 50.55  16.803006  -1.384948  9.723  258.97  264.45  256.52
 107   288.981 55716.80908707 37.23  16.795058  -1.366981   -100  260.46  266.23  257.81
 107   289.074 55716.80908766 29.90  16.795950  -1.369482 18.363  260.46  266.23  257.81
 107   288.870 55716.80908825 23.84  16.796843  -1.371984  7.154  260.46  266.23  257.81
 107   288.829 55716.80908884 25.91  16.797735  -1.374485 10.659  260.46  266.23  257.81
 107   289.189 55716.80908943 22.39  16.798627  -1.376986  5.739  260.46  266.23  257.81
 107   289.278 55716.80909002 26.86  16.799519  -1.379488 11.455  260.46  266.23  257.81
 107   289.331 55716.80909061 32.49  16.800412  -1.381989 21.385  260.46  266.23  257.81
 107   289.413 55716.80909120 32.26  16.801304  -1.384491 22.900  260.46  266.23  257.81
 107   289.203 55716.80909179 35.50  16.802196  -1.386992   -100  260.46  266.23  257.81
 108   289.009 55726.72473521 29.63  16.792862  -1.368011 32.343  262.50  268.09  259.87
 108   289.123 55726.72473580 22.69  16.793754  -1.370512 10.326  262.50  268.09  259.87
 108   288.729 55726.72473639 21.34  16.794646  -1.373014  9.056  262.50  268.09  259.87
 108   288.621 55726.72473698 22.31  16.795539  -1.375515 10.458  262.50  268.09  259.87
 108   288.912 55726.72473757 20.06  16.796431  -1.378017  6.569  262.50  268.09  259.87
 108   289.149 55726.72473816 22.21  16.797323  -1.380518  9.985  262.50  268.09  259.87
 108   288.959 55726.72473875 29.40  16.798216  -1.383020 31.879  262.50  268.09  259.87
 108   289.043 55726.72473934 29.35  16.799108  -1.385521 30.864  262.50  268.09  259.87
 108   289.205 55726.72473993 29.34  16.800000  -1.388023 30.040  260.96  266.70  258.21
 108   288.962 55726.72474052 32.57  16.800893  -1.390525   -100  260.96  266.70  258.21
 108   289.211 55726.72474111 32.40  16.801785  -1.393026   -100  260.96  266.70  258.21
 121   291.271 55855.62806913 32.96  16.796969  -1.366069 20.898  249.44  259.24  248.81
 121   291.012 55855.62806972 32.52  16.797861  -1.368570 21.622  249.44  259.24  248.81
 121   291.036 55855.62807031 32.41  16.798754  -1.371072 19.295  249.44  259.24  248.81
 121   291.005 55855.62807090 30.72  16.799646  -1.373574 16.888  248.02  258.01  247.31
 121   291.243 55855.62807149 34.50  16.800539  -1.376076 27.371  248.02  258.01  247.31
 121   291.500 55855.62807208 35.63  16.801431  -1.378577 31.428  248.02  258.01  247.31
 121   291.245 55855.62807326 34.06  16.803216  -1.383581 25.740  248.02  258.01  247.31
 121   291.270 55855.62807385 39.11  16.804109  -1.386082   -100  248.02  258.01  247.31
 122   291.636 55865.54371013 53.49  16.795997  -1.364362 13.238  247.15  255.72  242.56
 122   291.640 55865.54371072 53.63  16.796890  -1.366864 12.475  247.15  255.72  242.56
 122   291.607 55865.54371131 54.70  16.797782  -1.369366 17.841  247.15  255.72  242.56
 122   291.590 55865.54371190 52.60  16.798674  -1.371867 19.026  247.15  255.72  242.56
 122   291.663 55865.54371249 55.61  16.799567  -1.374369 15.231  247.15  255.72  242.56
 122   291.829 55865.54371308 54.49  16.800459  -1.376871  4.394  247.15  255.72  242.56
 122   291.637 55865.54371368 54.30  16.801352  -1.379373 16.011  247.15  255.72  242.56
 122   291.596 55865.54371427 55.35  16.802244  -1.381874 25.458  247.15  255.72  242.56
 122   291.570 55865.54371486 54.29  16.803137  -1.384376 32.729  247.15  255.72  242.56
 123   292.041 55875.45936349 53.44  16.793362  -1.365621  2.986  242.98  253.74  238.66
 123   291.922 55875.45936408 53.57  16.794254  -1.368123 11.129  242.98  253.74  238.66
 123   291.820 55875.45936467 54.44  16.795146  -1.370624 21.872  242.98  253.74  238.66
 123   291.788 55875.45936526 54.36  16.796039  -1.373126   -100  242.98  253.74  238.66
 123   291.944 55875.45936585 55.54  16.796931  -1.375628 12.551  242.98  253.74  238.66
 123   291.850 55875.45936644 55.61  16.797823  -1.378130 18.190  242.98  253.74  238.66
 123   291.783 55875.45936703 52.51  16.798716  -1.380631 26.349  242.98  253.74  238.66
 123   291.818 55875.45936762 56.01  16.799608  -1.383133 20.953  242.98  253.74  238.66
 123   291.773 55875.45936821 52.30  16.800500  -1.385635 24.393  242.98  253.74  238.66
 123   291.871 55875.45936880 56.66  16.801393  -1.388137 16.138  243.55  254.89  241.52
 123   291.872 55875.45936939 54.59  16.802285  -1.390639 14.264  243.55  254.89  241.52
 124   292.379 55885.37501142 51.72  16.793178  -1.367218   -100  239.77  250.40  232.67
 124   291.983 55885.37501201 54.76  16.794070  -1.369720 28.915  239.77  250.40  232.67
 124   291.970 55885.37501260 54.02  16.794962  -1.372221   -100  239.77  250.40  232.67
 124   291.992 55885.37501319 56.81  16.795855  -1.374723 30.676  239.77  250.40  232.67
 124   292.018 55885.37501378 55.65  16.796747  -1.377225 20.163  239.77  250.40  232.67
 124   291.961 55885.37501437 55.66  16.797639  -1.379727 31.094  239.77  250.40  232.67
 124   291.984 55885.37501496 56.90  16.798532  -1.382228 25.260  238.47  249.53  232.00
 124   291.975 55885.37501556 55.91  16.799424  -1.384730 25.260  238.47  249.53  232.00
 124   291.949 55885.37501615 57.14  16.800317  -1.387232 30.309  238.47  249.53  232.00
 124   291.936 55885.37501674 56.85  16.801209  -1.389734 32.678  238.47  249.53  232.00
 124   291.907 55885.37501733 57.19  16.802101  -1.392235   -100  238.47  249.53  232.00
 133   289.975 55974.61579883 47.49  16.790427  -1.367594 32.278  257.77  263.41  254.56
 133   289.729 55974.61579942 48.57  16.791320  -1.370095   -100  257.77  263.41  254.56
 133   289.666 55974.61580001 53.45  16.792212  -1.372597   -100  257.77  263.41  254.56
 133   289.293 55974.61580060 53.51  16.793104  -1.375098 22.190  257.77  263.41  254.56
 133   289.285 55974.61580119 54.58  16.793997  -1.377599 31.477  257.77  263.41  254.56
 133   289.279 55974.61580178 54.81  16.794889  -1.380100 27.179  257.77  263.41  254.56
 133   289.352 55974.61580237 50.60  16.795782  -1.382602 12.411  257.77  263.41  254.56
 133   289.458 55974.61580296 51.10  16.796674  -1.385103  8.449  257.77  263.41  254.56
 133   289.313 55974.61580355 53.66  16.797566  -1.387604 17.581  257.34  263.54  254.59
 133   289.263 55974.61580414 53.75  16.798459  -1.390106 25.945  257.34  263.54  254.59
 133   289.219 55974.61580473 54.81  16.799351  -1.392607   -100  257.34  263.54  254.59
 133   289.202 55974.61580532 55.76  16.800244  -1.395108 32.144  257.34  263.54  254.59
 134   289.546 55984.53143590 27.69  16.792884  -1.368119 10.345  259.25  265.24  256.22
 134   289.108 55984.53143649 24.17  16.793777  -1.370620  4.414  259.25  265.24  256.22
 134   289.034 55984.53143708 24.01  16.794669  -1.373121  4.997  259.25  265.24  256.22
 134   289.071 55984.53143767 23.62  16.795561  -1.375623  4.686  259.25  265.24  256.22
 134   289.211 55984.53143826 22.90  16.796453  -1.378124  3.399  259.25  265.24  256.22
 134   289.357 55984.53143885 25.37  16.797346  -1.380625  7.660  259.25  265.24  256.22
 134   289.448 55984.53143944 32.11  16.798238  -1.383127 20.603  259.25  265.24  256.22
 134   289.438 55984.53144003 32.61  16.799130  -1.385628 18.570  259.25  265.24  256.22
 134   289.383 55984.53144062 34.57  16.800023  -1.388129 31.502  259.25  265.24  256.22
 134   289.278 55984.53144121 38.65  16.800915  -1.390631   -100  259.25  265.24  256.22
 134   289.239 55984.53144180 39.71  16.801807  -1.393132  2.840  259.25  265.24  256.22
 135   289.226 55994.44707038 29.79  16.796760  -1.366481   -100  258.83  263.81  257.75
 135   289.186 55994.44707097 22.35  16.797653  -1.368982 12.176  258.83  263.81  257.75
 135   289.098 55994.44707156 23.69  16.798545  -1.371483 15.576  258.83  263.81  257.75
 135   289.270 55994.44707215 24.40  16.799437  -1.373985 16.450  258.83  263.81  257.75
 135   289.146 55994.44707274 23.10  16.800329  -1.376486 14.321  258.83  263.81  257.75
 135   289.235 55994.44707333 24.99  16.801222  -1.378987 18.983  258.83  263.81  257.75
 135   289.403 55994.44707392 28.87  16.802114  -1.381489 30.341  258.83  263.81  257.75
 135   289.339 55994.44707451 30.39  16.803006  -1.383990   -100  258.83  263.81  257.75
 135   289.479 55994.44707510 31.41  16.803898  -1.386491   -100  258.83  263.81  257.75
 136   289.526 56004.36272206 45.73  16.794315  -1.365204   -100  262.30  267.78  259.67
 136   289.181 56004.36272265 42.16  16.795207  -1.367705 32.162  262.30  267.78  259.67
 136   289.187 56004.36272324 44.13  16.796099  -1.370206   -100  262.30  267.78  259.67
 136   289.487 56004.36272383 42.76  16.796992  -1.372708 32.699  262.30  267.78  259.67
 136   289.496 56004.36272442 44.08  16.797884  -1.375209   -100  262.30  267.78  259.67
 136   289.434 56004.36272501 42.18  16.798776  -1.377710 31.771  262.30  267.78  259.67
 136   289.255 56004.36272560 42.59  16.799668  -1.380212   -100  262.30  267.78  259.67
 136   289.492 56004.36272619 46.21  16.800561  -1.382713   -100  262.30  267.78  259.67
 136   289.751 56004.36272678 47.55  16.801453  -1.385214 31.299  262.30  267.78  259.67
 136   289.515 56004.36272737 49.90  16.802345  -1.387716   -100  262.30  267.78  259.67
 145   290.118 56093.60351265 45.90  16.790467  -1.368965   -100  261.80  267.66  260.43
 145   290.154 56093.60351324 49.98  16.791360  -1.371466   -100  261.80  267.66  260.43
 145   289.985 56093.60351383 50.73  16.792252  -1.373968  2.318  261.80  267.66  260.43
 145   289.761 56093.60351442 53.16  16.793144  -1.376469   -100  259.71  265.50  258.05
 145   289.744 56093.60351501 49.90  16.794036  -1.378971 29.787  259.71  265.50  258.05
 145   289.739 56093.60351560 46.01  16.794929  -1.381472 11.797  259.71  265.50  258.05
 145   289.731 56093.60351619 43.66  16.795821  -1.383974   -100  259.71  265.50  258.05
 145   289.724 56093.60351678 45.63  16.796713  -1.386475  3.115  259.71  265.50  258.05
 145   290.157 56093.60351737 47.88  16.797606  -1.388977   -100  259.71  265.50  258.05
 145   290.101 56093.60351796 47.45  16.798498  -1.391478   -100  259.71  265.50  258.05
 145   290.027 56093.60351856 50.61  16.799390  -1.393980   -100  259.71  265.50  258.05
 145   289.781 56093.60351915 52.80  16.800283  -1.396482 13.554  259.71  265.50  258.05
 146   289.804 56103.51915792 39.73  16.790426  -1.368785   -100  261.89  266.64  260.00
 146   289.794 56103.51915851 38.36  16.791318  -1.371287 29.137  261.89  266.64  260.00
 146   289.813 56103.51915910 38.62  16.792210  -1.373788   -100  261.89  266.64  260.00
 146   289.777 56103.51915969 43.38  16.793103  -1.376290   -100  261.89  266.64  260.00
 146   289.728 56103.51916028 40.21  16.793995  -1.378792   -100  261.89  266.64  260.00
 146   289.470 56103.51916087 37.37  16.794887  -1.381293   -100  261.89  266.64  260.00
 146   289.430 56103.51916146 37.68  16.795780  -1.383795   -100  261.89  266.64  260.00
 146   289.405 56103.51916205 41.07  16.796672  -1.386296   -100  261.89  266.64  260.00
 146   289.818 56103.51916264 41.67  16.797564  -1.388798   -100  261.89  266.64  260.00
 146   289.830 56103.51916323 42.61  16.798457  -1.391300   -100  261.89  266.64  260.00
 146   289.795 56103.51916382 45.55  16.799349  -1.393801   -100  261.89  266.64  260.00
 146   289.702 56103.51916441 47.62  16.800241  -1.396303   -100  261.89  266.64  260.00
 147   289.525 56113.43478897 45.59  16.791293  -1.368698   -100  264.26  269.61  261.72
 147   289.505 56113.43478956 50.93  16.792185  -1.371199 23.800  264.26  269.61  261.72
 147   289.497 56113.43479015 53.94  16.793077  -1.373701   -100  264.26  269.61  261.72
 147   289.493 56113.43479074 54.97  16.793970  -1.376203   -100  264.26  269.61  261.72
 147   289.487 56113.43479133 57.02  16.794862  -1.378704   -100  261.77  267.11  259.19
 147   289.480 56113.43479192 53.78  16.795754  -1.381206   -100  261.77  267.11  259.19
 147   289.474 56113.43479251 55.30  16.796647  -1.383708   -100  261.77  267.11  259.19
 147   289.470 56113.43479311 55.93  16.797539  -1.386209   -100  261.77  267.11  259.19
 147   289.466 56113.43479370 55.77  16.798431  -1.388711   -100  261.77  267.11  259.19
 147   289.461 56113.43479429 54.39  16.799324  -1.391212   -100  261.77  267.11  259.19
 147   289.458 56113.43479488 55.92  16.800216  -1.393714   -100  261.77  267.11  259.19
 147   289.453 56113.43479547 55.92  16.801109  -1.396216   -100  261.77  267.11  259.19
 148   289.689 56123.35042779 23.31  16.792781  -1.368111 14.408  261.57  266.99  259.44
 148   289.397 56123.35042838 20.98  16.793673  -1.370613 11.922  261.57  266.99  259.44
 148   289.117 56123.35042897 20.51  16.794566  -1.373114  9.810  261.57  266.99  259.44
 148   289.163 56123.35042956 19.80  16.795458  -1.375616  9.041  261.57  266.99  259.44
 148   289.327 56123.35043015 19.70  16.796351  -1.378118  8.385  261.57  266.99  259.44
 148   289.584 56123.35043074 24.05  16.797243  -1.380619 16.690  261.57  266.99  259.44
 148   289.478 56123.35043133 27.21  16.798136  -1.383121 25.894  261.57  266.99  259.44
 148   289.657 56123.35043192 29.67  16.799028  -1.385623 30.138  261.57  266.99  259.44
 148   289.352 56123.35043251 32.95  16.799920  -1.388124   -100  261.57  266.99  259.44
 148   289.618 56123.35043310 30.71  16.800813  -1.390626   -100  259.82  265.40  258.01
 148   289.289 56123.35043369 32.88  16.801705  -1.393128   -100  259.82  265.40  258.01
 157   291.371 56212.59119496 43.56  16.794970  -1.366078   -100  253.62  260.90  249.37
 157   291.356 56212.59119555 44.61  16.795863  -1.368579   -100  253.62  260.90  249.37
 157   291.292 56212.59119615 47.27  16.796755  -1.371081  7.954  253.62  260.90  249.37
 157   291.269 56212.59119674 47.97  16.797648  -1.373583 10.437  253.62  260.90  249.37
 157   291.245 56212.59119733 47.96  16.798540  -1.376085 10.150  253.62  260.90  249.37
 157   291.264 56212.59119792 48.92  16.799433  -1.378587  9.126  253.62  260.90  249.37
 157   291.249 56212.59119851 48.87  16.800325  -1.381088  5.544  253.62  260.90  249.37
 157   291.260 56212.59119910 50.89  16.801218  -1.383590  7.758  253.62  260.90  249.37
 157   291.678 56212.59119969 50.91  16.802110  -1.386092   -100  253.62  260.90  249.37
 159   291.759 56232.42248320 51.76  16.796106  -1.364990  0.498  251.52  258.66  247.34
 159   291.539 56232.42248379 52.92  16.796998  -1.367492 13.321  251.52  258.66  247.34
 159   291.516 56232.42248438 55.91  16.797891  -1.369994 21.279  251.52  258.66  247.34
 159   291.472 56232.42248497 55.97  16.798783  -1.372496 28.841  251.52  258.66  247.34
 159   291.507 56232.42248556 57.18  16.799675  -1.374997 23.459  251.52  258.66  247.34
 159   291.541 56232.42248615 56.00  16.800568  -1.377499 17.360  251.52  258.66  247.34
 159   291.647 56232.42248674 51.83  16.801460  -1.380001  9.688  249.18  256.58  245.07
 159   291.490 56232.42248733 56.31  16.802352  -1.382503 26.999  249.18  256.58  245.07
 159   291.455 56232.42248792 52.76  16.803245  -1.385005   -100  249.18  256.58  245.07
 164   292.113 56282.00071177 51.79  16.791931  -1.368630  3.549  244.90  255.23  240.64
 164   292.253 56282.00071236 53.68  16.792824  -1.371132  1.270  244.90  255.23  240.64
 164   291.962 56282.00071295 54.35  16.793716  -1.373633 24.689  242.00  252.63  237.91
 164   291.939 56282.00071354 54.93  16.794608  -1.376135 28.143  242.00  252.63  237.91
 164   291.984 56282.00071413 56.98  16.795501  -1.378636 20.950  242.00  252.63  237.91
 164   292.101 56282.00071472 55.81  16.796393  -1.381138 13.204  242.00  252.63  237.91
 164   291.987 56282.00071532 56.85  16.797285  -1.383639 19.564  242.00  252.63  237.91
 164   291.942 56282.00071591 54.25  16.798178  -1.386141 28.402  242.00  252.63  237.91
 164   291.918 56282.00071650 57.61  16.799070  -1.388643   -100  242.00  252.63  237.91
 164   291.920 56282.00071709 57.09  16.799962  -1.391144   -100  242.00  252.63  237.91
 164   291.919 56282.00071768 57.08  16.800854  -1.393646   -100  242.00  252.63  237.91
 169   290.636 56331.57893658 44.63  16.788874  -1.370057   -100  261.30  265.91  257.39
 169   290.881 56331.57893717 44.80  16.789767  -1.372558   -100  261.30  265.91  257.39
 169   290.845 56331.57893776 46.09  16.790659  -1.375060   -100  261.30  265.91  257.39
 169   290.988 56331.57893835 48.88  16.791551  -1.377561   -100  261.30  265.91  257.39
 169   290.612 56331.57893894 49.97  16.792444  -1.380062  4.090  261.30  265.91  257.39
 169   290.523 56331.57893953 54.08  16.793336  -1.382564   -100  259.79  264.70  256.09
 169   290.503 56331.57894012 54.38  16.794229  -1.385065   -100  259.79  264.70  256.09
 169   290.502 56331.57894071 52.94  16.795121  -1.387567 31.980  259.79  264.70  256.09
 169   290.478 56331.57894130 52.95  16.796013  -1.390068   -100  259.79  264.70  256.09
 169   290.498 56331.57894189 55.07  16.796906  -1.392569 31.966  259.79  264.70  256.09
 169   290.479 56331.57894248 54.07  16.797798  -1.395071   -100  259.79  264.70  256.09
 169   290.475 56331.57894308 56.05  16.798691  -1.397572   -100  259.79  264.70  256.09
 171   289.995 56351.41021555 34.86  16.793357  -1.367004   -100  265.61  271.09  263.46
 171   290.115 56351.41021614 27.81  16.794249  -1.369506 16.569  265.61  271.09  263.46
 171   290.116 56351.41021673 33.76  16.795142  -1.372007   -100  265.61  271.09  263.46
 171   290.046 56351.41021732 28.77  16.796034  -1.374508 19.873  265.61  271.09  263.46
 171   290.038 56351.41021791 24.11  16.796926  -1.377010  9.770  265.61  271.09  263.46
 171   290.016 56351.41021850 24.91  16.797818  -1.379511  9.993  265.61  271.09  263.46
 171   290.203 56351.41021909 28.03  16.798711  -1.382012 15.428  265.61  271.09  263.46
 171   290.045 56351.41021968 32.62  16.799603  -1.384514   -100  265.61  271.09  263.46
 171   290.152 56351.41022027 34.08  16.800495  -1.387015 29.668  263.50  268.97  261.16
 171   289.879 56351.41022087 37.00  16.801388  -1.389517   -100  263.50  268.97  261.16
 171   289.946 56351.41022146 39.88  16.802280  -1.392018 14.464  263.50  268.97  261.16
 174   289.571 56381.15715266 28.70  16.787898  -1.369528 15.651  259.26  265.57  257.49
 174   289.334 56381.15715325 25.87  16.788790  -1.372029 10.530  259.26  265.57  257.49
 174   289.043 56381.15715384 25.08  16.789682  -1.374530  9.766  259.26  265.57  257.49
 174   289.043 56381.15715443 24.60  16.790575  -1.377032  8.915  259.26  265.57  257.49
 174   289.286 56381.15715502 24.61  16.791467  -1.379533  8.158  259.26  265.57  257.49
 174   289.352 56381.15715561 24.36  16.792359  -1.382034  7.905  259.26  265.57  257.49
 174   289.533 56381.15715620 26.01  16.793252  -1.384535  9.702  259.26  265.57  257.49
 174   289.716 56381.15715679 28.17  16.794144  -1.387037 13.610  259.26  265.57  257.49
 174   289.775 56381.15715738 29.02  16.795036  -1.389538 14.563  259.26  265.57  257.49
 174   289.505 56381.15715797 33.73  16.795929  -1.392039   -100  259.26  265.57  257.49
 174   289.716 56381.15715856 34.79  16.796821  -1.394540 30.138  259.26  265.57  257.49
 174   289.507 56381.15715915 33.48  16.797713  -1.397042 31.268  259.26  265.57  257.49
 174   289.683 56381.15715974 31.88  16.798606  -1.399543 22.123 -100.00 -100.00 -100.00
 180   290.677 56440.65100512 31.07  16.790629  -1.368778 18.180  261.26  267.35  258.81
 180   290.299 56440.65100571 26.28  16.791522  -1.371280  8.896  261.26  267.35  258.81
 180   290.204 56440.65100630 25.50  16.792414  -1.373781  7.798  261.26  267.35  258.81
 180   290.004 56440.65100689 24.94  16.793306  -1.376283  6.858  261.26  267.35  258.81
 180   290.036 56440.65100748 24.75  16.794199  -1.378784  7.191  261.26  267.35  258.81
 180   290.368 56440.65100807 24.33  16.795091  -1.381285  6.626  261.26  267.35  258.81
 180   290.466 56440.65100866 24.22  16.795983  -1.383787  6.742  261.26  267.35  258.81
 180   290.464 56440.65100925 34.01  16.796875  -1.386288 31.195  261.26  267.35  258.81
 180   290.719 56440.65100985 29.71  16.797768  -1.388790 15.208  261.26  267.35  258.81
 180   290.389 56440.65101044 26.42  16.798660  -1.391291 10.687  261.26  267.35  258.81
 180   290.317 56440.65101103 32.94  16.799552  -1.393793 27.135  261.26  267.35  258.81
 180   290.398 56440.65101162 33.79  16.800444  -1.396294 29.935  261.26  267.35  258.81
 181   290.647 56450.56665537 49.98  16.787621  -1.369015   -100  265.29  269.76  262.20
 181   290.642 56450.56665596 46.72  16.788513  -1.371516   -100  265.29  269.76  262.20
 181   290.613 56450.56665655 46.11  16.789406  -1.374018   -100  265.29  269.76  262.20
 181   290.676 56450.56665714 49.84  16.790298  -1.376520   -100  265.29  269.76  262.20
 181   290.663 56450.56665773 50.13  16.791190  -1.379021   -100  265.29  269.76  262.20
 181   290.646 56450.56665832 47.35  16.792082  -1.381523   -100  265.29  269.76  262.20
 181   290.591 56450.56665891 46.13  16.792975  -1.384024   -100  263.36  267.76  259.84
 181   290.650 56450.56665950 48.90  16.793867  -1.386526   -100  263.36  267.76  259.84
 181   290.641 56450.56666009 47.19  16.794759  -1.389027   -100  263.36  267.76  259.84
 181   290.641 56450.56666068 50.27  16.795652  -1.391529   -100  263.36  267.76  259.84
 181   290.619 56450.56666128 49.43  16.796544  -1.394030   -100  263.36  267.76  259.84
 181   290.578 56450.56666187 51.02  16.797436  -1.396532   -100  263.36  267.76  259.84
 181   290.591 56450.56666246 52.83  16.798329  -1.399033   -100  263.36  267.76  259.84
 182   290.258 56460.48230355 36.40  16.787039  -1.368159 20.583  266.10  271.32  263.47
 182   290.083 56460.48230414 27.39  16.787931  -1.370660  3.789  266.10  271.32  263.47
 182   289.637 56460.48230473 27.31  16.788823  -1.373162  4.010  266.10  271.32  263.47
 182   289.607 56460.48230532 27.11  16.789716  -1.375663  3.687  266.10  271.32  263.47
 182   289.776 56460.48230591 27.01  16.790608  -1.378165  3.429  266.10  271.32  263.47
 182   289.846 56460.48230650 27.09  16.791500  -1.380667  4.159  263.52  268.58  260.53
 182   289.817 56460.48230709 29.33  16.792393  -1.383168  7.054  263.52  268.58  260.53
 182   289.975 56460.48230768 30.50  16.793285  -1.385670  8.794  263.52  268.58  260.53
 182   289.914 56460.48230827 32.12  16.794178  -1.388171 11.388  263.52  268.58  260.53
 182   289.788 56460.48230886 36.49  16.795070  -1.390673 21.142  263.52  268.58  260.53
 182   289.604 56460.48230945 37.57  16.795962  -1.393174 25.811  263.52  268.58  260.53
 182   289.682 56460.48231004 37.76  16.796855  -1.395676 27.952  263.52  268.58  260.53
 182   289.662 56460.48231064 39.39  16.797747  -1.398178   -100  263.52  268.58  260.53
 183   289.102 56470.39794872 19.73  16.787634  -1.368009  9.197  263.91  268.99  261.27
 183   289.210 56470.39794931 17.08  16.788526  -1.370511  4.518  263.91  268.99  261.27
 183   289.160 56470.39794991 16.98  16.789418  -1.373013  4.313  263.91  268.99  261.27
 183   289.092 56470.39795050 16.79  16.790311  -1.375514  4.450  263.91  268.99  261.27
 183   289.083 56470.39795109 17.48  16.791203  -1.378016  6.191  263.91  268.99  261.27
 183   289.208 56470.39795168 17.03  16.792096  -1.380517  5.127  263.91  268.99  261.27
 183   289.231 56470.39795227 16.98  16.792988  -1.383019  4.619  263.91  268.99  261.27
 183   289.363 56470.39795286 18.00  16.793880  -1.385521  6.881  263.91  268.99  261.27
 183   289.339 56470.39795345 19.99  16.794773  -1.388022  8.564  261.72  266.58  259.15
 183   289.395 56470.39795404 20.97  16.795665  -1.390524 10.879  261.72  266.58  259.15
 183   289.215 56470.39795463 27.85  16.796558  -1.393025   -100  261.72  266.58  259.15
 183   289.416 56470.39795522 25.64  16.797450  -1.395527 22.803  261.72  266.58  259.15
 183   289.598 56470.39795581 27.28  16.798343  -1.398029 27.385  261.72  266.58  259.15
 192   290.365 56559.63872663 40.66  16.789660  -1.367828   -100  262.45  268.23  259.95
 192   290.531 56559.63872722 34.28  16.790553  -1.370330 15.892  262.45  268.23  259.95
 192   290.596 56559.63872781 34.86  16.791445  -1.372831 15.325  262.45  268.23  259.95
 192   290.347 56559.63872840 41.33  16.792338  -1.375333   -100  262.45  268.23  259.95
 192   290.545 56559.63872899 41.63  16.793230  -1.377835   -100  262.45  268.23  259.95
 192   290.738 56559.63872958 42.53  16.794123  -1.380337   -100  260.82  266.77  258.21
 192   290.452 56559.63873017 44.76  16.795015  -1.382839   -100  260.82  266.77  258.21
 192   290.330 56559.63873076 47.13  16.795908  -1.385341  5.198  260.82  266.77  258.21
 192   290.351 56559.63873135 49.12  16.796800  -1.387842 12.437  260.82  266.77  258.21
 192   290.326 56559.63873194 50.28  16.797693  -1.390344 27.922  260.82  266.77  258.21
 192   290.323 56559.63873253 52.25  16.798585  -1.392846   -100  260.82  266.77  258.21
 192   290.334 56559.63873312 53.24  16.799478  -1.395348   -100  260.82  266.77  258.21
 193   290.519 56569.55436906 28.18  16.789698  -1.369585 14.557  259.15  265.27  256.37
 193   290.248 56569.55436965 25.05  16.790590  -1.372087  6.684  259.15  265.27  256.37
 193   290.089 56569.55437024 24.66  16.791483  -1.374589  6.811  259.15  265.27  256.37
 193   290.138 56569.55437083 24.76  16.792375  -1.377091  6.080  259.15  265.27  256.37
 193   290.142 56569.55437142 24.62  16.793268  -1.379592  6.884  259.15  265.27  256.37
 193   290.258 56569.55437201 24.74  16.794160  -1.382094  6.851  259.15  265.27  256.37
 193   290.444 56569.55437260 25.30  16.795052  -1.384596  6.961  259.15  265.27  256.37
 193   290.759 56569.55437319 28.77  16.795945  -1.387098 13.004  257.78  264.19  255.13
 193   290.610 56569.55437378 28.13  16.796837  -1.389600 12.155  257.78  264.19  255.13
 193   290.465 56569.55437437 30.67  16.797730  -1.392102 20.218  257.78  264.19  255.13
 193   290.296 56569.55437496 34.11  16.798622  -1.394604 31.831  257.78  264.19  255.13
 193   290.453 56569.55437555 35.88  16.799515  -1.397105   -100  257.78  264.19  255.13
 194   291.124 56579.47000954 48.70  16.790608  -1.366733   -100  257.61  263.89  253.02
 194   291.122 56579.47001013 49.12  16.791500  -1.369235   -100  256.14  263.04  253.19
 194   291.128 56579.47001072 51.00  16.792393  -1.371737   -100  256.14  263.04  253.19
 194   291.103 56579.47001131 52.03  16.793285  -1.374238  6.374  256.14  263.04  253.19
 194   291.111 56579.47001190 52.93  16.794177  -1.376740  2.003  256.14  263.04  253.19
 194   291.104 56579.47001250 51.60  16.795070  -1.379242  0.511  256.14  263.04  253.19
 194   291.113 56579.47001309 50.33  16.795962  -1.381744   -100  256.14  263.04  253.19
 194   291.109 56579.47001368 52.48  16.796855  -1.384246  2.240  256.14  263.04  253.19
 194   291.109 56579.47001427 49.98  16.797747  -1.386748   -100  256.14  263.04  253.19
 194   291.109 56579.47001486 53.67  16.798639  -1.389250   -100  256.14  263.04  253.19
 194   291.113 56579.47001545 53.96  16.799532  -1.391751   -100  256.14  263.04  253.19
 194   291.100 56579.47001604 51.69  16.800424  -1.394253   -100  256.14  263.04  253.19
 195   291.227 56589.38564698 39.67  16.794916  -1.365862  0.008  257.68  264.38  254.28
 195   291.245 56589.38564757 28.88  16.795809  -1.368364 17.207  257.68  264.38  254.28
 195   290.920 56589.38564817 28.79  16.796701  -1.370866 17.067  257.68  264.38  254.28
 195   291.021 56589.38564876 27.82  16.797594  -1.373368 13.676  257.68  264.38  254.28
 195   291.212 56589.38564935 27.93  16.798486  -1.375869 12.747  257.68  264.38  254.28
 195   291.514 56589.38564994 32.61  16.799378  -1.378371 22.935  257.68  264.38  254.28
 195   291.399 56589.38565053 36.06  16.800271  -1.380873   -100  257.68  264.38  254.28
 195   291.520 56589.38565112 36.82  16.801163  -1.383375   -100  257.68  264.38  254.28
 195   291.201 56589.38565171 36.74  16.802055  -1.385877   -100  255.11  261.89  251.46
 204   290.705 56678.62645964 45.82  16.787265  -1.368152   -100  259.86  264.38  256.06
 204   290.670 56678.62646023 50.04  16.788157  -1.370654  3.939  259.86  264.38  256.06
 204   290.669 56678.62646082 48.86  16.789050  -1.373155   -100  259.86  264.38  256.06
 204   290.630 56678.62646141 51.14  16.789942  -1.375656 13.790  259.86  264.38  256.06
 204   290.612 56678.62646200 50.99  16.790834  -1.378158 26.763  259.86  264.38  256.06
 204   290.597 56678.62646259 52.44  16.791727  -1.380659   -100  259.86  264.38  256.06
 204   290.610 56678.62646318 53.20  16.792619  -1.383161 20.671  259.86  264.38  256.06
 204   290.603 56678.62646377 53.22  16.793511  -1.385662 21.848  259.86  264.38  256.06
 204   290.580 56678.62646436 53.15  16.794404  -1.388163   -100  259.86  264.38  256.06
 204   290.566 56678.62646495 52.53  16.795296  -1.390665   -100  259.86  264.38  256.06
 204   290.523 56678.62646554 53.59  16.796188  -1.393166   -100  259.86  264.38  256.06
 204   290.517 56678.62646613 54.28  16.797081  -1.395667   -100 -100.00 -100.00 -100.00
 204   290.506 56678.62646672 54.28  16.797973  -1.398169   -100 -100.00 -100.00 -100.00
 205   290.514 56688.54210370 33.27  16.787605  -1.368078   -100  263.84  269.91  260.52
 205   290.152 56688.54210429 26.82  16.788497  -1.370579 24.253  263.84  269.91  260.52
 205   290.178 56688.54210488 18.93  16.789390  -1.373081  6.428  263.84  269.91  260.52
 205   289.984 56688.54210547 19.24  16.790282  -1.375582  6.267  263.84  269.91  260.52
 205   289.856 56688.54210606 18.86  16.791174  -1.378083  5.416  262.36  268.75  259.30
 205   289.958 56688.54210665 18.68  16.792066  -1.380585  5.631  262.36  268.75  259.30
 205   289.984 56688.54210724 19.58  16.792959  -1.383086  6.802  262.36  268.75  259.30
 205   290.072 56688.54210783 21.29  16.793851  -1.385588  7.846  262.36  268.75  259.30
 205   290.291 56688.54210842 22.25  16.794743  -1.388089 10.084  262.36  268.75  259.30
 205   290.307 56688.54210901 22.57  16.795636  -1.390590 10.257  262.36  268.75  259.30
 205   289.965 56688.54210960 25.27  16.796528  -1.393092 17.296  262.36  268.75  259.30
 205   290.055 56688.54211019 29.77  16.797420  -1.395593 31.784  262.36  268.75  259.30
 205   290.227 56688.54211078 31.16  16.798312  -1.398095 28.505  262.36  268.75  259.30
 206   290.487 56698.45774541 28.29  16.789515  -1.367313 25.585  262.12  266.28  258.92
 206   290.145 56698.45774600 24.43  16.790407  -1.369814 17.648  262.12  266.28  258.92
 206   290.071 56698.45774659 17.84  16.791299  -1.372316  4.889  262.12  266.28  258.92
 206   289.812 56698.45774718 18.53  16.792192  -1.374817  6.464  262.12  266.28  258.92
 206   289.724 56698.45774777 20.54  16.793084  -1.377319  9.598  262.12  266.28  258.92
 206   289.886 56698.45774836 18.94  16.793976  -1.379820  5.309  262.12  266.28  258.92
 206   289.785 56698.45774895 19.62  16.794868  -1.382321  6.989  262.12  266.28  258.92
 206   289.944 56698.45774954 20.84  16.795761  -1.384823  7.765  262.12  266.28  258.92
 206   290.131 56698.45775013 21.91  16.796653  -1.387324  8.608  262.12  266.28  258.92
 206   289.994 56698.45775072 23.54  16.797545  -1.389825 12.299  262.12  266.28  258.92
 206   289.752 56698.45775131 25.97  16.798437  -1.392327 19.601  262.12  266.28  258.92
 206   289.877 56698.45775190 29.79  16.799330  -1.394828 32.441  262.12  266.28  258.92
 206   290.060 56698.45775249 30.72  16.800222  -1.397330   -100 -100.00 -100.00 -100.00
 207   290.020 56708.37338294 25.68  16.793209  -1.367835 21.772  263.78  268.27  261.10
 207   289.903 56708.37338353 19.71  16.794101  -1.370336  9.784  263.78  268.27  261.10
 207   289.523 56708.37338412 19.19  16.794994  -1.372837  9.053  263.78  268.27  261.10
 207   289.470 56708.37338471 18.28  16.795886  -1.375339  6.656  263.78  268.27  261.10
 207   289.510 56708.37338530 18.57  16.796778  -1.377840  7.585  263.78  268.27  261.10
 207   289.574 56708.37338589 18.36  16.797671  -1.380341  6.413  263.78  268.27  261.10
 207   289.764 56708.37338648 19.93  16.798563  -1.382843  7.964  263.78  268.27  261.10
 207   289.921 56708.37338707 21.80  16.799455  -1.385344 10.639  263.78  268.27  261.10
 207   289.955 56708.37338766 22.89  16.800347  -1.387845 13.089  263.78  268.27  261.10
 207   289.686 56708.37338825 26.10  16.801240  -1.390347 20.560  262.69  267.47  260.68
 207   289.882 56708.37338884 27.79  16.802132  -1.392848 26.360  262.69  267.47  260.68
 211   289.799 56748.03596825 52.12  16.785917  -1.370938  7.059  258.69  264.91  256.07
 211   289.942 56748.03596884 50.03  16.786809  -1.373439   -100  258.69  264.91  256.07
 211   289.880 56748.03596943 53.01  16.787701  -1.375940  1.522  258.69  264.91  256.07
 211   289.633 56748.03597002 44.28  16.788593  -1.378442  0.221  258.69  264.91  256.07
 211   289.585 56748.03597061 49.17  16.789485  -1.380943 30.067  258.69  264.91  256.07
 211   289.588 56748.03597120 51.41  16.790377  -1.383444 28.086  258.69  264.91  256.07
 211   289.715 56748.03597179 50.25  16.791270  -1.385945  8.883  258.69  264.91  256.07
 211   289.576 56748.03597238 51.28  16.792162  -1.388447 26.405  257.25  263.63  254.90
 211   289.545 56748.03597297 43.17  16.793054  -1.390948  3.683  257.25  263.63  254.90
 211   289.526 56748.03597356 47.57  16.793946  -1.393449 26.490  257.25  263.63  254.90
 211   289.553 56748.03597415 49.29  16.794838  -1.395950 20.624  257.25  263.63  254.90
 211   289.984 56748.03597474 49.23  16.795730  -1.398452   -100  257.25  263.63  254.90
 211   289.879 56748.03597533 50.98  16.796622  -1.400953   -100  257.25  263.63  254.90
 212   289.883 56757.95160823 48.95  16.788239  -1.369488   -100  261.49  267.78  258.95
 212   289.998 56757.95160882 50.04  16.789131  -1.371989   -100  259.04  265.32  256.15
 212   289.706 56757.95160941 52.19  16.790023  -1.374491 10.257  259.04  265.32  256.15
 212   289.756 56757.95161000 54.12  16.790915  -1.376992  9.441  259.04  265.32  256.15
 212   289.630 56757.95161059 55.22  16.791807  -1.379493 18.190  259.04  265.32  256.15
 212   289.557 56757.95161118 54.19  16.792699  -1.381994 32.249  259.04  265.32  256.15
 212   289.551 56757.95161177 50.83  16.793592  -1.384496 25.344  259.04  265.32  256.15
 212   289.587 56757.95161236 56.08  16.794484  -1.386997 22.752  259.04  265.32  256.15
 212   289.563 56757.95161295 52.43  16.795376  -1.389498 20.146  259.04  265.32  256.15
 212   289.568 56757.95161354 55.28  16.796268  -1.391999 23.600  259.04  265.32  256.15
 212   289.501 56757.95161413 55.37  16.797160  -1.394501   -100  259.04  265.32  256.15
 212   289.510 56757.95161472 56.31  16.798052  -1.397002   -100  259.04  265.32  256.15
 215   290.405 56787.69854295 48.19  16.788656  -1.369006   -100  259.44  266.17  256.88
 215   290.409 56787.69854354 50.05  16.789548  -1.371508  9.394  259.44  266.17  256.88
 215   290.389 56787.69854413 50.39  16.790440  -1.374009 13.011  259.44  266.17  256.88
 215   290.391 56787.69854472 47.45  16.791333  -1.376511   -100  259.44  266.17  256.88
 215   290.378 56787.69854531 51.39  16.792225  -1.379012 20.439  259.44  266.17  256.88
 215   290.356 56787.69854590 50.42  16.793117  -1.381513 17.841  259.44  266.17  256.88
 215   290.350 56787.69854649 53.37  16.794009  -1.384015   -100  259.44  266.17  256.88
 215   290.346 56787.69854708 52.38  16.794902  -1.386516 28.915  259.44  266.17  256.88
 215   290.342 56787.69854767 53.36  16.795794  -1.389017 32.684  259.44  266.17  256.88
 215   290.333 56787.69854826 54.34  16.796686  -1.391519   -100  259.44  266.17  256.88
 215   290.321 56787.69854885 53.97  16.797578  -1.394020   -100  259.44  266.17  256.88
 215   290.319 56787.69854944 56.33  16.798471  -1.396521   -100  259.44  266.17  256.88
 216   291.026 56797.61419559 51.97  16.784918  -1.371658   -100  258.93  265.18  255.29
 216   291.084 56797.61419618 52.30  16.785810  -1.374159   -100  258.93  265.18  255.29
 216   291.001 56797.61419677 54.05  16.786702  -1.376661  5.733  258.93  265.18  255.29
 216   290.985 56797.61419736 57.29  16.787594  -1.379162 17.323  258.93  265.18  255.29
 216   290.990 56797.61419795 56.41  16.788487  -1.381664 11.782  258.93  265.18  255.29
 216   290.994 56797.61419854 55.01  16.789379  -1.384165  9.090  258.93  265.18  255.29
 216   290.991 56797.61419913 54.81  16.790271  -1.386666  4.888  258.93  265.18  255.29
 216   290.990 56797.61419972 55.14  16.791163  -1.389168  6.504  258.93  265.18  255.29
 216   290.987 56797.61420031 54.40  16.792056  -1.391669  4.510  258.93  265.18  255.29
 216   290.992 56797.61420090 51.55  16.792948  -1.394171   -100  258.93  265.18  255.29
 216   290.986 56797.61420149 54.20  16.793840  -1.396672   -100  258.93  265.18  255.29
 216   290.981 56797.61420208 54.74  16.794733  -1.399173   -100  258.93  265.18  255.29
 216   290.975 56797.61420267 55.38  16.795625  -1.401675   -100  258.93  265.18  255.29
 223   290.372 56867.02369123 49.34  16.789512  -1.368542   -100  258.60  265.06  256.27
 223   290.390 56867.02369182 50.35  16.790405  -1.371043   -100  258.60  265.06  256.27
 223   290.370 56867.02369241 53.07  16.791297  -1.373545   -100  258.60  265.06  256.27
 223   289.938 56867.02369300 54.48  16.792189  -1.376047   -100  258.60  265.06  256.27
 223   289.946 56867.02369359 57.47  16.793082  -1.378548   -100  258.60  265.06  256.27
 223   289.938 56867.02369418 55.58  16.793974  -1.381050   -100  258.60  265.06  256.27
 223   289.937 56867.02369477 56.35  16.794866  -1.383551 31.636  258.60  265.06  256.27
 223   289.945 56867.02369536 53.88  16.795759  -1.386053 27.010  258.60  265.06  256.27
 223   289.934 56867.02369595 55.73  16.796651  -1.388555 29.262  258.60  265.06  256.27
 223   289.942 56867.02369654 56.30  16.797544  -1.391056 25.840  258.60  265.06  256.27
 223   289.932 56867.02369713 56.31  16.798436  -1.393558 26.365  258.60  265.06  256.27
 223   289.894 56867.02369773 57.45  16.799328  -1.396059   -100  258.60  265.06  256.27
 224   290.297 56876.93934228 51.27  16.788008  -1.367893 11.387  256.46  261.71  254.11
 224   290.580 56876.93934287 49.32  16.788901  -1.370395   -100  256.46  261.71  254.11
 224   290.577 56876.93934346 52.37  16.789793  -1.372896   -100  256.46  261.71  254.11
 224   290.457 56876.93934405 54.04  16.790685  -1.375398  1.804  256.46  261.71  254.11
 224   290.168 56876.93934464 56.37  16.791578  -1.377900   -100  256.46  261.71  254.11
 224   290.144 56876.93934523 58.44  16.792470  -1.380401   -100  256.46  261.71  254.11
 224   290.133 56876.93934582 58.45  16.793362  -1.382903   -100  256.46  261.71  254.11
 224   290.143 56876.93934641 58.43  16.794255  -1.385405   -100  256.46  261.71  254.11
 224   290.136 56876.93934700 57.20  16.795147  -1.387906   -100  256.46  261.71  254.11
 224   290.127 56876.93934759 56.05  16.796040  -1.390408   -100  256.46  261.71  254.11
 224   290.105 56876.93934818 57.67  16.796932  -1.392910   -100  256.46  261.71  254.11
 224   290.090 56876.93934878 56.40  16.797824  -1.395411   -100 -100.00 -100.00 -100.00
 224   290.102 56876.93934937 57.47  16.798717  -1.397913   -100 -100.00 -100.00 -100.00
 227   290.797 56906.68627880 55.42  16.785402  -1.369586   -100  256.33  262.84  253.21
 227   290.861 56906.68627939 52.26  16.786294  -1.372088  8.952  256.33  262.84  253.21
 227   290.860 56906.68627998 55.25  16.787187  -1.374589 14.185  256.33  262.84  253.21
 227   290.833 56906.68628057 54.37  16.788079  -1.377091 19.377  256.33  262.84  253.21
 227   290.832 56906.68628116 55.97  16.788972  -1.379593 22.630  256.33  262.84  253.21
 227   290.820 56906.68628175 56.30  16.789864  -1.382094 24.808  256.33  262.84  253.21
 227   290.813 56906.68628234 56.32  16.790757  -1.384596 27.379  256.33  262.84  253.21
 227   290.809 56906.68628293 57.42  16.791649  -1.387098 29.139  257.23  264.19  254.72
 227   290.777 56906.68628352 55.77  16.792542  -1.389600   -100  257.23  264.19  254.72
 227   290.767 56906.68628412 56.31  16.793434  -1.392101   -100  257.23  264.19  254.72
 227   290.788 56906.68628471 56.49  16.794327  -1.394603 28.324  257.23  264.19  254.72
 227   290.759 56906.68628530 56.38  16.795219  -1.397105   -100  257.23  264.19  254.72
 227   290.750 56906.68628589 57.16  16.796112  -1.399607   -100  257.23  264.19  254.72
 228   291.058 56916.60191989 34.63  16.785138  -1.370310 19.394  257.29  263.51  253.60
 228   290.836 56916.60192048 29.93  16.786030  -1.372812  8.649  257.29  263.51  253.60
 228   290.708 56916.60192107 30.56  16.786923  -1.375313  9.178  257.29  263.51  253.60
 228   290.751 56916.60192166 29.97  16.787815  -1.377815  8.587  257.29  263.51  253.60
 228   290.761 56916.60192225 30.84  16.788707  -1.380317  9.383  257.29  263.51  253.60
 228   290.732 56916.60192284 31.21  16.789600  -1.382819 10.643  255.27  261.65  251.43
 228   290.783 56916.60192343 32.32  16.790492  -1.385321 11.596  255.27  261.65  251.43
 228   290.957 56916.60192402 33.86  16.791385  -1.387823 17.220  255.27  261.65  251.43
 228   291.039 56916.60192461 32.29  16.792277  -1.390324 11.148  255.27  261.65  251.43
 228   291.151 56916.60192520 35.85  16.793170  -1.392826 21.078  255.27  261.65  251.43
 228   291.246 56916.60192579 38.37  16.794062  -1.395328 26.425  255.27  261.65  251.43
 228   291.000 56916.60192638 40.94  16.794954  -1.397830   -100  255.27  261.65  251.43
 228   291.310 56916.60192697 42.17  16.795847  -1.400332   -100  255.27  261.65  251.43
 231   291.685 56946.34882607 50.37  16.795680  -1.366290 11.239  253.26  261.52  250.42
 231   291.680 56946.34882666 49.11  16.796572  -1.368791   -100  253.26  261.52  250.42
 231   291.653 56946.34882725 51.27  16.797464  -1.371293 10.654  253.26  261.52  250.42
 231   291.630 56946.34882784 52.86  16.798357  -1.373795 20.052  253.26  261.52  250.42
 231   291.608 56946.34882843 53.00  16.799249  -1.376297 30.227  253.26  261.52  250.42
 231   291.591 56946.34882902 51.56  16.800141  -1.378799 30.243  253.26  261.52  250.42
 231   291.574 56946.34882961 51.87  16.801034  -1.381301   -100  253.26  261.52  250.42
 231   291.554 56946.34883020 53.50  16.801926  -1.383803   -100  253.26  261.52  250.42
 231   291.539 56946.34883080 53.49  16.802819  -1.386304   -100  253.26  261.52  250.42
 235   292.395 56986.01141378 44.26  16.789940  -1.369018  2.293  235.31  247.17  228.56
 235   292.400 56986.01141437 49.80  16.790832  -1.371519 27.054  235.31  247.17  228.56
 235   292.700 56986.01141496 49.09  16.791724  -1.374021   -100  235.31  247.17  228.56
 235   292.709 56986.01141555 50.18  16.792617  -1.376523   -100  235.31  247.17  228.56
 235   292.426 56986.01141614 51.44  16.793509  -1.379024 17.066  235.31  247.17  228.56
 235   292.414 56986.01141673 53.46  16.794401  -1.381526 27.218  235.31  247.17  228.56
 235   292.454 56986.01141732 53.37  16.795293  -1.384028 16.938  235.31  247.17  228.56
 235   292.658 56986.01141791 54.15  16.796186  -1.386529  5.861  235.31  247.17  228.56
 235   292.465 56986.01141850 54.39  16.797078  -1.389031 17.896  235.31  247.17  228.56
 235   292.406 56986.01141909 56.36  16.797970  -1.391532 26.397  235.31  247.17  228.56
 235   292.385 56986.01141968 55.64  16.798863  -1.394034   -100  235.31  247.17  228.56
 235   292.391 56986.01142027 56.39  16.799755  -1.396536 29.195  235.31  247.17  228.56
 236   292.945 56995.92704765 52.08  16.792950  -1.365637   -100  234.46  247.63  230.23
 236   292.619 56995.92704824 54.42  16.793843  -1.368139 20.071  234.46  247.63  230.23
 236   292.610 56995.92704883 55.17  16.794735  -1.370640 31.234  234.46  247.63  230.23
 236   292.591 56995.92704942 51.26  16.795627  -1.373142 17.491  234.46  247.63  230.23
 236   292.576 56995.92705002 52.91  16.796520  -1.375644 24.096  234.46  247.63  230.23
 236   292.648 56995.92705061 54.31  16.797412  -1.378145 10.982  234.46  247.63  230.23
 236   292.824 56995.92705120 53.67  16.798304  -1.380647  1.763  234.46  247.63  230.23
 236   292.879 56995.92705179 53.39  16.799196  -1.383148   -100  234.46  247.63  230.23
 236   292.575 56995.92705238 55.34  16.800089  -1.385650 28.770  234.46  247.63  230.23
 236   292.583 56995.92705297 53.91  16.800981  -1.388152   -100  234.46  247.63  230.23
 236   292.567 56995.92705356 55.23  16.801873  -1.390653   -100  238.71  252.37  237.20
 236   292.568 56995.92705415 51.83  16.802766  -1.393155 24.699  238.71  252.37  237.20
 239   291.961 57025.67399608 33.46  16.789440  -1.368555 10.532  242.34  251.22  236.95
 239   291.969 57025.67399667 30.94  16.790332  -1.371056  5.799  242.34  251.22  236.95
 239   291.711 57025.67399726 31.23  16.791225  -1.373557  6.048  242.34  251.22  236.95
 239   291.486 57025.67399785 31.94  16.792117  -1.376059  6.722  242.34  251.22  236.95
 239   291.807 57025.67399844 31.39  16.793009  -1.378560  6.417  242.34  251.22  236.95
 239   291.943 57025.67399903 31.15  16.793902  -1.381062  5.820  242.34  251.22  236.95
 239   292.145 57025.67399962 32.86  16.794794  -1.383563  7.146  242.34  251.22  236.95
 239   292.036 57025.67400021 37.28  16.795687  -1.386065 16.856  242.34  251.22  236.95
 239   292.081 57025.67400081 40.68  16.796579  -1.388566 27.843  242.34  251.22  236.95
 239   292.319 57025.67400140 42.18  16.797472  -1.391067 26.644  242.14  251.73  237.93
 239   292.189 57025.67400199 42.82  16.798364  -1.393569   -100  242.14  251.73  237.93
 239   292.077 57025.67400258 44.43  16.799257  -1.396070   -100  242.14  251.73  237.93
 243   289.936 57065.33657348 47.38  16.791432  -1.368161   -100  261.61  266.88  258.68
 243   289.977 57065.33657407 51.44  16.792325  -1.370662   -100  261.61  266.88  258.68
 243   289.620 57065.33657467 53.38  16.793217  -1.373163 12.399  261.61  266.88  258.68
 243   289.555 57065.33657526 56.48  16.794109  -1.375665   -100  261.61  266.88  258.68
 243   289.552 57065.33657585 56.77  16.795001  -1.378166 31.603  261.61  266.88  258.68
 243   289.533 57065.33657644 54.72  16.795894  -1.380667 31.810  261.61  266.88  258.68
 243   289.542 57065.33657703 56.15  16.796786  -1.383169 30.702  261.61  266.88  258.68
 243   289.547 57065.33657762 53.87  16.797678  -1.385670 22.070  261.61  266.88  258.68
 243   289.521 57065.33657821 56.47  16.798571  -1.388172 32.684  261.61  266.88  258.68
 243   289.491 57065.33657880 53.39  16.799463  -1.390673   -100  260.37  266.12  258.40
 243   289.482 57065.33657939 55.61  16.800355  -1.393174   -100  260.37  266.12  258.40
 243   289.458 57065.33657998 52.29  16.801247  -1.395676   -100  260.37  266.12  258.40
 247   289.794 57104.99914853 48.32  16.789220  -1.368902   -100  258.17  263.89  255.61
 247   289.620 57104.99914912 51.20  16.790112  -1.371403   -100  258.17  263.89  255.61
 247   289.479 57104.99914971 54.32  16.791004  -1.373904 11.424  258.17  263.89  255.61
 247   289.505 57104.99915030 55.32  16.791896  -1.376405 11.647  258.17  263.89  255.61
 247   289.347 57104.99915089 55.95  16.792788  -1.378907 23.280  258.17  263.89  255.61
 247   289.316 57104.99915148 56.01  16.793680  -1.381408 29.063  258.17  263.89  255.61
 247   289.300 57104.99915207 56.04  16.794572  -1.383909   -100  258.17  263.89  255.61
 247   289.309 57104.99915266 54.29  16.795464  -1.386411 28.246  258.17  263.89  255.61
 247   289.313 57104.99915325 55.98  16.796356  -1.388912 25.537  258.17  263.89  255.61
 247   289.270 57104.99915384 56.49  16.797248  -1.391413   -100  258.17  263.89  255.61
 247   289.241 57104.99915443 56.52  16.798140  -1.393914   -100  258.17  263.89  255.61
 247   289.211 57104.99915502 56.84  16.799032  -1.396416   -100  258.17  263.89  255.61
 251   290.061 57144.66172163 26.38  16.790575  -1.367551 11.985  261.05  267.62  261.30
 251   289.684 57144.66172222 27.31  16.791468  -1.370053 16.635  261.05  267.62  261.30
 251   289.062 57144.66172281 26.61  16.792360  -1.372554 15.751  261.05  267.62  261.30
 251   289.502 57144.66172340 24.34  16.793252  -1.375055 12.097  261.05  267.62  261.30
 251   289.391 57144.66172400 24.87  16.794145  -1.377557 12.243  261.05  267.62  261.30
 251   289.682 57144.66172459 23.71  16.795037  -1.380058  8.181  259.81  266.53  260.14
 251   289.884 57144.66172518 24.24  16.795929  -1.382560  9.820  259.81  266.53  260.14
 251   289.846 57144.66172577 25.84  16.796821  -1.385061 14.081  259.81  266.53  260.14
 251   289.839 57144.66172636 27.09  16.797714  -1.387562 16.193  259.81  266.53  260.14
 251   289.956 57144.66172695 28.29  16.798606  -1.390064 19.234  259.81  266.53  260.14
 251   290.056 57144.66172754 32.19  16.799498  -1.392565   -100  259.81  266.53  260.14
 251   290.237 57144.66172813 32.94  16.800391  -1.395066   -100  259.81  266.53  260.14
 255   290.141 57184.32430390 23.84  16.790075  -1.367998 10.481  261.43  267.69  258.53
 255   290.106 57184.32430449 22.71  16.790968  -1.370500 10.291  261.43  267.69  258.53
 255   289.832 57184.32430508 22.98  16.791860  -1.373001 11.108  261.43  267.69  258.53
 255   289.647 57184.32430567 22.84  16.792752  -1.375503  9.180  261.43  267.69  258.53
 255   289.787 57184.32430626 22.26  16.793645  -1.378004  9.257  259.23  265.66  256.55
 255   289.831 57184.32430685 22.61  16.794537  -1.380506  9.659  259.23  265.66  256.55
 255   289.882 57184.32430744 24.61  16.795429  -1.383008 13.056  259.23  265.66  256.55
 255   289.870 57184.32430803 25.89  16.796322  -1.385509 14.501  259.23  265.66  256.55
 255   289.908 57184.32430863 30.49  16.797214  -1.388011 31.620  259.23  265.66  256.55
 255   290.017 57184.32430922 31.33  16.798107  -1.390512   -100  259.23  265.66  256.55
 255   290.253 57184.32430981 32.05  16.798999  -1.393014   -100  259.23  265.66  256.55
 255   290.496 57184.32431040 33.33  16.799891  -1.395515 28.700  259.23  265.66  256.55
 259   290.072 57223.98687721 48.20  16.788868  -1.369158   -100  261.53  267.84  260.87
 259   290.057 57223.98687780 51.38  16.789761  -1.371660  7.125  261.53  267.84  260.87
 259   290.045 57223.98687839 53.54  16.790653  -1.374162 22.280  261.53  267.84  260.87
 259   290.066 57223.98687898 47.91  16.791545  -1.376663  5.356  261.53  267.84  260.87
 259   290.007 57223.98687957 36.23  16.792438  -1.379165   -100  261.53  267.84  260.87
 259   289.672 57223.98688016 32.91  16.793330  -1.381667 26.256  261.53  267.84  260.87
 259   289.945 57223.98688075 33.87  16.794223  -1.384168 24.734  261.53  267.84  260.87
 259   289.804 57223.98688134 37.12  16.795115  -1.386670   -100  261.53  267.84  260.87
 259   289.735 57223.98688193 41.23  16.796007  -1.389171   -100  259.62  266.07  259.24
 259   290.116 57223.98688252 40.90  16.796900  -1.391673   -100  259.62  266.07  259.24
 259   290.274 57223.98688311 42.23  16.797792  -1.394175   -100  259.62  266.07  259.24
 259   290.224 57223.98688370 44.29  16.798684  -1.396676   -100  259.62  266.07  259.24
 263   290.228 57263.64942721 49.54  16.794304  -1.365586   -100  263.01  268.34  261.59
 263   290.288 57263.64942780 51.54  16.795197  -1.368088   -100  263.01  268.34  261.59
 263   290.068 57263.64942839 51.44  16.796089  -1.370590  2.100  263.01  268.34  261.59
 263   290.046 57263.64942898 52.91  16.796982  -1.373091  5.727  263.01  268.34  261.59
 263   290.175 57263.64942957 50.93  16.797874  -1.375593   -100  263.01  268.34  261.59
 263   290.187 57263.64943016 55.62  16.798767  -1.378095   -100  263.01  268.34  261.59
 263   290.200 57263.64943075 51.60  16.799659  -1.380597   -100  263.01  268.34  261.59
 263   290.102 57263.64943134 52.05  16.800552  -1.383099  0.677  263.01  268.34  261.59
 263   290.113 57263.64943193 51.07  16.801444  -1.385601  0.000  261.92  267.65  260.56
 263   290.118 57263.64943252 53.69  16.802337  -1.388102   -100  261.92  267.65  260.56
 267   290.294 57303.31202940 40.59  16.789915  -1.367183  8.446  258.03  264.10  259.03
 267   290.282 57303.31202999 30.16  16.790807  -1.369685 25.717  258.03  264.10  259.03
 267   290.141 57303.31203058 25.26  16.791700  -1.372187 11.476  258.03  264.10  259.03
 267   289.773 57303.31203117 26.82  16.792592  -1.374689 15.590  258.03  264.10  259.03
 267   289.914 57303.31203176 25.30  16.793484  -1.377191 10.869  258.03  264.10  259.03
 267   290.115 57303.31203235 26.84  16.794377  -1.379693 15.412  258.03  264.10  259.03
 267   290.320 57303.31203294 30.13  16.795269  -1.382194 24.513  258.03  264.10  259.03
 267   290.218 57303.31203353 33.12  16.796162  -1.384696   -100  258.03  264.10  259.03
 267   290.351 57303.31203412 34.32  16.797054  -1.387198   -100  258.03  264.10  259.03
 267   290.468 57303.31203472 34.15  16.797947  -1.389700 31.643  258.03  264.10  259.03
 267   290.178 57303.31203531 39.37  16.798839  -1.392202  4.120  258.03  264.10  259.03
 267   290.250 57303.31203590 39.39  16.799731  -1.394704  7.691  258.03  264.10  259.03
 270   291.223 57333.05896331 53.68  16.786235  -1.368943   -100  249.57  258.56  248.11
 270   291.198 57333.05896390 54.49  16.787128  -1.371445   -100  249.57  258.56  248.11
 270   291.189 57333.05896449 54.73  16.788020  -1.373946   -100  249.57  258.56  248.11
 270   291.183 57333.05896508 51.80  16.788913  -1.376448   -100  249.57  258.56  248.11
 270   291.158 57333.05896567 52.69  16.789805  -1.378950   -100  249.57  258.56  248.11
 270   291.144 57333.05896627 50.02  16.790698  -1.381451   -100  249.57  258.56  248.11
 270   291.144 57333.05896686 53.67  16.791590  -1.383953   -100  249.57  258.56  248.11
 270   291.192 57333.05896745 52.57  16.792482  -1.386455 17.711  249.57  258.56  248.11
 270   291.191 57333.05896804 53.55  16.793375  -1.388956 19.120  249.57  258.56  248.11
 270   291.130 57333.05896863 52.61  16.794267  -1.391458 28.275  249.57  258.56  248.11
 270   291.236 57333.05896922 54.45  16.795160  -1.393960 14.584  249.57  258.56  248.11
 270   291.142 57333.05896981 54.57  16.796052  -1.396462 27.541 -100.00 -100.00 -100.00
 270   291.107 57333.05897040 55.97  16.796945  -1.398963   -100 -100.00 -100.00 -100.00
 271   291.868 57342.97460353 54.46  16.788833  -1.369551 10.909  244.03  254.57  240.01
 271   291.737 57342.97460412 54.60  16.789726  -1.372052 21.848  244.03  254.57  240.01
 271   291.769 57342.97460471 56.51  16.790618  -1.374554 18.897  244.03  254.57  240.01
 271   291.714 57342.97460530 55.20  16.791511  -1.377056 26.297  244.03  254.57  240.01
 271   291.683 57342.97460589 55.58  16.792403  -1.379557   -100  244.03  254.57  240.01
 271   291.708 57342.97460648 55.99  16.793295  -1.382059 27.475  244.03  254.57  240.01
 271   291.672 57342.97460707 56.61  16.794188  -1.384561 32.545  244.03  254.57  240.01
 271   291.728 57342.97460766 56.52  16.795080  -1.387062 20.301  244.03  254.57  240.01
 271   291.696 57342.97460825 57.65  16.795972  -1.389564 26.260  244.03  254.57  240.01
 271   291.673 57342.97460884 56.01  16.796865  -1.392066 29.345  244.03  254.57  240.01
 271   291.681 57342.97460943 57.72  16.797757  -1.394567 28.942 -100.00 -100.00 -100.00
 271   291.641 57342.97461002 54.89  16.798650  -1.397069   -100 -100.00 -100.00 -100.00
 275   292.695 57382.63717938 53.53  16.789377  -1.367805 15.518  235.88  248.01  230.11
 275   292.698 57382.63717997 53.53  16.790269  -1.370306 15.395  235.88  248.01  230.11
 275   292.822 57382.63718056 54.40  16.791161  -1.372808  8.641  235.88  248.01  230.11
 275   292.669 57382.63718115 54.14  16.792054  -1.375309 18.231  235.88  248.01  230.11
 275   292.619 57382.63718174 54.48  16.792946  -1.377811 30.999  235.88  248.01  230.11
 275   292.705 57382.63718233 55.50  16.793839  -1.380312 16.600  235.88  248.01  230.11
 275   292.624 57382.63718292 55.15  16.794731  -1.382814 29.574  235.88  248.01  230.11
 275   292.644 57382.63718351 55.22  16.795624  -1.385315 25.368  235.88  248.01  230.11
 275   292.614 57382.63718410 56.42  16.796516  -1.387817 30.384  235.88  248.01  230.11
 275   292.634 57382.63718469 56.54  16.797409  -1.390318 24.605  235.88  248.01  230.11
 275   292.626 57382.63718528 56.55  16.798301  -1.392820 26.789  236.35  249.15  231.76
 275   292.593 57382.63718588 57.36  16.799193  -1.395321   -100  236.35  249.15  231.76
 282   289.673 57452.04669652 51.22  16.786541  -1.369116 18.548  259.96  266.81  256.74
 282   289.682 57452.04669711 52.73  16.787433  -1.371617 28.971  259.96  266.81  256.74
 282   289.654 57452.04669770 52.74  16.788325  -1.374118 30.445  259.96  266.81  256.74
 282   289.674 57452.04669829 54.64  16.789217  -1.376619 24.402  259.96  266.81  256.74
 282   289.630 57452.04669888 55.37  16.790109  -1.379121 31.932  259.96  266.81  256.74
 282   289.627 57452.04669947 56.49  16.791001  -1.381622 30.864  259.96  266.81  256.74
 282   289.618 57452.04670006 56.50  16.791893  -1.384123 31.045  259.96  266.81  256.74
 282   289.612 57452.04670065 55.42  16.792786  -1.386625 29.605  259.96  266.81  256.74
 282   289.623 57452.04670124 54.87  16.793678  -1.389126 26.539  259.96  266.81  256.74
 282   289.598 57452.04670183 54.67  16.794570  -1.391627 29.151  259.96  266.81  256.74
 282   289.556 57452.04670242 54.72  16.795462  -1.394128   -100  259.96  266.81  256.74
 282   289.576 57452.04670301 55.69  16.796354  -1.396630 32.684  259.96  266.81  256.74
 282   289.549 57452.04670360 55.71  16.797246  -1.399131   -100 -100.00 -100.00 -100.00
 283   290.180 57461.96234097 37.83  16.787802  -1.367929   -100  259.99  266.29  255.72
 283   289.763 57461.96234156 39.12  16.788694  -1.370430   -100  259.99  266.29  255.72
 283   289.779 57461.96234215 44.63  16.789586  -1.372931 21.044  259.99  266.29  255.72
 283   289.748 57461.96234274 41.00  16.790478  -1.375432   -100  259.99  266.29  255.72
 283   289.728 57461.96234333 39.42  16.791370  -1.377934   -100  259.99  266.29  255.72
 283   289.713 57461.96234392 35.45  16.792262  -1.380435 30.109  259.99  266.29  255.72
 283   289.721 57461.96234451 31.69  16.793154  -1.382936 17.478  259.99  266.29  255.72
 283   289.950 57461.96234510 38.77  16.794046  -1.385437   -100  259.99  266.29  255.72
 283   289.840 57461.96234569 39.29  16.794939  -1.387939   -100  259.22  266.14  256.03
 283   289.881 57461.96234628 38.56  16.795831  -1.390440   -100  259.22  266.14  256.03
 283   289.962 57461.96234687 41.47  16.796723  -1.392941   -100  259.22  266.14  256.03
 283   290.306 57461.96234746 41.15  16.797615  -1.395443 29.123  259.22  266.14  256.03
 283   290.009 57461.96234805 43.12  16.798507  -1.397944   -100  259.22  266.14  256.03
 287   290.442 57501.62488570 50.37  16.796413  -1.365923   -100  261.28  267.74  257.50
 287   290.099 57501.62488629 50.75  16.797305  -1.368425 18.146  261.28  267.74  257.50
 287   290.068 57501.62488688 53.71  16.798197  -1.370926 27.541  261.28  267.74  257.50
 287   290.096 57501.62488747 52.12  16.799090  -1.373427 20.648  261.28  267.74  257.50
 287   290.039 57501.62488806 46.13  16.799982  -1.375929 16.216  261.28  267.74  257.50
 287   290.118 57501.62488865 52.83  16.800874  -1.378430 17.442  261.28  267.74  257.50
 287   290.044 57501.62488924 45.44  16.801767  -1.380931  7.107  259.75  266.37  255.51
 287   290.065 57501.62488983 52.71  16.802659  -1.383433 24.453  259.75  266.37  255.51
 287   290.524 57501.62489042 49.56  16.803551  -1.385934   -100  259.75  266.37  255.51
 293   291.212 57561.11878537 52.51  16.787718  -1.369955 11.424  254.96  261.36  252.09
 293   291.196 57561.11878596 54.53  16.788610  -1.372456 16.981  254.96  261.36  252.09
 293   291.174 57561.11878655 55.68  16.789502  -1.374958 28.859  254.96  261.36  252.09
 293   291.155 57561.11878714 55.02  16.790395  -1.377459   -100  254.96  261.36  252.09
 293   291.143 57561.11878773 57.65  16.791287  -1.379960   -100  254.96  261.36  252.09
 293   291.138 57561.11878833 56.73  16.792180  -1.382462   -100  254.96  261.36  252.09
 293   291.121 57561.11878892 56.58  16.793072  -1.384963   -100  254.96  261.36  252.09
 293   291.109 57561.11878951 58.79  16.793964  -1.387465   -100  254.96  261.36  252.09
 293   291.098 57561.11879010 56.13  16.794857  -1.389966   -100  254.96  261.36  252.09
 293   291.081 57561.11879069 57.10  16.795749  -1.392468   -100  254.96  261.36  252.09
 293   291.067 57561.11879128 57.81  16.796642  -1.394969   -100  254.96  261.36  252.09
 293   291.044 57561.11879187 56.89  16.797534  -1.397471   -100  254.96  261.36  252.09
 294   290.951 57571.03442955 50.73  16.787484  -1.368949   -100  255.64  260.71  252.53
 294   290.946 57571.03443014 49.65  16.788376  -1.371450   -100  255.64  260.71  252.53
 294   290.718 57571.03443073 54.48  16.789269  -1.373952  6.406  255.64  260.71  252.53
 294   290.489 57571.03443132 55.50  16.790161  -1.376454 32.310  255.64  260.71  252.53
 294   290.476 57571.03443191 56.30  16.791053  -1.378955   -100  255.64  260.71  252.53
 294   290.541 57571.03443250 56.63  16.791946  -1.381457 19.888  255.64  260.71  252.53
 294   290.507 57571.03443309 56.67  16.792838  -1.383958 23.849  253.52  258.52  250.57
 294   290.481 57571.03443368 58.59  16.793730  -1.386460 28.398  253.52  258.52  250.57
 294   290.472 57571.03443427 55.10  16.794623  -1.388961 26.014  253.52  258.52  250.57
 294   290.463 57571.03443486 57.23  16.795515  -1.391463 30.683  253.52  258.52  250.57
 294   290.464 57571.03443545 55.22  16.796408  -1.393964 28.268  253.52  258.52  250.57
 294   290.437 57571.03443604 57.81  16.797300  -1.396466   -100  253.52  258.52  250.57
 294   290.427 57571.03443663 56.27  16.798192  -1.398967   -100  253.52  258.52  250.57
 295   290.513 57580.95007370 39.54  16.788730  -1.368520   -100  257.86  263.08  255.18
 295   290.425 57580.95007429 34.07  16.789622  -1.371021 26.295  257.86  263.08  255.18
 295   290.073 57580.95007488 32.22  16.790515  -1.373523 22.197  257.86  263.08  255.18
 295   289.979 57580.95007547 28.23  16.791407  -1.376025 12.419  257.86  263.08  255.18
 295   290.130 57580.95007606 26.48  16.792300  -1.378526  9.334  257.86  263.08  255.18
 295   290.333 57580.95007665 26.08  16.793192  -1.381028  8.073  257.86  263.08  255.18
 295   290.471 57580.95007725 29.28  16.794084  -1.383529 15.782  257.86  263.08  255.18
 295   290.475 57580.95007784 33.71  16.794977  -1.386031 28.323  257.86  263.08  255.18
 295   290.241 57580.95007843 31.24  16.795869  -1.388532 22.477  257.86  263.08  255.18
 295   290.307 57580.95007902 32.73  16.796761  -1.391034 28.107  257.86  263.08  255.18
 295   290.412 57580.95007961 33.14  16.797654  -1.393536 29.003  257.86  263.08  255.18
 295   290.506 57580.95008020 33.99  16.798546  -1.396037 29.731  257.86  263.08  255.18
 295   290.373 57580.95008079 36.60  16.799438  -1.398539   -100 -100.00 -100.00 -100.00
 296   290.076 57590.86571622 47.56  16.790719  -1.368444  4.732  259.68  265.28  256.67
 296   290.066 57590.86571681 49.68  16.791611  -1.370946 20.717  259.68  265.28  256.67
 296   290.041 57590.86571740 52.82  16.792504  -1.373448   -100  259.68  265.28  256.67
 296   290.026 57590.86571799 53.51  16.793396  -1.375949   -100  259.68  265.28  256.67
 296   290.024 57590.86571858 47.90  16.794288  -1.378451 26.398  259.68  265.28  256.67
 296   290.016 57590.86571917 47.56  16.795181  -1.380952 24.905  259.68  265.28  256.67
 296   289.997 57590.86571976 51.86  16.796073  -1.383454   -100  259.68  265.28  256.67
 296   290.001 57590.86572035 49.75  16.796966  -1.385956 29.195  259.68  265.28  256.67
 296   289.965 57590.86572094 51.86  16.797858  -1.388457   -100  259.68  265.28  256.67
 296   289.949 57590.86572153 54.79  16.798750  -1.390959   -100  259.68  265.28  256.67
 296   289.934 57590.86572212 53.83  16.799643  -1.393461   -100  259.68  265.28  256.67
 296   289.911 57590.86572271 52.70  16.800535  -1.395962   -100  259.68  265.28  256.67
 297   290.189 57600.78135558 47.46  16.791050  -1.366731   -100  258.94  263.25  255.87
 297   290.265 57600.78135617 47.54  16.791943  -1.369233   -100  258.94  263.25  255.87
 297   290.156 57600.78135676 51.63  16.792835  -1.371735 11.350  258.94  263.25  255.87
 297   290.131 57600.78135735 54.79  16.793727  -1.374236   -100  258.94  263.25  255.87
 297   290.129 57600.78135794 55.81  16.794620  -1.376738   -100  258.94  263.25  255.87
 297   290.126 57600.78135853 55.81  16.795512  -1.379240   -100  258.94  263.25  255.87
 297   290.120 57600.78135912 56.77  16.796405  -1.381741   -100  258.94  263.25  255.87
 297   290.116 57600.78135971 57.87  16.797297  -1.384243   -100  258.94  263.25  255.87
 297   290.111 57600.78136030 56.03  16.798189  -1.386745   -100  258.94  263.25  255.87
 297   290.108 57600.78136089 57.30  16.799082  -1.389246   -100  258.94  263.25  255.87
 297   290.108 57600.78136148 55.59  16.799974  -1.391748   -100  258.94  263.25  255.87
 297   290.101 57600.78136207 54.33  16.800866  -1.394250   -100 -100.00 -100.00 -100.00
