-163012.617    34.548     0.00    5.71
-162723.332    35.145     2.06    5.55
-162434.047    35.836     2.39    5.69
-162144.762    36.648     2.81    5.78
-161855.478    37.655     3.48    5.51
-161566.193    39.107     5.02    4.24
-161276.908    40.005     3.11    2.54
-160987.623    39.540    -1.61    3.29
-160698.338    38.898    -2.22    3.95
-160409.054    38.405    -1.70    3.93
-160119.769    38.350    -0.19    4.01
-159830.484    37.874    -1.65    3.86
-159541.199    38.022     0.51    3.34
-159251.914    38.005    -0.06    2.76
-158962.629    37.816    -0.66    2.63
-158673.344    37.540    -0.95    2.36
-158384.060    36.825    -2.47    2.04
-158094.775    36.385    -1.52    2.01
-157805.490    36.209    -0.61    2.23
-157516.205    36.057    -0.52    2.37
-157226.920    35.648    -1.41    2.31
-156937.635    35.645    -0.01    2.49
-156648.350    35.405    -0.83    2.31
-156359.065    35.579     0.60    2.64
-156069.780    35.637     0.20    2.91
-155780.495    35.764     0.44    2.90
-155491.209    35.789     0.09    2.80
-155201.924    35.412    -1.30    2.98
-154912.639    35.432     0.07    3.01
-154623.354    35.040    -1.35    2.90
-154334.069    34.592    -1.55    2.51
-154044.783    34.402    -0.66    2.64
-153755.498    34.226    -0.61    2.86
-153466.213    34.218    -0.02    3.23
-153176.927    34.212    -0.02    3.36
-152887.642    34.226     0.05    3.69
-152598.356    33.648    -2.00    3.73
-152309.071    33.689     0.14    4.03
-152019.785    33.399    -1.00    4.10
-151730.500    32.954    -1.54    3.87
-151441.214    32.705    -0.86    3.50
-151151.929    32.707     0.01    3.25
-150862.643    32.229    -1.65    2.82
-150573.357    31.472    -2.62    2.35
-150284.071    30.972    -1.73    2.21
-149994.785    30.715    -0.89    1.90
-149705.499    30.327    -1.34    1.72
-149416.213    29.989    -1.17    1.66
-149126.927    29.862    -0.44    1.61
-148837.641    29.892     0.10    1.64
-148548.355    29.988     0.33    1.59
-148259.069    30.126     0.48    1.55
-147969.783    30.107    -0.07    1.71
-147680.496    30.470     1.25    1.72
-147391.210    30.639     0.58    1.75
-147101.923    30.971     1.15    1.76
-146812.637    31.104     0.46    1.80
-146523.350    31.555     1.56    1.84
-146234.064    32.059     1.74    1.98
-145944.777    32.141     0.28    2.05
-145655.490    32.609     1.62    2.14
-145366.203    32.836     0.78    2.25
-145076.916    33.039     0.70    2.19
-144787.629    33.212     0.60    1.99
-144498.342    33.540     1.13    2.02
-144209.055    34.057     1.79    1.81
-143919.768    34.272     0.74    1.66
-143630.480    34.497     0.78    1.71
-143341.193    34.921     1.46    1.69
-143051.906    34.798    -0.42    1.98
-142762.618    34.672    -0.44    1.90
-142473.330    35.071     1.38    2.31
-142184.043    35.522     1.56    2.71
-141894.755    35.956     1.50    2.83
-141605.467    36.309     1.22    2.99
-141316.179    36.764     1.57    2.78
-141026.891    37.039     0.95    2.68
-140737.603    37.074     0.12    2.78
-140448.314    36.596    -1.66    3.03
-140159.026    35.971    -2.16    3.26
-139869.737    35.092    -3.04    3.26
-139580.449    34.609    -1.67    3.12
-139291.160    33.802    -2.79    2.87
-139001.871    33.489    -1.08    2.72
-138712.583    33.747     0.89    3.05
-138423.294    33.705    -0.14    3.37
-138134.004    33.612    -0.32    3.21
-137844.715    33.333    -0.97    3.21
-137555.426    33.055    -0.96    3.14
-137266.137    32.971    -0.29    3.24
-136976.847    32.772    -0.69    2.96
-136687.558    33.166     1.36    2.90
-136398.268    33.747     2.01    2.84
-136108.978    34.260     1.77    2.77
-135819.688    34.805     1.89    2.82
-135530.398    35.086     0.97    2.69
-135241.108    34.954    -0.46    2.62
-134951.818    35.155     0.70    2.60
-134662.527    34.444    -2.46    2.36
-134373.237    34.071    -1.29    2.21
-134083.946    33.954    -0.40    2.25
-133794.655    33.938    -0.06    2.34
-133505.364    34.107     0.59    2.39
-133216.073    34.471     1.26    2.44
-132926.782    34.472     0.00    2.35
-132637.491    35.298     2.86    2.80
-132348.199    36.122     2.85    2.93
-132058.908    37.089     3.34    2.88
-131769.616    37.970     3.05    3.12
-131480.324    38.700     2.52    3.20
-131191.033    39.643     3.26    2.85
-130901.740    40.255     2.12    2.29
-130612.448    40.243    -0.04    2.40
-130323.156    40.412     0.59    2.61
-130033.863    40.729     1.10    2.27
-129744.571    40.523    -0.71    2.37
-129455.278    40.649     0.44    2.20
-129165.985    40.955     1.06    2.21
-128876.692    41.005     0.17    2.30
-128587.399    41.092     0.30    2.35
-128298.106    41.291     0.69    2.18
-128008.812    41.489     0.68    2.22
-127719.519    41.298    -0.66    2.05
-127430.225    41.189    -0.38    1.98
-127140.931    41.073    -0.40    1.96
-126851.637    40.781    -1.01    1.77
-126562.343    40.316    -1.61    2.32
-126273.048    39.523    -2.74    2.56
-125983.754    39.087    -1.50    2.31
-125694.459    38.471    -2.13    2.20
-125405.164    38.092    -1.31    1.89
-125115.869    38.111     0.07    1.86
-124826.574    38.143     0.11    1.73
-124537.279    38.634     1.70    1.56
-124247.983    38.717     0.29    1.60
-123958.687    38.921     0.70    1.55
-123669.392    38.865    -0.19    1.53
-123380.096    38.954     0.31    1.57
-123090.799    39.205     0.87    1.64
-122801.503    39.293     0.30    1.63
-122512.206    39.136    -0.54    1.94
-122222.933    38.970    -0.58    2.01
-121933.674    38.833    -0.47    1.92
-121644.415    38.737    -0.33    1.97
-121355.156    38.605    -0.46    1.92
-121065.896    38.218    -1.34    1.83
-120776.637    38.057    -0.56    1.92
-120487.377    37.887    -0.59    1.89
-120198.117    37.867    -0.07    2.04
-119908.857    37.689    -0.62    2.10
-119619.596    37.189    -1.73    2.16
-119330.336    36.389    -2.77    2.71
-119041.075    35.255    -3.92    3.20
-118751.814    33.592    -5.75    4.00
-118462.553    31.954    -5.66    3.94
-118173.292    29.540    -8.35    4.16
-117884.030    27.661    -6.49    4.07
-117594.768    25.939    -5.95    3.16
-117305.507    24.880    -3.66    2.64
-117016.244    24.243    -2.20    2.24
-116726.982    24.419     0.61    2.60
-116437.720    24.705     0.99    2.73
-116148.457    25.005     1.04    2.90
-115859.194    25.755     2.59    2.94
-115569.931    26.574     2.83    2.79
-115280.668    27.479     3.13    2.90
-114991.404    28.395     3.17    2.67
-114702.141    29.582     4.10    2.45
-114412.877    30.538     3.30    2.19
-114123.613    31.192     2.26    2.00
-113834.348    31.684     1.70    1.80
-113545.084    31.839     0.54    2.02
-113255.819    31.988     0.52    1.94
-112966.554    31.907    -0.28    2.29
-112677.289    31.919     0.04    2.37
-112388.024    31.816    -0.36    2.62
-112098.758    31.592    -0.77    2.53
-111809.492    31.592     0.00    2.16
-111520.226    31.405    -0.64    2.26
-111230.960    31.695     1.00    2.01
-110941.693    31.789     0.32    2.09
-110652.427    31.612    -0.61    2.02
-110363.160    30.885    -2.52    2.56
-110073.893    30.415    -1.62    2.92
-109784.625    29.922    -1.70    3.07
-109495.358    29.169    -2.60    2.87
-109206.090    28.619    -1.90    2.71
-108916.822    28.592    -0.10    2.68
-108627.553    29.124     1.84    2.77
-108338.285    29.489     1.26    2.57
-108049.016    29.872     1.33    2.49
-107759.747    30.212     1.18    2.05
-107470.478    29.988    -0.77    2.13
-107181.208    29.672    -1.09    1.92
-106891.939    29.705     0.12    1.88
-106602.669    29.809     0.36    2.04
-106313.399    30.040     0.80    1.92
-106024.128    29.853    -0.65    2.22
-105734.858    29.812    -0.14    2.42
-105445.587    29.905     0.32    2.54
-105156.315    30.175     0.93    2.67
-104867.044    29.755    -1.45    2.81
-104577.772    29.530    -0.78    2.72
-104288.500    29.777     0.86    2.43
-103999.228    30.155     1.31    2.28
-103709.956    30.488     1.15    2.13
-103420.683    30.205    -0.98    2.33
-103131.410    29.555    -2.25    2.84
-102842.137    28.850    -2.44    3.48
-102552.864    27.609    -4.29    3.91
-102263.590    25.916    -5.85    3.58
-101974.316    24.628    -4.45    3.15
-101685.042    23.768    -2.97    2.58
-101395.767    23.039    -2.52    2.09
-101106.492    22.281    -2.62    2.21
-100817.217    21.812    -1.62    2.21
-100527.942    21.548    -0.91    2.26
-100238.667    20.971    -1.99    2.12
 -99949.391    20.612    -1.24    2.07
 -99660.115    20.480    -0.46    1.78
 -99370.838    20.567     0.30    1.71
 -99081.562    20.729     0.56    1.77
 -98792.285    21.350     2.15    2.22
 -98503.008    22.120     2.66    2.60
 -98213.730    22.798     2.34    2.64
 -97924.452    23.816     3.52    2.79
 -97635.174    24.436     2.15    2.51
 -97345.896    24.971     1.85    2.36
 -97056.617    25.305     1.16    1.96
 -96767.339    25.405     0.35    1.92
 -96478.059    24.939    -1.61    1.82
 -96188.780    24.523    -1.44    1.67
 -95899.500    23.954    -1.97    1.90
 -95610.220    23.372    -2.01    2.00
 -95320.940    23.243    -0.45    1.88
 -95031.659    22.839    -1.40    1.89
 -94742.378    22.426    -1.43    1.80
 -94453.097    22.109    -1.10    1.76
 -94163.816    21.887    -0.77    1.52
 -93874.534    21.836    -0.18    1.42
 -93585.252    21.605    -0.80    1.54
 -93295.969    21.592    -0.05    1.48
 -93006.687    21.344    -0.85    1.18
 -92717.404    21.345     0.00    1.07
 -92428.121    21.141    -0.70    1.06
 -92138.837    21.153     0.04    1.25
 -91849.553    21.090    -0.22    1.25
 -91560.269    20.855    -0.81    1.23
 -91270.984    20.812    -0.15    1.37
 -90981.700    20.798    -0.05    1.59
 -90692.414    20.751    -0.16    1.60
 -90403.129    20.751     0.00    1.59
 -90113.843    20.570    -0.63    1.37
 -89824.557    20.452    -0.41    1.44
 -89535.271    20.172    -0.97    1.49
 -89245.984    20.181     0.03    1.82
 -88956.697    19.876    -1.05    1.65
 -88667.410    19.522    -1.22    1.64
 -88378.122    19.327    -0.67    1.62
 -88088.834    19.092    -0.82    1.60
 -87799.546    19.148     0.20    1.74
 -87510.257    18.739    -1.42    1.38
 -87220.968    18.649    -0.31    1.41
 -86931.679    18.399    -0.87    1.38
 -86642.390    18.209    -0.66    1.44
 -86353.100    18.059    -0.52    1.37
 -86063.809    17.938    -0.42    1.35
 -85774.519    17.781    -0.54    1.23
 -85485.228    17.772    -0.03    1.41
 -85195.937    17.505    -0.92    1.40
 -84906.645    17.454    -0.18    1.37
 -84617.353    17.540     0.30    1.68
 -84328.061    18.057     1.79    2.54
 -84038.768    18.218     0.56    3.07
 -83749.475    18.316     0.34    3.25
 -83460.182    18.751     1.51    3.54
 -83170.889    18.867     0.40    3.31
 -82881.595    18.497    -1.28    2.27
 -82592.300    18.570     0.25    2.51
 -82303.006    18.639     0.24    2.51
 -82013.711    19.169     1.83    2.60
 -81724.415    19.773     2.09    3.00
 -81435.120    20.523     2.59    3.29
 -81145.824    21.073     1.90    3.54
 -80856.527    21.247     0.60    4.31
 -80567.230    21.481     0.81    4.64
 -80277.933    21.333    -0.51    4.36
 -79988.636    20.471    -2.98    4.47
 -79699.338    19.988    -1.67    4.43
 -79410.040    19.339    -2.24    4.18
 -79120.741    18.605    -2.53    3.62
 -78831.442    18.367    -0.82    2.62
 -78542.143    18.055    -1.08    2.44
 -78252.843    18.380     1.12    2.40
 -77963.543    18.666     0.99    2.41
 -77674.243    18.743     0.27    2.45
 -77384.942    18.378    -1.26    2.57
 -77095.641    18.218    -0.55    2.63
 -76806.340    18.523     1.05    3.35
 -76517.038    18.402    -0.42    3.75
 -76227.736    18.310    -0.32    4.32
 -75938.433    18.655     1.19    4.82
 -75649.130    18.263    -1.35    5.19
 -75359.827    17.602    -2.29    5.41
 -75070.523    16.089    -5.23    5.01
 -74781.219    14.987    -3.81    4.81
 -74491.915    14.694    -1.01    4.79
 -74202.610    14.616    -0.27    5.05
 -73913.304    14.954     1.17    5.08
 -73623.999    16.229     4.41    5.48
 -73334.693    17.436     4.17    5.68
 -73045.386    18.672     4.27    5.38
 -72756.080    20.022     4.67    4.72
 -72466.772    20.772     2.59    3.47
 -72177.465    21.039     0.92    2.52
 -71888.157    20.791    -0.86    2.29
 -71598.849    20.904     0.39    2.43
 -71309.540    20.626    -0.96    2.43
 -71020.231    20.055    -1.97    2.75
 -70730.921    19.260    -2.75    3.00
 -70441.611    18.124    -3.93    2.56
 -70152.301    17.626    -1.72    2.13
 -69862.990    17.220    -1.40    1.64
 -69573.679    17.243     0.08    1.79
 -69284.367    17.497     0.88    1.83
 -68995.055    17.539     0.14    1.66
 -68705.743    17.643     0.36    1.63
 -68416.430    17.487    -0.54    1.69
 -68127.117    17.372    -0.40    1.64
 -67837.804    17.073    -1.03    1.38
 -67548.490    16.972    -0.35    1.26
 -67259.175    16.885    -0.30    1.19
 -66969.860    17.023     0.48    1.30
 -66680.545    17.281     0.89    1.23
 -66391.229    17.367     0.30    1.19
 -66101.913    17.415     0.17    1.17
 -65812.597    17.574     0.55    1.26
 -65523.280    17.816     0.83    1.41
 -65233.963    18.166     1.21    1.56
 -64944.645    18.229     0.22    1.73
 -64655.327    18.366     0.47    1.80
 -64366.008    18.367     0.00    1.68
 -64076.689    18.497     0.45    1.85
 -63787.370    18.619     0.42    2.30
 -63498.050    18.902     0.98    2.45
 -63208.730    19.904     3.46    3.00
 -62919.409    20.904     3.46    3.36
 -62630.088    21.457     1.91    3.26
 -62340.766    22.184     2.51    2.86
 -62051.444    22.582     1.37    2.77
 -61762.122    22.867     0.99    2.78
 -61472.799    23.235     1.27    2.89
 -61183.475    23.192    -0.15    2.60
 -60894.151    23.178    -0.05    2.40
 -60604.827    23.277     0.34    2.43
 -60315.503    23.514     0.82    2.53
 -60026.211    23.399    -0.40    2.76
 -59736.983    22.939    -1.59    2.97
 -59447.754    22.378    -1.94    3.15
 -59158.525    21.378    -3.46    3.77
 -58869.296    20.220    -4.01    3.66
 -58580.066    19.616    -2.09    3.23
 -58290.836    19.178    -1.51    3.08
 -58001.606    18.776    -1.39    2.97
 -57712.374    18.555    -0.76    3.05
 -57423.143    18.409    -0.51    2.72
 -57133.911    18.599     0.66    2.94
 -56844.678    19.281     2.36    3.29
 -56555.445    20.122     2.91    3.45
 -56266.212    20.802     2.35    3.65
 -55976.978    21.836     3.57    3.56
 -55687.744    22.695     2.97    3.22
 -55398.509    23.497     2.77    2.97
 -55109.274    24.153     2.27    2.78
 -54820.038    24.722     1.97    2.91
 -54530.802    25.457     2.54    2.94
 -54241.565    26.298     2.91    2.85
 -53952.328    27.143     2.92    2.27
 -53663.091    27.672     1.83    2.38
 -53373.853    28.178     1.75    2.07
 -53084.614    28.087    -0.31    2.01
 -52795.375    27.885    -0.70    1.97
 -52506.136    27.988     0.36    2.16
 -52216.896    28.178     0.66    2.26
 -51927.655    28.212     0.12    2.10
 -51638.414    28.104    -0.38    2.14
 -51349.173    28.333     0.79    1.99
 -51059.931    28.555     0.77    2.02
 -50770.689    28.612     0.20    2.09
 -50481.446    28.463    -0.52    2.05
 -50192.202    28.134    -1.14    2.10
 -49902.959    27.751    -1.33    2.15
 -49613.714    27.239    -1.77    2.18
 -49324.469    26.654    -2.02    2.22
 -49035.224    26.161    -1.71    2.33
 -48745.978    25.734    -1.47    2.56
 -48456.732    25.422    -1.08    2.75
 -48167.485    25.104    -1.10    3.03
 -47878.238    24.523    -2.01    2.88
 -47588.990    24.209    -1.09    2.76
 -47299.742    24.268     0.21    2.30
 -47010.493    24.222    -0.16    2.08
 -46721.244    23.870    -1.22    2.26
 -46431.994    23.781    -0.31    2.65
 -46142.744    23.277    -1.74    2.99
 -45853.493    23.109    -0.58    3.10
 -45564.242    22.172    -3.24    3.43
 -45274.990    20.955    -4.21    3.71
 -44985.738    20.339    -2.13    3.63
 -44696.485    19.005    -4.61    3.17
 -44407.232    18.040    -3.34    2.88
 -44117.978    16.972    -3.69    2.65
 -43828.723    16.178    -2.75    2.46
 -43539.469    15.772    -1.40    2.40
 -43250.213    15.073    -2.42    2.24
 -42960.957    14.720    -1.22    2.18
 -42671.701    14.471    -0.86    2.09
 -42382.444    14.255    -0.75    1.93
 -42093.186    14.104    -0.52    1.69
 -41803.928    14.175     0.25    1.79
 -41514.670    14.672     1.72    2.27
 -41225.411    15.195     1.81    2.56
 -40936.151    16.040     2.92    3.17
 -40646.891    16.605     1.95    3.09
 -40357.631    16.816     0.73    3.43
 -40068.369    16.776    -0.14    3.34
 -39779.108    15.971    -2.78    3.45
 -39489.846    14.367    -5.54    3.79
 -39200.583    13.092    -4.41    3.72
 -38911.320    11.454    -5.66    3.72
 -38622.056    10.481    -3.36    4.07
 -38332.791     9.661    -2.84    4.11
 -38043.527     9.247    -1.43    4.32
 -37754.261     9.540     1.01    4.83
 -37464.995    10.264     2.50    4.83
 -37175.729    10.739     1.64    4.66
 -36886.462    11.040     1.04    3.86
 -36597.194    12.039     3.45    3.44
 -36307.926    12.166     0.44    2.59
 -36018.657    11.781    -1.33    2.81
 -35729.388    10.889    -3.09    3.18
 -35440.118     9.717    -4.05    3.14
 -35150.848     8.639    -3.73    3.22
 -34861.577     7.380    -4.35    3.12
 -34572.305     7.005    -1.30    3.77
 -34283.033     7.725     2.49    5.36
 -33993.761     9.293     5.42    7.47
 -33704.488    11.005     5.92    9.70
 -33415.214    13.592     8.94   11.26
 -33125.940    16.887    11.39   12.50
 -32836.665    19.777     9.99   12.26
 -32547.389    20.855     3.73   11.57
 -32258.113    20.739    -0.40   11.62
 -31968.837    21.073     1.16   10.57
 -31679.560    20.489    -2.02    9.86
 -31390.282    19.429    -3.66    8.38
 -31101.004    18.005    -4.92    7.82
 -30811.725    17.523    -1.67    7.08
 -30522.446    18.107     2.02    6.71
 -30233.166    19.089     3.39    5.46
 -29943.885    19.479     1.35    4.53
 -29654.604    19.172    -1.06    5.07
 -29365.323    17.902    -4.39    5.62
 -29076.040    16.941    -3.32    6.40
 -28786.758    15.605    -4.62    6.13
 -28497.474    14.836    -2.66    6.30
 -28208.190    13.798    -3.59    6.49
 -27918.906    12.041    -6.07    6.44
 -27629.621    10.472    -5.42    6.85
 -27340.335     8.344    -7.35    6.91
 -27051.048     6.432    -6.61    6.66
 -26761.762     4.816    -5.59    5.51
 -26472.474     3.077    -6.01    3.47
 -26183.186     2.389    -2.38    3.06
 -25893.897     1.919    -1.62    1.45
 -25604.608     2.222     1.05    1.47
 -25315.318     2.212    -0.03    1.58
 -25026.028     2.454     0.83    1.57
 -24736.737     2.747     1.01    2.00
 -24447.445     2.850     0.36    2.26
 -24158.153     3.136     0.99    2.69
 -23868.860     2.885    -0.87    2.56
 -23579.566     3.039     0.53    2.76
 -23290.272     3.023    -0.06    2.61
 -23000.978     2.885    -0.48    2.03
 -22711.682     3.473     2.03    2.37
 -22422.386     3.705     0.80    2.16
 -22133.090     4.284     2.00    2.39
 -21843.793     4.416     0.46    2.17
 -21554.495     5.316     3.11    2.80
 -21265.197     5.497     0.63    2.77
 -20975.898     5.293    -0.70    3.03
 -20686.598     5.305     0.04    3.07
 -20397.298     5.436     0.45    3.12
 -20107.997     5.402    -0.12    3.02
 -19818.696     5.777     1.30    3.02
 -19529.394     5.378    -1.38    2.79
 -19240.091     5.589     0.73    2.90
 -18950.788     5.574    -0.05    2.79
 -18661.484     6.109     1.85    3.24
 -18372.180     6.345     0.82    3.46
 -18082.874     6.836     1.70    3.66
 -17793.569     6.405    -1.49    3.63
 -17504.262     5.872    -1.84    3.45
 -17214.955     5.189    -2.36    3.57
 -16925.648     4.559    -2.18    3.29
 -16636.339     3.853    -2.44    2.61
 -16347.030     3.247    -2.09    1.76
 -16057.721     3.039    -0.72    1.23
 -15768.411     2.891    -0.51    1.25
 -15479.100     2.885    -0.02    1.14
 -15189.788     2.889     0.01    1.24
 -14900.476     2.880    -0.03    1.18
 -14611.163     3.021     0.49    1.27
 -14321.850     2.989    -0.11    1.32
 -14032.536     2.971    -0.06    1.30
 -13743.221     2.971    -0.00    1.24
 -13453.906     3.057     0.30    1.29
 -13164.590     3.039    -0.06    1.34
 -12875.273     3.056     0.06    1.46
 -12585.956     3.005    -0.18    1.56
 -12296.638     3.056     0.18    1.87
 -12007.319     2.970    -0.30    2.03
 -11718.000     2.853    -0.40    2.02
 -11428.680     2.592    -0.90    2.03
 -11139.360     2.382    -0.72    2.03
 -10850.039     1.971    -1.42    1.74
 -10560.717     1.678    -1.01    1.37
 -10271.394     1.471    -0.72    1.06
  -9982.071     1.268    -0.70    0.86
  -9692.747     1.122    -0.51    0.85
  -9403.423     0.853    -0.93    0.45
  -9114.097     0.772    -0.28    0.53
  -8824.771     0.637    -0.47    0.56
  -8535.445     0.557    -0.28    0.57
  -8246.118     0.415    -0.49    0.53
  -7956.790     0.277    -0.48    0.49
  -7667.461     0.226    -0.18    0.46
  -7378.132     0.130    -0.33    0.43
  -7088.802     0.057    -0.25    0.35
  -6799.472     0.005    -0.18    0.26
  -6510.140     0.023     0.06    0.30
  -6220.809     0.055     0.11    0.29
  -5931.476     0.057     0.01    0.29
  -5642.143     0.056    -0.00    0.29
  -5352.809     0.059     0.01    0.23
  -5063.474     0.022    -0.13    0.13
  -4774.139     0.005    -0.06    0.00
  -4484.803    -0.012    -0.06    0.13
  -4195.466    -0.111    -0.34    0.42
  -3906.129    -0.184    -0.25    0.51
  -3616.791    -0.236    -0.18    0.54
  -3327.452    -0.249    -0.04    0.54
  -3038.112    -0.300    -0.18    0.59
  -2748.772    -0.257     0.15    0.54
  -2459.431    -0.209     0.17    0.46
  -2170.090    -0.178     0.11    0.43
  -1880.748    -0.150     0.10    0.41
  -1591.405    -0.124     0.09    0.38
  -1302.061    -0.078     0.16    0.33
  -1012.717    -0.012     0.23    0.13
   -723.372     0.005     0.06    0.00
   -434.026     0.005     0.00    0.00
   -144.679     0.005     0.00    0.00
    144.668     0.005     0.00    0.00
    434.016     0.005     0.00    0.00
    723.364     0.005     0.00    0.00
   1012.713     0.077     0.25    0.53
   1302.063     0.355     0.96    1.23
   1591.414     0.712     1.23    1.50
   1880.766     0.989     0.96    1.67
   2170.108     1.056     0.23    1.71
   2459.306     1.426     1.28    1.77
   2748.506     1.557     0.45    1.79
   3037.706     1.540    -0.06    1.70
   3326.907     1.612     0.25    1.65
   3616.108     1.523    -0.31    1.66
   3905.311     1.802     0.97    1.78
   4194.513     1.695    -0.37    1.88
   4483.717     1.898     0.70    2.02
   4772.922     2.153     0.88    2.09
   5062.127     1.972    -0.63    2.05
   5351.333     2.038     0.23    2.02
   5640.539     2.251     0.74    2.10
   5929.747     2.385     0.46    2.11
   6218.955     2.589     0.71    2.50
   6508.163     2.781     0.67    2.72
   6797.373     3.628     2.93    3.67
   7086.583     3.988     1.24    3.71
   7375.794     4.954     3.34    4.26
   7665.006     6.074     3.87    5.00
   7954.218     8.056     6.85    6.66
   8243.432    10.489     8.41    7.44
   8532.646    12.092     5.54    8.25
   8821.860    14.293     7.61    8.02
   9111.076    14.809     1.78    7.80
   9400.292    16.429     5.60    7.89
   9689.509    16.677     0.86    7.71
   9978.727    15.243    -4.96    8.53
  10267.945    13.072    -7.51    8.73
  10557.164    11.880    -4.12    9.43
  10846.384     9.005    -9.94    9.21
  11135.605     6.632    -8.20    8.09
  11424.826     4.039    -8.97    5.47
  11714.049     3.328    -2.46    3.51
  12003.271     3.690     1.25    3.82
  12292.495     4.489     2.76    3.94
  12581.720     5.523     3.58    4.32
  12870.945     6.199     2.34    4.25
  13160.171     6.497     1.03    4.05
  13449.398     6.751     0.88    3.60
  13738.625     6.574    -0.61    3.74
  14027.854     6.781     0.72    3.96
  14317.083     7.355     1.99    4.57
  14606.312     8.226     3.01    4.93
  14895.543     8.973     2.58    5.24
  15184.774    10.734     6.09    5.87
  15474.007    10.970     0.81    6.10
  15763.239    10.056    -3.16    6.30
  16052.473     8.540    -5.24    6.10
  16341.708     8.055    -1.68    6.07
  16630.943     7.514    -1.87    5.63
  16920.179     5.802    -5.92    3.41
  17209.416     4.936    -2.99    1.93
  17498.653     4.845    -0.32    1.91
  17787.892     5.175     1.14    2.90
  18077.131     5.751     1.99    4.77
  18366.371     7.005     4.34    6.44
  18655.611     8.471     5.07    7.37
  18944.853    10.720     7.77    8.27
  19234.095    14.005    11.36    8.95
  19523.338    16.887     9.96    8.25
  19812.582    19.205     8.02    7.12
  20101.827    21.074     6.46    4.56
  20391.072    21.454     1.31    3.43
  20680.319    21.316    -0.48    3.23
  20969.566    20.816    -1.73    3.08
  21258.813    20.300    -1.78    3.00
  21548.062    20.057    -0.84    3.14
  21837.312    19.833    -0.77    3.30
  22126.562    20.470     2.20    3.19
  22415.813    20.936     1.61    3.07
  22705.065    21.505     1.97    2.79
  22994.317    21.819     1.08    2.58
  23283.571    21.514    -1.05    2.71
  23572.825    21.058    -1.58    2.57
  23862.080    21.005    -0.18    2.53
  24151.336    20.689    -1.09    2.21
  24440.593    20.439    -0.86    2.89
  24729.850    19.860    -2.00    3.56
  25019.109    20.059     0.69    3.58
  25308.368    19.971    -0.30    4.28
  25597.628    20.023     0.18    4.43
  25886.889    19.579    -1.53    4.89
  26176.150    19.153    -1.47    5.37
  26465.413    18.747    -1.40    5.57
  26754.676    16.954    -6.20    6.62
  27043.940    16.479    -1.64    6.60
  27333.205    15.655    -2.85    6.98
  27622.471    16.189     1.84    6.59
  27911.737    16.589     1.38    6.25
  28201.004    17.971     4.78    5.70
  28490.273    18.426     1.57    5.31
  28779.542    19.616     4.11    3.91
  29068.811    19.902     0.99    3.00
  29358.082    19.891    -0.04    2.92
  29647.354    20.039     0.51    2.72
  29936.626    20.128     0.31    2.95
  30225.899    20.574     1.54    2.68
  30515.173    21.005     1.49    2.54
  30804.448    21.439     1.50    2.70
  31093.724    21.531     0.32    2.77
  31383.000    21.344    -0.64    2.67
  31672.278    21.195    -0.52    2.77
  31961.556    20.918    -0.96    2.88
  32250.835    21.005     0.30    2.83
  32540.115    20.939    -0.23    2.80
  32829.396    20.602    -1.16    2.77
  33118.678    20.126    -1.65    2.62
  33407.960    20.454     1.13    2.54
  33697.243    20.429    -0.08    2.63
  33986.528    20.385    -0.15    3.16
  34275.813    20.218    -0.57    3.86
  34565.098    19.626    -2.05    4.22
  34854.385    19.988     1.25    5.07
  35143.673    20.747     2.62    5.14
  35432.961    22.229     5.13    4.32
  35722.251    23.455     4.24    3.44
  36011.541    24.195     2.56    2.63
  36300.832    24.472     0.96    2.66
  36590.124    24.916     1.53    2.57
  36879.417    25.040     0.43    2.52
  37168.710    24.940    -0.35    3.00
  37458.005    24.904    -0.12    3.07
  37747.300    24.841    -0.22    3.22
  38036.596    24.970     0.44    3.24
  38325.894    24.505    -1.60    3.49
  38615.192    24.243    -0.91    3.33
  38904.490    23.672    -1.97    3.06
  39193.790    23.481    -0.66    2.73
  39483.091    23.436    -0.15    2.70
  39772.392    23.172    -0.91    2.42
  40061.695    23.374     0.70    2.21
  40350.998    23.122    -0.87    2.43
  40640.302    23.327     0.71    2.57
  40929.607    23.195    -0.46    2.60
  41218.913    23.616     1.45    2.77
  41508.220    24.372     2.61    2.91
  41797.528    25.089     2.48    3.08
  42086.836    25.471     1.32    2.99
  42376.146    24.989    -1.67    3.90
  42665.456    23.955    -3.57    5.27
  42954.767    22.216    -6.01    6.01
  43244.080    20.905    -4.53    6.12
  43533.393    18.971    -6.69    5.62
  43822.707    17.350    -5.60    5.05
  44112.021    16.277    -3.71    3.97
  44401.337    16.523     0.85    4.23
  44690.654    16.885     1.25    4.47
  44979.971    17.184     1.03    4.42
  45269.290    18.005     2.84    5.39
  45558.609    20.124     7.32    7.34
  45847.929    21.955     6.33    8.25
  46137.251    24.040     7.20    9.07
  46426.573    27.077    10.50    9.42
  46715.896    29.389     7.99    8.69
  47005.219    31.661     7.85    6.90
  47294.544    31.755     0.33    5.94
  47583.870    30.540    -4.20    5.79
  47873.197    29.798    -2.56    5.26
  48162.524    29.161    -2.20    5.17
  48451.853    28.333    -2.86    4.26
  48741.182    28.563     0.79    4.54
  49030.512    28.385    -0.62    4.83
  49319.843    28.419     0.12    4.72
  49609.176    29.557     3.93    5.10
  49898.509    31.626     7.15    6.40
  50187.843    33.118     5.16    6.34
  50477.178    34.565     5.00    6.52
  50766.513    36.395     6.33    6.44
  51055.850    37.058     2.29    6.21
  51345.188    37.212     0.53    6.84
  51634.526    38.355     3.95    7.58
  51923.866    39.582     4.24    7.07
  52213.206    40.235     2.26    6.48
  52502.548    42.255     6.98    7.27
  52791.890    45.178    10.10    8.07
  53081.234    48.112    10.14    8.85
  53370.578    51.489    11.67   11.01
  53659.923    55.839    15.03   12.22
  53949.269    59.609    13.03   12.40
  54238.616    63.889    14.79   11.65
  54527.964    65.126     4.28   10.67
  54817.313    66.209     3.74   10.60
  55106.663    66.139    -0.24   11.22
  55396.014    66.855     2.48   10.57
  55685.365    68.339     5.13   12.49
  55974.718    71.247    10.05   14.02
  56264.072    73.616     8.19   14.11
  56553.427    75.436     6.29   12.81
  56842.782    75.235    -0.70   11.84
  57132.139    73.989    -4.31   11.98
  57421.496    73.345    -2.23   11.99
  57710.855    72.836    -1.76   12.40
  58000.214    73.626     2.73   11.51
  58289.574    74.439     2.81   12.87
  58578.936    78.339    13.48   13.27
  58868.298    81.158     9.74   12.46
  59157.661    83.454     7.93   11.12
  59447.025    83.023    -1.49   11.56
  59736.391    80.055   -10.26   14.26
  60025.757    78.222    -6.33   15.11
  60315.124    75.489    -9.44   15.53
  60604.492    73.056    -8.41   16.03
  60893.861    71.916    -3.94   16.29
  61183.231    74.072     7.45   16.93
  61472.602    77.367    11.39   15.75
  61761.974    78.874     5.21   13.88
  62051.347    77.023    -6.40   14.22
  62340.721    76.023    -3.46   14.53
  62630.096    72.023   -13.82   14.47
  62919.472    69.402    -9.06   13.59
  63208.849    69.399    -0.01   13.06
  63498.226    70.885     5.13   14.37
  63787.605    75.405    15.62   15.31
  64076.985    79.041    12.56   15.77
  64366.366    84.616    19.26   15.84
  64655.580    88.376    13.00   16.21
  64944.750    89.955     5.46   16.60
  65233.921    89.809    -0.51   17.37
  65523.093    91.988     7.54   15.87
  65812.266    88.764   -11.15   18.19
  66101.440    84.405   -15.07   19.04
  66390.615    77.155   -25.07   19.16
  66679.791    70.222   -23.98   17.12
  66968.968    64.385   -20.19   14.51
  67258.146    63.361    -3.54   13.95
  67547.325    65.916     8.83   16.03
  67836.505    66.739     2.84   16.96
  68125.686    67.855     3.86   17.43
  68414.868    69.661     6.24   16.99
  68704.051    73.243    12.39   16.08
  68993.235    75.798     8.84   14.96
  69282.420    77.489     5.84   15.08
  69571.606    82.293    16.61   14.89
  69860.793    88.355    20.96   12.55
  70149.981    91.572    11.12    9.45
  70439.170    92.005     1.50    9.31
  70728.360    90.922    -3.75   11.24
  71017.551    87.712   -11.10   13.03
  71306.743    86.776    -3.24   13.51
  71595.936    84.322    -8.49   13.81
  71885.131    80.523   -13.14   15.17
  72174.326    78.540    -6.86   16.09
  72463.522    78.059    -1.66   17.14
  72752.719    80.104     7.07   18.28
  73041.917    83.361    11.26   17.08
  73331.116    81.855    -5.21   18.83
  73620.317    81.178    -2.34   18.85
  73909.518    80.934    -0.84   18.29
  74198.720    80.089    -2.92   17.49
  74487.924    80.247     0.55   15.33
  74777.128    76.439   -13.17   17.20
  75066.333    70.505   -20.52   19.85
  75355.540    64.212   -21.76   20.90
  75644.747    58.781   -18.78   19.52
  75933.956    54.436   -15.02   16.48
  76223.165    53.710    -2.51   15.73
  76512.376    54.005     1.02   16.30
  76801.587    55.247     4.29   16.97
  77090.800    54.385    -2.98   17.52
  77380.014    49.654   -16.36   17.16
  77669.228    44.650   -17.30   16.59
  77958.444    40.255   -15.20   15.62
  78247.661    35.739   -15.62   12.46
  78536.879    32.795   -10.18   10.29
  78826.098    31.919    -3.03    8.79
  79115.318    33.889     6.81   10.51
  79404.539    36.768     9.96   12.01
  79693.761    41.372    15.92   13.44
  79982.984    46.865    18.99   13.72
  80272.208    51.109    14.67   13.92
  80561.433    52.161     3.64   13.33
  80850.660    53.072     3.15   13.48
  81139.887    54.310     4.28   14.02
  81429.115    55.678     4.73   12.79
  81718.345    58.155     8.57   14.66
  82007.575    59.514     4.70   14.87
  82296.807    62.938    11.84   15.22
  82586.040    63.489     1.91   14.07
  82875.273    61.689    -6.22   14.49
  83164.508    58.772   -10.08   15.79
  83453.744    57.304    -5.08   15.95
  83742.981    54.700    -9.00   15.52
  84032.219    54.816     0.40   15.53
  84321.458    57.622     9.70   17.37
  84610.698    61.464    13.28   18.24
  84899.939    65.725    14.73   18.86
  85189.182    69.055    11.52   16.73
  85478.425    72.612    12.30   15.41
  85767.669    74.941     8.05   14.22
  86056.915    76.039     3.80   12.71
  86346.162    76.971     3.22   11.28
  86635.409    75.419    -5.37   11.87
  86924.658    70.971   -15.38   15.64
  87213.908    67.531   -11.89   16.53
  87503.159    63.904   -12.54   16.35
  87792.411    62.925    -3.38   16.72
  88081.664    62.260    -2.30   16.42
  88370.918    62.523     0.91   16.14
  88660.173    65.819    11.39   16.53
  88949.430    68.626     9.70   16.61
  89238.687    73.071    15.37   16.96
  89527.946    78.143    17.54   16.75
  89817.205    82.523    15.14   16.27
  90106.466    86.436    13.53   13.71
  90395.728    88.678     7.75   10.98
  90684.991    87.939    -2.56   11.41
  90974.255    86.092    -6.39   12.30
  91263.520    83.355    -9.46   12.67
  91552.787    81.237    -7.32   10.88
  91842.054    81.712     1.64   10.95
  92131.322    83.546     6.34   11.86
  92420.592    84.622     3.72   12.09
  92709.863    86.446     6.31   12.21
  92999.135    85.702    -2.57   12.10
  93288.407    83.212    -8.61   11.49
  93577.682    79.672   -12.24   13.17
  93866.957    76.192   -12.03   13.47
  94156.233    72.955   -11.19   11.58
  94445.510    70.661    -7.93   10.43
  94734.789    68.361    -7.95    7.86
  95024.068    67.321    -3.60    6.63
  95313.349    68.272     3.29    6.57
  95602.631    69.572     4.49    6.06
  95891.914    70.971     4.84    6.15
  96181.198    72.139     4.04    5.57
  96470.483    72.454     1.09    5.12
  96759.770    71.887    -1.96    5.39
  97049.057    70.649    -4.28    6.33
  97338.346    69.293    -4.69    6.19
  97627.636    67.809    -5.13    5.62
  97916.926    66.725    -3.75    5.00
  98206.218    66.639    -0.30    4.72
  98495.512    66.747     0.37    4.29
  98784.806    68.054     4.52    5.66
  99074.101    67.772    -0.97    5.75
  99363.398    68.090     1.10    6.16
  99652.695    67.712    -1.31    6.93
  99941.994    66.630    -3.74    6.81
 100231.294    66.239    -1.35    7.14
 100520.595    64.514    -5.96    6.34
 100809.898    63.005    -5.21    4.41
 101099.201    62.557    -1.55    4.09
 101388.506    63.112     1.92    5.27
 101677.811    63.955     2.91    5.46
 101967.118    63.764    -0.66    5.13
 102256.426    64.822     3.66    6.66
 102545.735    64.705    -0.40    6.65
 102835.046    64.247    -1.59    5.73
 103124.357    63.574    -2.32    3.93
 103413.670    63.988     1.43    4.96
 103702.983    63.973    -0.05    5.96
 103992.298    64.471     1.72    7.38
 104281.615    64.582     0.38    8.13
 104570.932    64.747     0.57    8.53
 104860.250    64.202    -1.88    8.38
 105149.570    63.183    -3.52    7.09
 105438.890    61.222    -6.78    6.92
 105728.212    61.505     0.98    7.72
 106017.535    60.935    -1.97    7.19
 106306.860    60.661    -0.95    7.79
 106596.185    60.734     0.25    8.03
 106885.512    60.921     0.64    8.27
 107174.839    60.522    -1.38    8.83
 107464.168    59.161    -4.71    9.74
 107753.498    57.109    -7.09    9.96
 108042.830    55.488    -5.60    9.68
 108332.162    54.055    -4.95    9.41
 108621.496    52.938    -3.86    8.01
 108910.831    53.661     2.50    7.82
 109200.167    55.226     5.41    8.11
 109489.504    54.648    -2.00    7.93
 109778.842    55.582     3.23    8.22
 110068.182    55.022    -1.93    8.16
 110357.523    53.505    -5.24    8.20
 110646.864    51.989    -5.24    8.29
 110936.208    50.862    -3.89    7.99
 111225.552    51.022     0.55    7.78
 111514.897    49.971    -3.63    7.40
 111804.244    48.489    -5.12    7.06
 112093.592    48.153    -1.16    7.25
 112382.941    47.935    -0.75    7.17
 112672.291    49.189     4.33    7.95
 112961.643    48.577    -2.11    7.92
 113250.995    48.909     1.15    7.67
 113540.349    47.705    -4.16    7.08
 113829.704    47.870     0.57    6.67
 114119.061    47.971     0.35    6.91
 114408.418    47.436    -1.85    6.18
 114697.777    46.887    -1.90    6.15
 114987.137    47.310     1.46    6.10
 115276.498    49.118     6.25    7.75
 115565.860    49.090    -0.10    7.85
 115855.224    48.702    -1.34    7.89
 116144.588    48.632    -0.24    7.65
 116433.954    48.454    -0.62    8.92
 116723.321    49.317     2.98    9.87
 117012.690    49.523     0.71   10.29
 117302.059    48.592    -3.22   10.76
 117591.430    46.902    -5.84   10.82
 117880.802    46.264    -2.20   11.09
 118170.175    45.272    -3.43   10.32
 118459.550    43.764    -5.21    9.42
 118748.925    43.905     0.49    9.30
 119038.302    43.970     0.22    9.58
 119327.681    44.816     2.92    9.87
 119617.060    44.530    -0.99    9.91
 119906.440    43.243    -4.45    8.85
 120195.822    43.836     2.05    9.11
 120485.205    43.505    -1.14    8.80
 120774.590    43.212    -1.01    9.45
 121063.975    43.105    -0.37    8.96
 121353.362    43.022    -0.29    9.39
 121642.750    42.555    -1.61    9.66
 121932.139    41.695    -2.97    8.56
 122221.530    42.887     4.12    9.89
 122510.921    42.286    -2.08    9.85
 122800.314    41.322    -3.33    9.40
 123089.708    39.940    -4.78    8.35
 123379.104    39.367    -1.98    8.71
 123668.501    39.305    -0.21    9.42
 123957.898    40.419     3.85   11.20
 124247.298    40.022    -1.37   11.80
 124536.698    41.412     4.80   13.65
 124826.100    42.209     2.75   13.76
 125115.503    42.366     0.54   13.75
 125404.907    42.479     0.39   13.40
 125694.312    41.655    -2.85   12.64
 125983.719    41.367    -0.99   11.53
 126273.127    40.344    -3.54   10.66
 126562.536    39.089    -4.34    9.80
 126851.807    39.139     0.17    9.76
 127140.948    38.454    -2.37    8.92
 127430.089    36.452    -6.92    7.41
 127719.232    35.689    -2.64    7.17
 128008.376    34.073    -5.59    6.94
 128297.522    32.355    -5.94    7.70
 128586.668    30.747    -5.56    7.64
 128875.816    29.845    -3.12    7.36
 129164.966    29.572    -0.94    6.96
 129454.116    29.367    -0.71    6.51
 129743.268    29.489     0.42    6.37
 130032.421    29.239    -0.86    6.47
 130321.575    28.712    -1.82    6.12
 130610.731    27.488    -4.23    6.78
 130899.888    26.385    -3.82    6.85
 131189.046    25.628    -2.62    6.72
 131478.205    24.867    -2.63    6.60
 131767.366    24.785    -0.28    6.84
 132056.528    26.005     4.22    7.45
 132345.691    28.057     7.10    7.32
 132634.856    30.796     9.47    7.68
 132924.021    31.005     0.73    7.00
 133213.188    30.872    -0.46    7.16
 133502.357    32.935     7.13    8.87
 133791.526    36.626    12.76   11.05
 134080.697    37.768     3.95   10.49
 134369.870    39.717     6.74   11.03
 134659.043    41.672     6.76   10.93
 134948.218    44.264     8.96    9.87
 135237.394    44.574     1.07    9.66
 135526.571    43.690    -3.06   11.09
 135815.750    43.139    -1.90   11.44
 136104.930    44.272     3.92   11.29
 136394.111    44.557     0.99   10.26
 136683.294    45.105     1.90   10.37
 136972.478    46.684     5.46    9.55
 137261.663    47.073     1.35    9.85
 137550.850    46.310    -2.64   10.04
 137840.037    47.172     2.98   10.39
 138129.226    45.038    -7.38   11.19
 138418.417    45.148     0.38   11.84
 138707.609    47.649     8.65   11.30
 138996.802    45.816    -6.34   10.80
 139285.996    43.889    -6.66   11.29
 139575.192    41.300    -8.95   11.21
 139864.389    39.178    -7.34   11.53
 140153.587    36.599    -8.92   10.39
 140442.786    32.559   -13.97    7.88
 140731.987    29.812    -9.50    7.55
 141021.190    28.039    -6.13    6.85
 141310.393    28.105     0.23    6.68
 141599.598    28.574     1.62    7.46
 141888.804    30.130     5.38    9.17
 142178.012    32.412     7.89   11.72
 142467.221    33.867     5.03   11.47
 142756.431    34.579     2.46   10.91
 143045.642    34.751     0.59   11.50
 143334.855    34.602    -0.52   11.98
 143624.069    34.678     0.26   12.45
 143913.285    36.798     7.33   13.10
 144202.501    39.940    10.86   12.45
 144491.720    42.850    10.06   11.96
 144780.939    46.887    13.96   12.12
 145070.160    49.281     8.28   12.85
 145359.382    51.339     7.11   13.56
 145648.606    53.415     7.18   14.12
 145937.830    55.272     6.42   14.37
 146227.057    58.639    11.64   13.86
 146516.284    57.918    -2.49   14.63
 146805.513    55.161    -9.53   14.95
 147094.743    50.836   -14.95   15.02
 147383.975    46.717   -14.24   14.46
 147673.208    44.923    -6.20   13.85
 147962.442    42.557    -8.18   13.11
 148251.678    38.661   -13.47    9.96
 148540.914    35.988    -9.24    9.17
 148830.153    35.446    -1.88    9.97
 149119.392    36.105     2.28   11.16
 149408.633    37.109     3.47   11.21
 149697.876    37.717     2.10   12.20
 149987.120    38.327     2.11   11.76
 150276.365    37.819    -1.76   11.22
 150565.611    35.104    -9.39   11.56
 150854.859    32.938    -7.49   10.62
 151144.108    29.455   -12.04   10.06
 151433.359    27.005    -8.47    8.99
 151722.611    27.192     0.64    9.42
 152011.864    25.643    -5.35    7.07
 152301.118    25.155    -1.69    6.44
 152590.374    24.317    -2.90    4.91
 152879.632    23.898    -1.45    4.92
 153168.891    25.055     4.00    6.85
 153458.151    25.505     1.56    7.07
 153747.412    26.457     3.29    7.78
 154036.675    26.802     1.19    7.66
 154325.939    26.089    -2.47    6.37
 154615.205    25.350    -2.55    6.57
 154904.472    24.712    -2.21    6.79
 155193.740    22.836    -6.49    7.64
 155483.010    20.344    -8.61    8.44
 155772.281    20.038    -1.06    9.71
 156061.554    19.700    -1.17   11.88
 156350.828    20.773     3.71   14.96
 156640.103    23.260     8.60   18.01
 156929.380    23.971     2.46   17.35
 157218.658    24.973     3.46   17.01
 157507.937    24.109    -2.99   15.88
 157797.218    21.540    -8.88   12.83
 158086.500    20.264    -4.41    9.90
 158375.784    18.409    -6.41    8.13
 158665.069    16.805    -5.54    7.07
 158954.356    15.971    -2.88    6.61
 159243.643    15.989     0.06    7.67
 159532.933    16.339     1.21    7.37
 159822.223    16.488     0.52    7.69
 160111.515    18.694     7.62    8.39
 160400.809    21.073     8.22    9.41
 160690.104    25.989    16.99   11.27
 160979.400    30.845    16.79   10.96
 161268.698    34.367    12.18    9.50
 161557.997    36.497     7.36    8.30
 161847.297    36.678     0.63    7.57
 162136.599    35.759    -3.17    8.23
 162425.903    34.557    -4.16    9.28
 162715.207    32.531    -7.00    9.67
 163004.513    31.166    -4.72   10.60
 163293.821    29.344    -6.30   11.00
 163583.130    27.105    -7.74   11.69
 163872.440    24.243    -9.90   11.88
 164161.752    22.022    -7.68   11.65
 164451.065    20.005    -6.97   10.91
 164740.380    17.333    -9.24    9.30
 165029.696    14.463    -9.92    8.29
 165319.014    12.124    -8.08    5.64
 165608.333    12.167     0.15    5.87
 165897.653    12.827     2.28    7.08
 166186.975    16.772    13.64   11.28
 166476.298    20.918    14.33   12.04
 166765.623    24.376    11.95   11.83
 167054.949    27.872    12.08    9.63
 167344.276    28.155     0.98    8.09
 167633.605    27.040    -3.86    8.20
 167922.936    24.845    -7.59    8.75
 168212.268    22.355    -8.60    8.97
 168501.601    19.378   -10.29    8.66
 168790.936    17.022    -8.14    7.13
 169080.272    15.124    -6.56    5.78
 169369.609    14.095    -3.56    5.47
 169658.948    14.751     2.27    6.87
 169948.289    13.350    -4.84    6.77
 170237.631    13.122    -0.79    7.11
 170526.974    12.243    -3.04    7.22
 170816.319    10.954    -4.46    5.93
 171105.665    10.316    -2.20    5.04
 171395.013    10.540     0.77    5.32
 171684.362    12.055     5.23    7.22
 171973.713    14.902     9.84    9.40
 172263.065    18.649    12.95   12.06
 172552.419    21.833    11.00   12.83
 172841.774    25.954    14.24   11.83
 173131.130    28.612     9.19   11.61
 173420.488    30.605     6.89   10.64
 173709.847    31.439     2.88   11.33
 173999.208    31.181    -0.89   10.93
 174288.571    30.195    -3.41   10.93
 174577.934    27.839    -8.14   11.38
 174867.300    24.885   -10.21   11.70
 175156.667    21.072   -13.18   11.32
 175446.035    16.919   -14.35   11.15
 175735.404    11.178   -19.84    9.45
 176024.776     8.216   -10.24    8.11
 176314.148     5.255   -10.23    6.23
 176603.522     3.022    -7.72    4.55
 176892.898     1.609    -4.88    2.46
 177182.275     0.839    -2.66    1.34
 177471.653     0.755    -0.29    1.31
 177761.033     0.836     0.28    1.30
 178050.415     0.853     0.06    1.24
 178339.798     0.839    -0.05    1.18
 178629.182     0.891     0.18    1.07
 178918.568     1.023     0.46    0.94
 179207.956     1.039     0.06    1.00
 179497.345     0.902    -0.47    1.00
 179786.735     0.874    -0.10    1.15
 180076.127     0.874     0.00    1.12
 180365.520     1.092     0.75    1.25
 180654.915     1.192     0.35    1.24
 180944.312     1.541     1.21    1.26
 181233.710     2.102     1.94    1.67
 181523.109     3.361     4.35    3.16
 181812.510     5.055     5.85    4.87
 182101.912     7.540     8.59    6.38
 182391.316    10.777    11.19    7.49
 182680.721    13.548     9.57    7.81
 182970.128    17.092    12.25    7.89
 183259.537    19.333     7.75    7.82
 183548.947    20.819     5.13    8.53
 183838.358    20.936     0.41    9.85
 184127.771    20.902    -0.12   10.67
 184417.185    20.333    -1.97   11.14
 184706.601    18.825    -5.21   10.57
 184996.019    16.643    -7.54    8.63
 185285.438    16.178    -1.61    7.46
 185574.858    15.798    -1.31    6.34
 185864.280    15.092    -2.44    5.28
 186153.704    17.087     6.90    7.42
 186443.129    18.672     5.48    8.18
 186732.555    21.205     8.75    9.39
 187021.983    22.444     4.28    9.62
 187311.413    25.143     9.33   10.60
 187600.844    28.789    12.60   11.69
 187890.276    31.734    10.18   11.48
 188179.711    34.739    10.38   11.01
 188469.146    38.202    11.97   10.75
 188758.584    41.609    11.77    9.32
 189047.944    43.747     7.39    7.78
 189337.056    44.005     0.89    7.98
 189626.169    44.205     0.69    8.16
 189915.283    43.798    -1.41    8.31
 190204.400    42.155    -5.68    8.92
 190493.517    41.847    -1.06    8.80
 190782.636    40.622    -4.24    8.43
 191071.757    40.489    -0.46    7.64
 191360.879    40.855     1.27    7.44
 191650.003    41.972     3.86    6.91
 191939.128    43.111     3.94    6.30
 192228.255    43.293     0.63    5.98
 192517.384    41.988    -4.51    6.42
 192806.513    41.339    -2.25    6.37
 193095.645    41.235    -0.36    5.88
 193384.778    40.760    -1.64    5.84
 193673.913    41.655     3.10    6.41
 193963.049    42.380     2.51    7.40
 194252.186    43.247     3.00    8.10
 194541.326    44.322     3.72    8.06
 194830.466    45.700     4.77    7.70
 195119.609    47.454     6.06    7.75
 195408.753    50.178     9.42    8.14
 195697.898    52.344     7.49    8.37
 195987.045    55.260    10.08    8.78
 196276.194    58.070     9.72    8.24
 196565.344    61.090    10.45    7.13
 196854.495    63.970     9.96    5.00
 197143.649    65.548     5.46    3.76
 197432.803    66.798     4.33    3.13
 197721.960    67.497     2.42    2.58
 198011.118    67.643     0.51    2.12
 198300.277    67.212    -1.49    2.72
 198589.438    66.057    -3.99    3.85
 198878.601    64.212    -6.38    5.54
 199167.765    62.655    -5.38    5.86
 199456.931    60.885    -6.12    6.31
 199746.098    59.205    -5.81    6.97
 200035.267    58.702    -1.74    6.84
 200324.437    58.798     0.33    6.80
 200613.610    58.755    -0.15    6.50
 200902.783    58.243    -1.77    6.02
 201191.958    57.751    -1.70    5.74
 201481.135    57.327    -1.47    5.49
 201770.314    55.592    -6.00    6.05
 202059.494    54.141    -5.02    6.42
 202348.675    52.683    -5.04    6.80
 202637.858    50.205    -8.57    7.81
 202927.043    48.178    -7.01    8.58
 203216.229    46.531    -5.70    9.13
 203505.417    44.637    -6.55    8.37
 203794.607    43.277    -4.70    7.93
 204083.798    41.973    -4.51    6.81
 204372.991    41.599    -1.29    6.70
 204662.185    42.155     1.93    7.14
 204951.381    42.216     0.21    7.15
 205240.578    41.988    -0.79    6.78
 205529.777    43.057     3.70    6.89
 205818.978    43.632     1.99    7.00
 206108.180    44.572     3.25    5.99
 206397.384    45.391     2.83    6.14
 206686.590    46.255     2.99    6.16
 206975.797    47.198     3.26    5.91
 207265.005    47.441     0.84    6.41
 207554.216    45.922    -5.25    7.64
 207843.428    43.954    -6.80    8.43
 208132.641    41.367    -8.95    8.52
 208421.856    39.830    -5.32    8.28
 208711.073    38.870    -3.32    7.72
 209000.291    38.124    -2.58    7.69
 209289.511    36.489    -5.65    7.56
 209578.733    35.705    -2.71    7.50
 209867.956    35.362    -1.19    7.46
 210157.181    33.836    -5.28    7.63
 210446.408    32.712    -3.88    7.35
 210735.636    31.055    -5.73    7.08
 211024.865    29.557    -5.18    6.46
 211314.097    28.023    -5.31    6.99
 211603.330    27.540    -1.67    7.61
 211892.564    26.333    -4.17    7.26
 212181.800    25.255    -3.73    7.57
 212471.038    24.523    -2.53    7.28
 212760.278    23.855    -2.31    7.17
 213049.519    23.251    -2.09    7.04
 213338.762    22.005    -4.31    6.63
 213628.006    20.432    -5.44    6.58
 213917.252    19.022    -4.87    6.91
 214206.500    18.243    -2.69    6.61
 214495.749    17.345    -3.10    6.41
 214785.000    16.712    -2.19    6.34
 215074.252    15.822    -3.08    6.39
 215363.507    14.073    -6.05    5.73
 215652.762    13.972    -0.35    5.55
 215942.020    13.436    -1.85    4.91
 216231.279    12.785    -2.25    4.44
 216520.540    12.760    -0.09    3.97
 216809.802    13.355     2.06    3.97
 217099.066    14.202     2.93    3.89
 217388.332    14.143    -0.20    3.65
 217677.600    13.922    -0.76    3.96
 217966.869    13.712    -0.73    3.92
 218256.139    12.853    -2.97    3.89
 218545.412    11.938    -3.16    4.08
 218834.686    11.378    -1.93    3.99
 219123.961    10.255    -3.88    3.63
 219413.239     9.970    -0.99    3.72
 219702.518     9.605    -1.26    4.01
 219991.798     9.316    -1.00    4.05
 220281.081     8.892    -1.46    3.62
 220570.365     8.372    -1.80    3.16
 220859.650     7.802    -1.97    2.28
 221148.938     8.643     2.91    4.01
 221438.227    10.755     7.30    5.78
 221727.517    11.689     3.23    5.81
 222016.810    13.022     4.61    6.26
 222306.104    15.497     8.56    6.47
 222595.399    17.488     6.88    5.70
 222884.697    18.916     4.94    5.24
 223173.996    18.589    -1.13    5.71
 223463.296    19.092     1.74    6.27
 223752.599    18.922    -0.59    6.65
 224041.903    18.264    -2.27    6.94
 224331.209    16.523    -6.02    7.25
 224620.516    15.040    -5.13    6.57
 224909.825    14.229    -2.80    6.28
 225199.136    14.366     0.47    6.01
 225488.448    14.971     2.09    6.01
 225777.763    16.655     5.82    6.90
 226067.079    17.850     4.13    8.00
 226356.396    19.751     6.57    8.12
 226645.715    21.263     5.23    7.54
 226935.036    22.422     4.00    6.55
 227224.359    23.382     3.32    5.79
 227513.683    24.005     2.15    5.45
 227803.009    25.402     4.83    4.98
 228092.337    26.480     3.73    4.97
 228381.667    28.772     7.92    5.39
 228670.998    31.239     8.53    5.28
 228960.331    33.298     7.12    4.76
 229249.665    35.548     7.77    4.22
 229539.001    35.725     0.61    4.30
 229828.339    35.922     0.68    4.54
 230117.679    35.694    -0.79    4.71
 230407.020    35.229    -1.61    4.74
 230696.363    34.599    -2.18    4.77
 230985.708    35.141     1.87    4.90
 231275.055    35.355     0.74    4.65
 231564.403    36.073     2.48    4.40
 231853.753    36.855     2.70    4.76
 232143.105    37.889     3.57    4.51
 232432.458    38.812     3.19    4.39
 232721.813    39.322     1.76    4.42
 233011.170    40.436     3.85    4.29
 233300.528    41.235     2.76    4.88
 233589.889    41.655     1.45    5.57
 233879.251    42.574     3.18    6.45
 234168.614    43.212     2.20    7.14
 234457.980    43.309     0.33    8.15
 234747.347    43.072    -0.82    8.10
 235036.716    42.632    -1.52    7.84
 235326.086    41.972    -2.28    8.24
 235615.459    41.229    -2.57    7.51
 235904.833    39.380    -6.39    6.58
 236194.209    37.489    -6.54    6.60
 236483.586    34.902    -8.94    6.40
 236772.966    32.939    -6.78    6.65
 237062.347    30.531    -8.32    6.75
 237351.729    28.229    -7.95    6.69
 237641.114    26.695    -5.30    6.03
 237930.500    24.971    -5.96    4.99
 238219.888    24.432    -1.86    4.56
 238509.278    23.609    -2.84    2.80
 238798.669    23.626     0.06    2.50
 239088.063    23.626     0.00    2.25
 239377.458    23.867     0.83    2.06
 239666.854    24.215     1.20    2.61
 239956.253    24.175    -0.14    2.77
 240245.653    24.378     0.70    3.23
 240535.055    24.146    -0.80    3.58
 240824.459    24.092    -0.19    3.68
 241113.864    23.639    -1.56    3.71
 241403.272    22.938    -2.42    4.12
 241692.681    22.874    -0.22    4.40
 241982.092    22.702    -0.60    4.74
 242271.504    23.361     2.28    5.27
 242560.918    23.795     1.50    5.26
 242850.334    24.272     1.65    5.67
 243139.752    24.727     1.57    4.91
 243429.172    24.488    -0.82    5.08
 243718.593    24.226    -0.91    5.02
 244008.016    23.409    -2.82    5.34
 244297.441    22.822    -2.03    5.21
 244586.868    22.705    -0.40    4.90
 244876.297    22.455    -0.86    5.14
 245165.727    22.582     0.44    5.63
 245455.159    22.830     0.86    5.44
 245744.593    23.139     1.07    5.38
 246034.028    23.592     1.56    5.55
 246323.465    23.322    -0.93    5.26
 246612.905    22.655    -2.30    5.11
 246902.346    21.885    -2.66    4.63
 247191.788    21.454    -1.49    4.76
 247481.233    21.333    -0.42    4.87
 247770.679    21.772     1.52    4.91
 248060.127    22.243     1.63    5.03
 248349.577    23.039     2.75    4.95
 248639.029    24.229     4.11    4.34
 248928.482    25.304     3.71    3.05
 249217.937    24.956    -1.20    3.06
 249507.394    24.189    -2.65    2.67
 249796.853    23.763    -1.47    2.17
 250086.314    23.630    -0.46    1.92
 250375.776    23.264    -1.27    1.84
 250665.240    22.988    -0.95    2.16
 250954.706    22.488    -1.73    2.56
 251244.174    21.645    -2.91    3.04
 251533.268    20.902    -2.57    3.48
 251822.350    19.505    -4.83    3.70
 252111.433    18.316    -4.12    3.32
 252400.518    18.599     0.98    4.84
 252689.605    19.677     3.73    5.87
 252978.693    21.109     4.95    6.48
 253267.784    23.105     6.91    6.60
 253556.876    25.523     8.36    6.72
 253845.970    29.005    12.05    7.03
 254135.066    32.822    13.20    7.20
 254424.163    35.785    10.25    6.92
 254713.263    38.876    10.69    6.90
 255002.364    41.398     8.72    4.69
 255291.467    41.395    -0.01    4.68
 255580.572    39.954    -4.99    5.73
 255869.678    37.086    -9.92    7.11
 256158.787    34.268    -9.75    7.83
 256447.897    32.557    -5.92    7.76
 256737.009    29.582   -10.29    8.02
 257026.123    28.479    -3.81    7.87
 257315.239    28.481     0.01    7.44
 257604.357    28.755     0.95    7.98
 257893.476    29.305     1.90    8.29
 258182.597    29.819     1.78    8.02
 258471.720    29.672    -0.51    7.75
 258760.845    30.255     2.02    7.93
 259049.972    28.747    -5.22    7.38
 259339.100    28.155    -2.05    7.30
 259628.231    27.739    -1.44    7.15
 259917.363    27.488    -0.87    7.16
 260206.497    27.936     1.55    6.98
 260495.633    28.540     2.09    6.58
 260784.771    29.589     3.63    6.58
 261073.910    30.954     4.72    6.94
 261363.052    32.954     6.92    6.96
 261652.195    34.885     6.68    6.97
 261941.340    36.181     4.48    6.04
 262230.487    37.055     3.02    5.17
 262519.636    37.289     0.81    4.82
 262808.787    37.909     2.14    4.30
 263097.939    38.095     0.64    4.71
 263387.093    37.919    -0.61    4.96
 263676.250    38.712     2.74    5.10
 263965.408    40.023     4.53    4.90
 264254.568    40.055     0.11    5.50
 264543.729    40.350     1.02    5.16
 264832.893    39.643    -2.44    5.20
 265122.058    39.126    -1.79    5.37
 265411.226    38.887    -0.83    5.49
 265700.395    38.841    -0.16    5.09
 265989.566    38.264    -2.00    4.63
 266278.739    37.785    -1.66    4.46
 266567.914    37.251    -1.85    4.47
 266857.090    37.316     0.22    4.50
 267146.269    37.822     1.75    4.38
 267435.449    38.255     1.50    4.62
 267724.631    39.167     3.15    5.28
 268013.816    40.309     3.95    5.53
 268303.002    41.768     5.05    4.84
 268592.189    42.419     2.25    5.01
 268881.379    43.218     2.76    5.38
 269170.571    43.792     1.98    5.01
 269459.764    44.626     2.88    4.59
 269748.960    44.853     0.78    4.32
 270038.157    44.742    -0.38    4.19
 270327.356    44.645    -0.34    4.29
 270616.557    44.155    -1.69    4.25
 270905.760    44.022    -0.46    4.27
 271194.965    43.548    -1.64    4.79
 271484.171    43.845     1.03    4.72
 271773.380    43.755    -0.31    4.66
 272062.590    45.161     4.86    4.45
 272351.803    45.705     1.88    4.39
 272641.017    46.889     4.09    4.58
 272930.233    47.885     3.44    4.13
 273219.451    49.298     4.89    4.36
 273508.671    49.988     2.38    4.51
 273797.893    50.339     1.21    4.61
 274087.116    50.616     0.96    4.60
 274376.342    50.582    -0.12    4.80
 274665.570    50.971     1.35    4.70
 274954.799    51.111     0.48    4.70
 275244.030    51.218     0.37    4.16
 275533.263    51.805     2.03    3.99
 275822.499    52.441     2.20    3.73
 276111.736    53.434     3.43    3.99
 276400.974    54.367     3.23    4.09
 276690.215    55.463     3.79    4.07
 276979.458    56.954     5.15    3.27
 277268.703    57.661     2.45    2.85
 277557.949    57.557    -0.36    3.09
 277847.198    57.109    -1.55    3.74
 278136.448    56.637    -1.63    4.75
 278425.700    56.378    -0.89    4.94
 278714.955    56.218    -0.55    5.01
 279004.211    56.436     0.75    5.38
 279293.469    58.039     5.54    5.60
 279582.729    59.426     4.80    5.66
 279871.991    61.178     6.05    5.90
 280161.255    62.579     4.84    5.84
 280450.520    64.124     5.34    5.17
 280739.788    65.360     4.27    4.67
 281029.058    65.827     1.61    4.37
 281318.329    65.853     0.09    3.91
 281607.603    66.143     1.00    4.15
 281896.878    66.677     1.85    4.40
 282186.156    67.940     4.36    4.57
 282475.435    68.626     2.37    5.19
 282764.716    69.226     2.07    5.60
 283053.999    69.505     0.97    5.70
 283343.284    70.038     1.84    5.47
 283632.571    70.039     0.00    5.44
 283921.860    69.940    -0.34    5.11
 284211.151    69.853    -0.30    4.36
 284500.444    70.166     1.08    4.36
 284789.739    71.289     3.88    4.57
 285079.036    72.316     3.55    5.31
 285368.334    72.727     1.42    7.04
 285657.635    74.089     4.71    8.88
 285946.938    76.812     9.42   11.30
 286236.242    79.247     8.41   12.33
 286525.549    82.281    10.49   13.25
 286814.857    84.399     7.32   13.00
 287104.168    86.885     8.59   13.23
 287393.480    89.822    10.15   13.14
 287682.794    92.057     7.73   13.57
 287972.110    95.146    10.68   13.08
 288261.429    98.392    11.22   12.38
 288550.749   100.789     8.28   10.67
 288840.071   102.677     6.53    8.30
 289129.395   105.916    11.19    4.50
 289418.721   106.747     2.87    4.19
 289708.049   105.989    -2.62    5.16
 289997.379   104.954    -3.58    7.90
 290286.711   103.743    -4.18    8.84
 290576.045   103.471    -0.94    9.12
 290865.381   102.298    -4.05    9.89
 291154.719   100.830    -5.08   10.01
 291444.059    99.472    -4.69    9.63
 291733.401    99.956     1.67    9.12
 292022.745   100.247     1.00   10.13
 292312.091   100.836     2.04   11.01
 292601.439   103.059     7.68   10.98
 292890.788   106.040    10.30   11.01
 293180.140   109.192    10.89   10.60
 293469.494   111.439     7.77    9.14
 293758.850   110.776    -2.29    9.59
 294048.207   110.059    -2.48    9.75
 294337.567   104.339   -19.77   14.24
 294626.929    98.057   -21.71   14.90
 294916.292    95.360    -9.32   13.56
 295205.658    93.448    -6.61   11.33
 295495.026    93.643     0.67   10.71
 295784.396    95.954     7.99   11.02
 296073.767    99.827    13.38    8.44
 296363.141   101.586     6.08    6.00
 296652.516   102.344     2.62    4.69
 296941.894   101.855    -1.69    4.85
 297231.274    99.867    -6.87    4.57
 297520.655    97.720    -7.42    4.08
 297810.039    95.539    -7.54    4.76
 298099.425    93.281    -7.80    5.49
 298388.812    92.235    -3.62    5.52
 298678.202    92.305     0.24    6.26
 298967.594    93.505     4.15    8.14
 299256.988    95.092     5.48    9.01
 299546.383    97.229     7.39    8.61
 299835.781    98.940     5.91    7.26
 300125.181   100.281     4.64    6.04
 300414.582    99.954    -1.13    5.72
 300703.986    99.419    -1.85    4.88
 300993.392    99.514     0.33    4.27
 301282.800   100.570     3.65    4.02
 301572.210   100.839     0.93    3.67
 301861.622   101.122     0.98    3.16
 302151.035   101.426     1.05    2.90
 302440.451   102.402     3.37    3.67
 302729.869   105.722    11.47    8.86
 303019.289   108.836    10.76   11.26
 303308.711   111.305     8.53   11.66
 303598.135   111.609     1.05   11.73
 303887.561   112.540     3.22   11.79
 304176.989   114.690     7.43   12.08
 304466.419   115.439     2.59   13.26
 304755.851   117.202     6.09   14.86
 305045.286   117.850     2.24   15.28
 305334.722   121.785    13.60   15.36
 305624.160   122.436     2.25   15.56
 305913.600   124.605     7.49   14.02
 306203.043   124.922     1.09   11.56
 306492.487   123.855    -3.69   10.45
 306781.933   122.289    -5.41    8.47
 307071.382   121.126    -4.02    7.36
 307360.832   119.660    -5.07    6.06
 307650.285   118.886    -2.67    4.39
 307939.739   118.262    -2.16    3.28
