-363938.953   316.079     0.00    7.34
-363649.811   317.268     4.11    7.27
-363360.670   318.787     5.25    6.74
-363071.532   320.688     6.58    4.09
-362782.396   321.482     2.74    2.79
-362493.262   321.130    -1.22    3.33
-362204.130   320.092    -3.59    3.68
-361915.000   318.222    -6.47    4.84
-361625.873   316.766    -5.04    4.98
-361336.747   315.272    -5.17    6.47
-361047.623   311.682   -12.42   11.74
-360758.501   308.380   -11.42   16.04
-360469.381   302.172   -21.47   21.04
-360180.264   295.355   -23.58   24.31
-359891.148   285.768   -33.16   27.27
-359602.034   275.380   -35.93   27.89
-359312.923   265.872   -32.89   27.54
-359023.813   256.431   -32.66   23.35
-358734.705   254.082    -8.12   22.09
-358445.600   250.855   -11.16   20.96
-358156.496   247.406   -11.93   19.77
-357867.395   246.973    -1.50   18.72
-357578.295   250.009    10.50   21.35
-357289.198   262.085    41.77   31.53
-357000.102   274.354    42.44   35.78
-356711.009   289.320    51.77   35.73
-356421.918   300.975    40.32   30.83
-356132.828   312.465    39.75   22.08
-355843.741   319.872    25.62   11.54
-355554.655   322.906    10.50    2.72
-355265.572   323.288     1.32    2.13
-354976.491   323.513     0.78    1.82
-354687.411   323.751     0.82    1.64
-354398.324   323.505    -0.85    1.51
-354108.816   323.092    -1.43    1.58
-353819.310   322.675    -1.44    1.82
-353529.807   322.138    -1.85    1.90
-353240.305   321.526    -2.11    1.88
-352950.805   321.337    -0.66    1.81
-352661.308   321.072    -0.92    1.65
-352371.812   320.659    -1.43    1.96
-352082.318   320.199    -1.59    2.23
-351792.827   318.305    -6.54    4.78
-351503.337   316.182    -7.34    7.18
-351213.850   313.855    -8.04    7.71
-350924.364   311.305    -8.81    7.79
-350634.880   308.736    -8.88    8.04
-350345.399   305.605   -10.82    8.02
-350055.919   302.561   -10.52    8.69
-349766.441   299.194   -11.63    9.49
-349476.966   293.388   -20.05   12.16
-349187.492   287.020   -22.00   15.51
-348898.020   277.288   -33.62   19.39
-348608.550   266.380   -37.69   21.20
-348319.083   256.888   -32.79   20.26
-348029.617   247.647   -31.93   17.14
-347740.153   244.572   -10.62   14.03
-347450.691   247.109     8.76   16.95
-347161.232   253.973    23.72   23.58
-346871.774   266.026    41.64   27.54
-346582.318   278.959    44.68   27.33
-346292.864   290.052    38.33   23.25
-346003.412   300.122    34.79   16.14
-345713.962   306.292    21.32   10.18
-345424.514   310.492    14.51    2.76
-345135.068   310.975     1.67    1.86
-344845.624   310.719    -0.88    1.98
-344556.182   309.940    -2.69    2.26
-344266.742   308.757    -4.09    2.75
-343977.304   307.733    -3.54    2.82
-343687.868   306.371    -4.71    3.95
-343398.434   305.475    -3.10    4.76
-343109.001   304.499    -3.37    5.85
-342819.571   303.055    -4.99    7.54
-342530.143   301.113    -6.71    9.03
-342240.716   298.055   -10.56   12.21
-341951.292   296.621    -4.96   13.10
-341661.870   293.388   -11.17   15.00
-341372.449   292.610    -2.69   15.31
-341083.031   292.736     0.44   14.50
-340793.614   290.823    -6.61   15.70
-340504.199   290.924     0.35   15.65
-340214.787   291.320     1.37   15.26
-339925.376   292.622     4.50   13.98
-339635.967   294.705     7.20   12.14
-339346.560   295.501     2.75   10.72
-339057.155   296.678     4.07    8.69
-338767.752   298.505     6.31    5.41
-338478.351   299.603     3.79    3.46
-338188.952   299.610     0.02    3.24
-337899.555   299.533    -0.27    3.02
-337610.160   299.194    -1.17    2.49
-337320.767   298.526    -2.31    2.78
-337031.375   297.492    -3.57    3.47
-336741.986   296.572    -3.18    3.88
-336452.598   295.268    -4.51    4.44
-336163.213   293.437    -6.33    4.88
-335873.829   292.022    -4.89    4.88
-335584.448   290.192    -6.32    5.03
-335295.068   289.211    -3.39    4.78
-335005.690   288.492    -2.48    4.83
-334716.314   287.577    -3.16    4.97
-334426.940   286.285    -4.46    5.72
-334137.568   285.837    -1.55    6.48
-333848.198   284.992    -2.92    7.05
-333558.830   283.713    -4.42    8.60
-333269.463   281.538    -7.52   10.61
-332980.099   279.405    -7.37   12.93
-332690.736   278.085    -4.56   14.54
-332401.376   275.239    -9.84   16.60
-332112.017   274.957    -0.97   17.04
-331822.660   274.172    -2.72   17.76
-331533.306   275.482     4.53   16.25
-331243.953   276.118     2.20   14.94
-330954.602   277.748     5.63   12.64
-330665.253   278.785     3.58   12.44
-330375.905   281.770    10.32   11.56
-330086.560   285.736    13.71    8.91
-329797.217   287.938     7.61    7.48
-329507.875   290.354     8.35    5.25
-329218.536   290.821     1.61    4.83
-328929.198   291.121     1.04    4.82
-328639.862   290.555    -1.95    5.75
-328350.528   289.610    -3.27    5.95
-328061.196   288.194    -4.90    7.65
-327771.866   286.005    -7.56    8.91
-327482.538   285.169    -2.89    8.48
-327193.211   281.804   -11.63    9.60
-326903.887   276.354   -18.84   12.20
-326614.564   271.549   -16.61   14.00
-326325.244   264.659   -23.82   15.82
-326035.925   258.467   -21.40   17.45
-325746.608   251.538   -23.95   17.98
-325457.293   244.835   -23.17   17.98
-325167.980   239.372   -18.88   17.11
-324878.669   231.022   -28.86   18.96
-324589.359   225.005   -20.80   20.50
-324300.052   216.682   -28.77   19.48
-324010.746   209.397   -25.18   17.07
-323721.442   204.041   -18.51   13.95
-323432.140   199.346   -16.23    7.94
-323142.840   197.856    -5.15    5.32
-322853.542   199.736     6.50    7.63
-322564.246   204.710    17.19   12.28
-322274.952   207.787    10.64   12.83
-321985.659   213.440    19.54   12.71
-321696.368   218.200    16.45   13.28
-321407.080   223.544    18.47   12.35
-321117.793   228.751    18.00   12.24
-320828.508   232.061    11.44   12.38
-320539.224   232.906     2.92   14.45
-320249.943   232.555    -1.21   15.21
-319960.664   234.095     5.32   15.89
-319671.386   239.205    17.66   20.67
-319382.110   246.138    23.97   26.39
-319092.836   250.061    13.56   28.43
-318803.564   259.205    31.61   27.26
-318514.294   263.838    16.02   25.52
-318225.026   264.753     3.16   28.76
-317935.759   267.281     8.74   29.11
-317646.494   270.664    11.70   30.20
-317357.232   274.058    11.73   30.63
-317067.971   280.414    21.97   29.88
-316778.712   285.788    18.58   28.37
-316489.454   291.095    18.35   25.11
-316200.199   299.177    27.94   16.20
-315910.945   301.643     8.53   10.15
-315621.693   302.022     1.31    8.33
-315332.443   300.282    -6.02    8.82
-315043.195   297.922    -8.16   10.02
-314753.949   291.972   -20.57   12.20
-314464.705   287.113   -16.80   12.78
-314175.462   282.329   -16.54   12.23
-313886.221   278.457   -13.39   10.77
-313596.982   277.465    -3.43   10.96
-313307.745   274.838    -9.08   12.40
-313018.510   274.310    -1.83   13.06
-312729.277   271.938    -8.20   16.48
-312440.045   268.371   -12.33   19.09
-312150.815   266.388    -6.86   20.76
-311861.587   264.872    -5.24   19.91
-311572.361   262.838    -7.03   20.12
-311283.137   260.406    -8.41   19.70
-310993.914   260.046    -1.24   18.45
-310704.693   259.872    -0.60   17.45
-310415.475   256.177   -12.78   18.53
-310126.258   251.114   -17.50   20.85
-309837.042   247.222   -13.46   20.91
-309547.829   244.192   -10.48   21.35
-309258.617   244.821     2.17   20.62
-308969.407   247.957    10.85   19.94
-308680.199   248.151     0.67   20.39
-308390.993   247.854    -1.03   21.74
-308101.789   247.785    -0.24   21.34
-307812.586   249.906     7.33   18.84
-307523.385   250.544     2.21   17.32
-307234.186   246.172   -15.12   17.55
-306944.989   242.388   -13.08   17.48
-306655.794   239.655    -9.45   17.57
-306366.600   236.049   -12.47   16.28
-306077.408   234.475    -5.44   17.01
-305788.218   234.643     0.58   18.78
-305499.030   236.972     8.05   20.32
-305209.844   237.788     2.82   21.17
-304920.659   239.728     6.71   20.30
-304631.476   239.216    -1.77   18.25
-304342.295   233.448   -19.95   20.58
-304053.116   230.024   -11.84   19.92
-303763.939   224.438   -19.32   19.32
-303474.763   219.423   -17.34   17.79
-303185.589   214.787   -16.03   16.31
-302896.417   215.081     1.02   16.47
-302607.247   217.538     8.50   16.83
-302318.078   222.455    17.00   16.78
-302028.911   224.182     5.97   15.55
-301739.746   223.238    -3.26   15.38
-301450.583   222.122    -3.86   15.54
-301161.422   221.668    -1.57   15.68
-300872.262   218.888    -9.61   15.46
-300583.104   212.753   -21.22   13.77
-300293.948   207.338   -18.73   11.05
-300004.793   205.941    -4.83    9.76
-299715.641   206.738     2.76   10.84
-299426.490   209.026     7.91   11.96
-299137.341   209.388     1.25   11.74
-298848.194   211.522     7.38   11.90
-298559.048   214.600    10.65   10.38
-298269.904   213.440    -4.01   11.49
-297980.762   209.783   -12.65   12.54
-297691.622   207.821    -6.79   12.94
-297402.484   207.990     0.59   13.35
-297113.347   210.356     8.18   14.46
-296824.212   213.388    10.49   15.89
-296535.079   218.781    18.65   15.23
-296245.947   223.651    16.84   13.73
-295956.818   228.820    17.88   10.53
-295667.690   228.249    -1.97   11.86
-295378.563   227.337    -3.16   14.04
-295089.439   226.337    -3.46   15.59
-294800.316   224.233    -7.28   16.62
-294511.195   220.406   -13.24   17.21
-294222.076   216.372   -13.95   17.07
-293932.958   212.406   -13.72   17.31
-293643.843   210.122    -7.90   17.30
-293354.729   209.281    -2.91   14.66
-293065.616   211.751     8.54   15.51
-292776.506   215.905    14.37   16.33
-292487.397   217.505     5.54   16.61
-292198.290   222.505    17.30   14.83
-291908.892   224.710     7.62   15.41
-291619.413   223.526    -4.09   15.72
-291329.936   220.617   -10.05   16.81
-291040.460   218.222    -8.28   17.02
-290750.987   217.688    -1.84   17.23
-290461.515   217.871     0.63   15.45
-290172.044   215.465    -8.31   14.69
-289882.576   211.994   -11.99   15.69
-289593.109   210.022    -6.81   16.68
-289303.644   206.055   -13.70   17.78
-289014.181   200.992   -17.49   15.75
-288724.719   196.122   -16.83   11.39
-288435.260   195.838    -0.98   11.15
-288145.802   195.499    -1.17   12.30
-287856.345   197.147     5.70   13.63
-287566.891   198.651     5.20   12.75
-287277.438   199.422     2.66   12.28
-286987.986   200.064     2.22   11.88
-286698.537   200.855     2.73   11.98
-286409.089   200.820    -0.12   12.02
-286119.643   200.692    -0.44   11.93
-285830.199   200.022    -2.31   12.76
-285540.756   197.820    -7.61   13.72
-285251.315   193.423   -15.19   14.24
-284961.876   189.210   -14.56   14.04
-284672.438   184.888   -14.93   14.02
-284383.002   181.605   -11.34   13.21
-284093.568   178.755    -9.85   13.37
-283804.136   176.733    -6.99   12.50
-283514.705   175.746    -3.41   11.68
-283225.276   176.122     1.30   11.29
-282935.849   175.664    -1.58   11.44
-282646.423   175.005    -2.28   11.54
-282356.999   175.268     0.91   10.74
-282067.577   177.199     6.67   12.07
-281778.156   178.613     4.89   12.07
-281488.738   178.509    -0.36   12.58
-281199.320   178.347    -0.56   12.52
-280909.905   178.578     0.80   12.87
-280620.491   175.499   -10.64   15.13
-280331.079   170.960   -15.68   15.74
-280041.669   166.499   -15.42   13.66
-279752.260   165.340    -4.00   12.44
-279462.853   165.872     1.84   13.88
-279173.448   166.194     1.11   14.80
-278884.044   166.976     2.70   14.69
-278594.642   169.164     7.56   14.52
-278305.242   172.855    12.75   12.93
-278015.843   175.038     7.54   12.13
-277726.446   173.163    -6.48   13.01
-277437.051   171.204    -6.77   12.07
-277147.657   166.972   -14.63   12.84
-276858.265   163.573   -11.75   13.96
-276568.875   160.655   -10.08   13.94
-276279.486   157.938    -9.39   13.60
-275990.100   156.199    -6.01   11.77
-275700.714   155.363    -2.89   12.03
-275411.331   156.485     3.88   11.47
-275121.949   156.022    -1.60   11.22
-274832.568   155.805    -0.75   11.25
-274543.190   155.105    -2.42   12.40
-274253.813   152.155   -10.19   12.73
-273964.438   147.380   -16.50   12.79
-273675.064   144.105   -11.32   13.97
-273385.692   142.647    -5.04   13.76
-273096.322   139.939    -9.36   16.96
-272806.953   138.600    -4.63   19.40
-272517.586   137.285    -4.55   19.96
-272228.221   135.699    -5.48   22.38
-271938.857   130.138   -19.22   27.59
-271649.495   120.955   -31.74   33.11
-271360.135   109.549   -39.42   35.87
-271070.776   103.888   -19.56   35.21
-270781.419    97.285   -22.82   33.77
-270492.063    88.976   -28.72   31.13
-270202.709    85.622   -11.59   30.78
-269913.357    80.138   -18.95   28.74
-269624.007    81.036     3.10   30.32
-269334.658    81.423     1.34   32.31
-269045.311    86.233    16.63   35.17
-268755.965    84.802    -4.95   35.12
-268466.621    79.992   -16.63   33.73
-268177.279    80.118     0.44   30.90
-267887.938    82.337     7.67   27.22
-267598.599    81.561    -2.68   24.61
-267309.261    80.733    -2.86   24.39
-267019.925    87.617    23.79   27.40
-266730.591    97.298    33.46   28.46
-266441.259   104.682    25.52   26.15
-266151.928   106.973     7.92   24.65
-265862.598   112.467    18.99   21.76
-265573.271   116.975    15.58   19.47
-265283.945   122.622    19.52   16.74
-264994.620   126.272    12.62   13.13
-264705.297   124.114    -7.46   18.36
-264415.976   126.013     6.56   19.85
-264126.656   122.227   -13.09   24.52
-263837.338   121.233    -3.44   24.77
-263548.022   121.561     1.13   23.98
-263258.707   120.072    -5.15   23.98
-262969.394   122.630     8.84   22.99
-262680.083   120.227    -8.30   27.03
-262390.773   120.345     0.40   27.28
-262101.464   120.036    -1.07   26.56
-261812.158   119.705    -1.14   25.48
-261522.852   120.938     4.26   22.39
-261233.549   119.719    -4.22   19.78
-260944.247   115.388   -14.97   22.66
-260654.947   113.126    -7.82   24.60
-260365.648   102.957   -35.15   28.75
-260076.351    92.622   -35.73   29.92
-259787.055    79.939   -43.84   32.31
-259497.761    67.957   -41.42   32.59
-259208.469    56.751   -38.74   31.26
-258919.178    44.716   -41.60   25.62
-258629.889    36.538   -28.27   20.65
-258340.602    29.719   -23.57   16.91
-258051.316    25.227   -15.53   13.81
-257762.031    21.354   -13.39   12.84
-257472.748    16.692   -16.12   11.94
-257183.467    12.705   -13.78   10.56
-256894.187     9.272   -11.87    8.87
-256604.909     6.792    -8.57    7.66
-256315.633     5.460    -4.60    7.46
-256026.358     4.044    -4.90    7.49
-255737.085     2.465    -5.46    8.43
-255447.813    -0.732   -11.05    9.12
-255158.543    -3.587    -9.87    8.86
-254869.274    -6.577   -10.34    7.69
-254580.007   -10.025   -11.92    5.30
-254290.742   -11.543    -5.25    4.39
-254001.478   -13.145    -5.54    2.29
-253712.216   -13.828    -2.36    1.04
-253422.955   -14.129    -1.04    0.35
-253133.696   -14.195    -0.23    0.42
-252844.438   -14.147     0.16    0.47
-252555.182   -14.129     0.06    0.44
-252265.928   -14.095     0.12    0.39
-251976.675   -14.112    -0.06    0.37
-251687.424   -13.895     0.75    0.67
-251398.174   -13.612     0.98    0.99
-251108.926   -13.298     1.08    1.17
-250819.679   -12.942     1.23    1.30
-250530.434   -12.912     0.11    1.29
-250241.190   -12.789     0.42    1.36
-249951.948   -12.594     0.67    1.44
-249662.708   -11.928     2.30    2.73
-249373.469   -10.415     5.23    4.78
-249084.231    -8.620     6.21    6.81
-248794.996    -4.484    14.30   10.21
-248505.761     0.414    16.94   12.21
-248216.529     8.147    26.74   14.00
-247927.298    14.590    22.28   13.97
-247638.068    19.938    18.49   13.42
-247348.840    26.682    23.31   11.03
-247059.613    31.072    15.18    9.01
-246770.388    34.955    13.43    8.70
-246481.165    38.713    12.99    8.91
-246191.943    40.905     7.58    8.04
-245902.723    44.044    10.85    8.16
-245613.504    46.222     7.53   10.23
-245324.286    51.061    16.73   13.68
-245035.071    53.422     8.16   14.78
-244745.856    54.699     4.42   15.79
-244456.644    54.678    -0.07   16.86
-244167.432    50.955   -12.87   19.69
-243878.223    46.905   -14.00   21.35
-243589.015    42.511   -15.19   20.47
-243299.808    37.061   -18.85   15.81
-243010.603    33.578   -12.04   10.73
-242721.399    34.227     2.25    9.29
-242432.197    33.854    -1.29    9.29
-242142.997    33.872     0.06    9.62
-241853.798    34.354     1.67    9.82
-241564.600    34.785     1.49    9.83
-241275.404    34.182    -2.09    9.21
-240986.210    34.058    -0.43    9.37
-240697.017    34.622     1.95    9.88
-240407.825    34.751     0.45    9.67
-240118.635    33.499    -4.33   10.29
-239829.447    32.656    -2.91   11.36
-239540.260    31.126    -5.29   11.64
-239251.075    29.479    -5.70   11.44
-238961.891    26.939    -8.78    9.61
-238672.708    26.155    -2.71    9.24
-238383.527    27.460     4.51   10.33
-238094.348    29.164     5.89   10.29
-237805.170    29.688     1.81   10.13
-237515.994    28.622    -3.69   10.41
-237226.819    26.469    -7.44   11.08
-236937.645    25.561    -3.14   10.93
-236648.473    22.855    -9.36    8.18
-236359.303    21.081    -6.13    6.87
-236070.134    20.200    -3.05    6.97
-235780.966    20.346     0.51    7.20
-235491.801    21.227     3.05    7.56
-235202.636    22.346     3.87    6.86
-234913.473    22.199    -0.51    7.00
-234624.312    22.038    -0.55    7.03
-234335.152    20.613    -4.93    6.49
-234045.993    21.823     4.19    7.57
-233756.836    21.905     0.28    8.09
-233467.680    21.853    -0.18    8.65
-233178.526    21.295    -1.93   10.20
-232889.374    19.871    -4.92    9.78
-232600.223    18.555    -4.55    9.29
-232311.073    17.838    -2.48    8.15
-232021.925    16.888    -3.28    7.29
-231732.778    16.251    -2.21    6.53
-231443.633    16.978     2.52    6.42
-231154.489    17.312     1.16    5.94
-230865.347    18.038     2.51    6.04
-230576.206    18.839     2.77    5.86
-230287.067    19.095     0.89    6.10
-229997.929    20.432     4.62    5.66
-229708.622    20.788     1.23    5.56
-229419.174    21.906     3.86    5.37
-229129.726    22.222     1.09    5.15
-228840.280    22.975     2.60    4.85
-228550.836    23.078     0.36    5.20
-228261.393    22.492    -2.03    5.62
-227971.951    22.354    -0.48    5.48
-227682.511    22.380     0.09    5.84
-227393.072    22.820     1.52    5.59
-227103.635    23.329     1.76    5.93
-226814.199    24.871     5.33    5.36
-226524.765    25.804     3.22    5.00
-226235.332    26.163     1.24    5.21
-225945.901    26.278     0.40    5.57
-225656.471    27.211     3.22    5.88
-225367.042    28.152     3.25    6.39
-225077.615    29.440     4.45    8.00
-224788.190    31.972     8.75   10.69
-224498.766    33.305     4.61   11.70
-224209.343    36.872    12.33   14.21
-223919.922    41.478    15.91   16.25
-223630.502    49.922    29.18   24.54
-223341.084    53.380    11.95   25.22
-223051.667    53.413     0.12   26.08
-222762.251    55.126     5.92   25.33
-222472.837    53.130    -6.90   24.07
-222183.424    49.685   -11.90   20.81
-221894.013    47.692    -6.89   16.12
-221604.603    47.605    -0.30   14.14
-221315.195    52.753    17.79   18.52
-221025.788    58.659    20.41   20.76
-220736.383    68.346    33.47   22.23
-220446.979    76.763    29.09   20.60
-220157.576    81.583    16.66   19.85
-219868.175    87.457    20.30   17.57
-219578.775    89.838     8.23   15.93
-219289.377    92.482     9.13   13.83
-218999.980    94.346     6.44   11.44
-218710.584    95.026     2.35   10.77
-218421.190    96.768     6.02    8.67
-218131.797    97.921     3.99    8.42
-217842.406    98.211     1.00    8.12
-217553.016    97.955    -0.88    7.56
-217263.628    97.751    -0.71    7.38
-216974.241    97.625    -0.43    7.14
-216684.855    97.151    -1.64    7.42
-216395.471    94.838    -7.99    8.66
-216106.088    95.429     2.04    9.62
-215816.707    98.013     8.93   12.27
-215527.327   100.733     9.40   13.18
-215237.948   103.143     8.33   13.53
-214948.571   106.182    10.50   12.09
-214659.195   109.298    10.77   10.43
-214369.821   112.664    11.63    7.42
-214080.448   113.251     2.03    7.41
-213791.076   113.766     1.78    6.68
-213501.706   113.872     0.37    6.46
-213212.337   112.085    -6.17    8.68
-212922.970   109.078   -10.39   11.56
-212633.604   104.448   -16.00   14.79
-212344.239    99.817   -16.00   14.73
-212054.876    96.320   -12.09   13.76
-211765.514    92.722   -12.43   11.21
-211476.153    89.455   -11.29    7.68
-211186.794    88.856    -2.07    6.32
-210897.437    87.996    -2.97    4.86
-210608.080    88.177     0.63    4.11
-210318.725    88.199     0.08    4.03
-210029.372    87.954    -0.85    3.73
-209740.020    88.954     3.46    4.31
-209450.669    89.578     2.16    4.44
-209161.319    91.244     5.76    4.71
-208871.971    91.728     1.67    4.76
-208582.625    92.282     1.92    4.62
-208293.279    92.482     0.69    4.09
-208003.936    92.622     0.48    3.79
-207714.593    93.009     1.34    3.96
-207425.252    93.134     0.43    4.09
-207135.912    93.346     0.73    4.26
-206846.574    93.854     1.76    4.40
-206557.236    94.643     2.73    5.38
-206267.901    95.488     2.92    5.70
-205978.566    96.781     4.47    6.69
-205689.233    97.613     2.87    7.59
-205399.902    98.992     4.77    8.16
-205110.572    99.872     3.04    7.70
-204821.243   100.595     2.50    6.53
-204531.915   102.244     5.70    6.22
-204242.589   102.854     2.11    5.72
-203953.264   102.976     0.42    6.01
-203663.940   103.052     0.26    5.79
-203374.618   102.588    -1.60    5.25
-203085.298   102.102    -1.68    5.23
-202795.978   100.836    -4.37    5.64
-202506.660    99.026    -6.25    5.73
-202217.343    97.688    -4.62    5.94
-201928.028    96.753    -3.23    5.43
-201638.714    95.495    -4.35    5.60
-201349.401    94.647    -2.93    5.68
-201060.090    95.320     2.32    6.15
-200770.780    95.716     1.37    6.67
-200481.471    96.702     3.41    6.73
-200192.164    97.905     4.16    7.00
-199902.858    98.751     2.92    7.28
-199613.553   100.312     5.40    7.83
-199324.250   100.299    -0.04    8.04
-199034.948   101.055     2.61    8.45
-198745.647   100.052    -3.47    8.29
-198456.347    99.211    -2.91    8.37
-198167.049    98.122    -3.76    8.57
-197877.753    96.783    -4.63    8.91
-197588.457    96.699    -0.29   10.08
-197299.163    96.465    -0.81   11.72
-197009.871    95.414    -3.63   12.60
-196720.579    95.711     1.03   12.44
-196431.289    95.835     0.43   12.61
-196142.000    93.822    -6.96   11.80
-195852.713    90.924   -10.02   11.12
-195563.427    87.421   -12.11    9.11
-195274.142    85.855    -5.41    9.44
-194984.858    85.288    -1.96    9.92
-194695.576    85.457     0.58   10.37
-194406.295    85.503     0.16   10.58
-194117.016    85.355    -0.51   10.44
-193827.738    85.499     0.50   10.30
-193538.461    84.905    -2.05   10.07
-193249.185    84.533    -1.29    9.61
-192959.911    83.335    -4.14    9.77
-192670.638    81.499    -6.35    9.90
-192381.366    80.871    -2.17   10.36
-192092.095    80.774    -0.34   10.43
-191802.826    81.668     3.09   10.99
-191513.558    82.526     2.97   11.80
-191224.292    83.164     2.21   11.65
-190935.027    86.117    10.21   11.68
-190645.763    86.805     2.38   10.98
-190356.500    87.956     3.98   10.75
-190067.239    89.561     5.55   10.91
-189777.979    90.630     3.70   12.74
-189488.720    90.520    -0.38   14.13
-189199.462    92.347     6.32   15.41
-188910.206    93.405     3.66   16.67
-188620.951    95.455     7.09   16.00
-188331.698    95.274    -0.62   16.54
-188042.445    92.940    -8.07   17.48
-187753.194    92.457    -1.67   16.40
-187463.945    87.957   -15.56   17.16
-187174.696    82.200   -19.91   18.75
-186885.449    78.423   -13.06   19.94
-186596.203    75.211   -11.11   21.18
-186306.958    75.531     1.11   22.06
-186017.715    74.205    -4.59   22.54
-185728.473    71.856    -8.12   22.42
-185439.232    70.699    -4.00   21.92
-185149.992    69.787    -3.15   21.83
-184860.754    66.450   -11.54   22.47
-184571.517    62.164   -14.82   22.24
-184282.281    54.972   -24.87   20.85
-183993.047    48.600   -22.03   16.04
-183703.814    43.840   -16.46   11.95
-183414.582    41.817    -6.99    8.57
-183125.351    41.722    -0.33    8.86
-182836.122    44.397     9.25   12.08
-182546.893    45.561     4.02   13.00
-182257.666    48.722    10.93   15.04
-181968.441    51.009     7.91   15.82
-181679.216    57.482    22.38   19.27
-181389.993    65.138    26.47   21.68
-181100.771    72.216    24.47   22.96
-180811.551    81.109    30.75   21.04
-180522.331    85.266    14.37   19.45
-180233.113    89.448    14.46   16.67
-179943.896    91.460     6.96   14.94
-179654.681    90.092    -4.73   16.13
-179365.466    89.837    -0.88   15.30
-179076.253    89.638    -0.69   14.18
-178787.041    87.722    -6.63   14.79
-178497.830    85.713    -6.95   15.66
-178208.621    82.802   -10.06   16.69
-177919.413    78.888   -13.53   17.21
-177630.206    77.692    -4.14   17.00
-177341.000    76.940    -2.60   15.92
-177051.796    76.872    -0.24   16.39
-176762.592    77.285     1.43   17.12
-176473.390    75.713    -5.44   16.94
-176184.190    74.808    -3.13   16.95
-175894.990    73.722    -3.76   17.56
-175605.792    72.888    -2.88   17.43
-175316.595    71.674    -4.20   17.41
-175027.399    74.888    11.11   17.15
-174738.204    77.126     7.74   16.80
-174449.011    79.475     8.12   15.30
-174159.818    80.200     2.51   13.82
-173870.627    80.820     2.14   12.24
-173581.438    82.682     6.44   11.30
-173292.249    82.664    -0.06   10.59
-173003.062    82.172    -1.70   10.82
-172713.876    81.422    -2.59   10.43
-172424.691    80.337    -3.75    9.25
-172135.507    79.372    -3.34    8.40
-171846.325    78.138    -4.26    7.78
-171557.144    80.785     9.15    9.59
-171267.963    84.005    11.14   12.61
-170978.785    88.600    15.89   15.08
-170689.607    94.505    20.42   15.42
-170400.431    98.049    12.26   13.34
-170111.255    99.733     5.82   12.22
-169822.081   100.109     1.30   11.38
-169532.909    97.872    -7.74   11.75
-169243.737    93.872   -13.83   11.72
-168954.567    90.475   -11.75   10.27
-168665.397    85.455   -17.36    8.97
-168376.229    82.085   -11.66    8.58
-168087.063    78.856   -11.17    7.17
-167797.897    77.465    -4.81    6.14
-167508.656    76.872    -2.05    5.76
-167219.236    76.854    -0.06    5.67
-166929.818    77.713     2.97    6.02
-166640.401    77.988     0.95    6.29
-166350.985    78.785     2.75    7.10
-166061.570    80.455     5.77    7.30
-165772.156    80.488     0.12    8.05
-165482.743    79.678    -2.80    8.12
-165193.332    79.177    -1.73    7.93
-164903.922    77.647    -5.29    7.24
-164614.513    77.772     0.43    6.51
-164325.105    76.975    -2.75    5.09
-164035.699    77.022     0.16    5.02
-163746.293    77.406     1.33    5.11
-163456.889    77.029    -1.30    4.97
-163167.486    76.688    -1.18    4.97
-162878.084    75.572    -3.86    4.91
-162588.684    75.184    -1.34    5.32
-162299.284    74.450    -2.54    5.60
-162009.886    74.147    -1.05    6.05
-161720.489    72.122    -7.00    6.67
-161431.093    70.940    -4.08    6.46
-161141.698    70.388    -1.91    5.69
-160852.304    71.664     4.41    6.64
-160562.912    72.268     2.09    7.54
-160273.520    73.664     4.83    9.23
-159984.130    75.026     4.71    9.98
-159694.741    75.347     1.11    9.91
-159405.353    75.026    -1.11   10.70
-159115.966    74.617    -1.41   10.99
-158826.581    73.281    -4.62   11.09
-158537.197    71.634    -5.69   11.61
-158247.813    70.808    -2.86   11.79
-157958.431    71.685     3.03   14.29
-157669.050    73.211     5.27   15.14
-157379.671    73.924     2.46   15.70
-157090.292    75.268     4.65   16.23
-156800.915    74.238    -3.56   16.17
-156511.538    70.788   -11.92   16.71
-156222.163    67.147   -12.59   16.54
-155932.789    65.638    -5.21   16.49
-155643.416    65.872     0.81   16.86
-155354.044    65.520    -1.22   18.43
-155064.674    64.052    -5.07   18.31
-154775.304    64.295     0.84   19.57
-154485.936    66.044     6.04   20.00
-154196.569    68.499     8.48   19.79
-153907.203    70.121     5.61   18.02
-153617.838    71.172     3.63   16.05
-153328.474    74.617    11.91   11.09
-153039.111    75.233     2.13    9.35
-152749.750    73.804    -4.94   10.02
-152460.390    72.603    -4.15    9.50
-152171.030    70.770    -6.33   10.58
-151881.672    72.268     5.18   10.29
-151592.315    71.651    -2.13   11.36
-151302.959    72.438     2.72   11.59
-151013.605    73.854     4.89   11.02
-150724.251    71.423    -8.40   11.35
-150434.898    70.561    -2.98   11.90
-150145.547    68.184    -8.22   14.65
-149856.197    68.024    -0.55   15.51
-149566.848    67.872    -0.53   15.22
-149277.500    66.802    -3.70   15.63
-148988.153    63.187   -12.50   17.18
-148698.807    58.655   -15.66   19.47
-148409.462    54.055   -15.90   18.72
-148120.119    50.479   -12.36   16.45
-147830.776    47.353   -10.80   13.43
-147541.435    49.182     6.32   16.12
-147252.095    51.075     6.54   17.61
-146962.755    52.492     4.90   18.45
-146673.417    53.692     4.15   18.37
-146384.080    54.130     1.51   18.24
-146094.745    52.940    -4.11   18.13
-145805.410    50.924    -6.97   17.47
-145516.076    47.702   -11.13   17.54
-145226.744    45.488    -7.65   16.74
-144937.412    43.716    -6.13   16.03
-144648.082    44.088     1.29   17.35
-144358.753    44.317     0.79   17.53
-144069.424    45.544     4.24   17.76
-143780.097    47.522     6.84   16.28
-143490.771    50.211     9.29   14.10
-143201.447    52.805     8.97   11.81
-142912.123    54.585     6.15   10.01
-142622.800    54.414    -0.59   10.40
-142333.478    52.126    -7.91   11.64
-142044.158    48.238   -13.44   14.14
-141754.838    43.050   -17.93   15.65
-141465.520    38.820   -14.62   15.72
-141176.203    33.388   -18.77   12.79
-140886.886    27.906   -18.95    9.27
-140597.571    25.167    -9.47    6.62
-140308.257    24.092    -3.72    5.01
-140018.944    24.346     0.88    5.42
-139729.632    25.820     5.09    7.75
-139440.322    26.992     4.05    9.77
-139151.012    28.355     4.71    9.99
-138861.703    30.423     7.15   10.93
-138572.395    32.622     7.60   11.87
-138283.089    34.955     8.07   12.84
-137993.783    36.067     3.84   13.04
-137704.479    38.872     9.69   13.72
-137415.176    40.733     6.44   15.29
-137125.873    43.888    10.91   16.38
-136836.572    48.888    17.28   17.92
-136547.272    53.288    15.21   18.71
-136257.973    54.751     5.05   18.11
-135968.675    55.239     1.69   17.74
-135679.378    53.549    -5.84   17.27
-135390.082    51.438    -7.30   16.99
-135100.787    50.790    -2.24   17.44
-134811.493    47.888   -10.03   16.87
-134522.200    45.713    -7.52   16.48
-134232.908    47.105     4.81   16.84
-133943.618    46.233    -3.01   16.27
-133654.328    45.155    -3.73   15.02
-133365.039    43.923    -4.26   13.42
-133075.752    48.147    14.60   14.40
-132786.465    51.957    13.17   16.26
-132497.180    58.578    22.89   18.85
-132207.895    62.757    14.45   19.03
-131918.612    66.320    12.31   18.34
-131629.330    70.092    13.04   16.53
-131340.048    67.996    -7.25   18.24
-131050.768    63.295   -16.25   19.82
-130761.489    58.727   -15.79   18.86
-130472.211    58.194    -1.84   17.31
-130182.933    59.753     5.39   18.71
-129893.657    59.029    -2.50   17.69
-129604.382    60.975     6.73   18.19
-129315.108    65.288    14.91   18.65
-129025.835    68.055     9.56   17.61
-128736.563    70.356     7.95   16.65
-128447.292    71.728     4.74   15.72
-128158.022    74.122     8.28   15.79
-127868.753    77.608    12.05   14.72
-127579.485    79.774     7.49   13.79
-127290.218    81.278     5.20   13.10
-127000.952    82.837     5.39   11.92
-126711.687    84.312     5.10    9.81
-126422.424    83.388    -3.19    9.42
-126133.161    82.805    -2.02   10.36
-125843.899    80.346    -8.50   12.80
-125554.638    80.272    -0.26   13.73
-125265.378    82.719     8.46   13.64
-124976.119    83.496     2.68   12.73
-124686.862    82.888    -2.10   13.09
-124397.605    82.820    -0.24   13.32
-124108.349    83.787     3.34   11.59
-123819.094    83.143    -2.23   11.75
-123529.840    81.992    -3.98   12.40
-123240.588    83.526     5.31   11.97
-122951.336    84.320     2.74   11.15
-122662.085    81.905    -8.35   12.83
-122372.835    77.990   -13.54   14.68
-122083.586    76.322    -5.77   14.50
-121794.339    76.526     0.71   14.74
-121505.092    76.450    -0.26   14.98
-121215.846    78.266     6.28   15.46
-120926.601    83.222    17.14   14.41
-120637.357    86.151    10.13   13.73
-120348.115    90.513    15.08   11.08
-120058.873    91.820     4.52    9.10
-119769.632    90.647    -4.05    9.60
-119480.392    86.957   -12.76   11.92
-119191.153    85.298    -5.74   11.50
-118901.915    83.751    -5.35   11.46
-118612.678    82.440    -4.53   11.21
-118323.442    82.526     0.30   10.78
-118034.207    82.329    -0.68   10.65
-117744.973    83.705     4.76   11.00
-117455.740    84.285     2.00   10.82
-117166.508    84.422     0.47   10.65
-116877.277    84.585     0.56   10.65
-116588.047    84.268    -1.10   10.68
-116298.818    83.572    -2.41   11.49
-116009.590    84.566     3.44   10.83
-115720.363    85.347     2.70   10.58
-115431.137    85.424     0.27   10.02
-115141.911    85.820     1.37   10.70
-114852.687    86.113     1.01   10.53
-114563.464    83.455    -9.19   11.58
-114274.241    81.987    -5.08   11.06
-113985.020    79.785    -7.61    9.87
-113695.800    77.905    -6.50    9.24
-113406.580    78.485     2.00    7.91
-113117.362    78.511     0.09    7.38
-112828.144    79.222     2.46    7.77
-112538.927    79.516     1.02    8.40
-112249.712    76.105   -11.79   13.11
-111960.497    72.906   -11.06   16.58
-111671.283    69.955   -10.20   17.69
-111382.070    64.251   -19.72   18.00
-111092.859    62.856    -4.82   17.45
-110803.648    59.822   -10.49   16.43
-110514.438    58.327    -5.17   15.64
-110225.229    58.990     2.29   15.74
-109936.021    59.544     1.91   16.35
-109646.814    61.455     6.61   16.94
-109357.607    64.772    11.47   17.08
-109068.402    68.736    13.71   16.49
-108779.198    72.733    13.82   15.53
-108489.994    74.906     7.51   14.73
-108200.792    75.954     3.62   15.13
-107911.591    75.638    -1.09   14.82
-107622.390    74.577    -3.67   15.49
-107333.190    73.346    -4.26   15.99
-107043.992    72.442    -3.13   15.58
-106754.794    70.822    -5.60   15.81
-106465.597    66.199   -15.99   16.23
-106176.401    65.528    -2.32   16.13
-105887.206    65.095    -1.50   16.58
-105598.012    65.906     2.80   17.42
-105308.808    67.647     6.02   17.97
-105019.416    70.285     9.12   17.47
-104730.026    75.905    19.42   16.54
-104440.636    78.768     9.89   16.63
-104151.247    83.755    17.23   16.75
-103861.860    85.406     5.71   17.93
-103572.473    89.956    15.72   16.48
-103283.087    91.614     5.73   15.20
-102993.702    93.329     5.93   13.06
-102704.318    91.617    -5.92   12.74
-102414.934    89.924    -5.85   13.21
-102125.552    84.664   -18.17   15.77
-101836.171    80.448   -14.57   16.70
-101546.790    78.122    -8.04   17.16
-101257.411    74.855   -11.29   17.57
-100968.032    71.578   -11.32   17.74
-100678.654    69.838    -6.01   18.75
-100389.278    67.117    -9.40   18.47
-100099.902    63.022   -14.15   18.63
 -99810.527    57.172   -20.22   17.20
 -99521.152    52.888   -14.80   15.85
 -99231.779    51.058    -6.33   14.12
 -98942.407    51.164     0.37   14.87
 -98653.035    53.538     8.20   16.94
 -98363.665    58.655    17.68   19.51
 -98074.295    62.622    13.71   20.10
 -97784.926    66.288    12.67   19.29
 -97495.559    70.748    15.41   18.03
 -97206.192    70.588    -0.55   18.24
 -96916.826    71.475     3.06   18.75
 -96627.460    71.355    -0.41   18.72
 -96338.096    73.055     5.87   19.45
 -96048.733    77.567    15.59   17.77
 -95759.370    81.957    15.17   15.89
 -95470.008    85.603    12.60   13.64
 -95180.648    87.822     7.67   12.55
 -94891.288    90.227     8.31   10.85
 -94601.929    92.888     9.20   10.32
 -94312.570    95.302     8.34   10.59
 -94023.213    95.467     0.57   11.16
 -93733.857    93.956    -5.22   12.85
 -93444.501    91.482    -8.55   15.53
 -93155.146    92.437     3.30   15.33
 -92865.793    91.923    -1.78   15.51
 -92576.440    92.216     1.01   13.75
 -92287.088    92.751     1.85   12.89
 -91997.736    94.475     5.96   12.03
 -91708.386    94.184    -1.01   12.18
 -91419.037    92.871    -4.54   13.54
 -91129.688    92.354    -1.79   14.94
 -90840.340    92.751     1.37   15.41
 -90550.993    94.244     5.16   14.93
 -90261.647    93.855    -1.35   13.56
 -89972.302    94.544     2.38   12.58
 -89682.958    93.405    -3.93   12.04
 -89393.615    90.371   -10.49   14.63
 -89104.272    88.406    -6.79   15.09
 -88814.930    85.422   -10.31   17.28
 -88525.589    82.788    -9.10   18.31
 -88236.249    79.805   -10.31   19.24
 -87946.910    79.871     0.23   18.07
 -87657.572    81.457     5.48   18.64
 -87368.234    83.302     6.38   18.70
 -87078.898    84.688     4.79   18.67
 -86789.562    90.020    18.43   18.14
 -86500.227    94.492    15.46   18.62
 -86210.893   100.138    19.52   16.00
 -85921.559   104.046    13.51   13.43
 -85632.227   104.472     1.47   13.30
 -85342.895   103.295    -4.07   12.70
 -85053.564   104.251     3.30   12.31
 -84764.235   105.338     3.76   13.96
 -84474.905   103.938    -4.84   14.19
 -84185.577   105.105     4.03   14.70
 -83896.250   106.147     3.60   13.80
 -83606.923   105.194    -3.30   13.03
 -83317.597   105.438     0.85   13.18
 -83028.272   105.013    -1.47   13.29
 -82738.948   105.465     1.56   14.58
 -82449.625   104.923    -1.87   14.92
 -82160.302   105.855     3.22   15.24
 -81870.981   105.155    -2.42   16.76
 -81581.660   102.837    -8.01   19.41
 -81292.340   101.871    -3.34   20.43
 -81003.021   101.424    -1.55   20.38
 -80713.702    98.380   -10.52   24.92
 -80424.385    93.738   -16.04   26.62
 -80135.068    85.588   -28.17   24.83
 -79845.752    76.251   -32.28   23.09
 -79556.437    70.638   -19.40   20.76
 -79267.122    67.938    -9.33   18.41
 -78977.809    68.061     0.42   16.58
 -78688.496    68.755     2.40   15.68
 -78399.184    71.388     9.10   17.30
 -78109.873    76.802    18.71   18.79
 -77820.563    80.251    11.92   19.40
 -77531.254    81.354     3.81   19.55
 -77241.945    81.790     1.51   18.67
 -76952.637    83.130     4.63   17.46
 -76663.330    84.423     4.47   16.80
 -76374.024    82.492    -6.67   16.88
 -76084.718    78.233   -14.72   16.23
 -75795.413    77.792    -1.53   16.92
 -75506.109    76.533    -4.35   16.70
 -75216.806    72.600   -13.59   16.16
 -74927.504    70.836    -6.10   15.12
 -74638.203    69.716    -3.87   13.82
 -74348.902    71.155     4.97   12.84
 -74059.602    70.244    -3.15   13.13
 -73770.303    70.088    -0.54   13.01
 -73481.004    71.544     5.03   14.37
 -73191.707    74.699    10.91   14.77
 -72902.410    74.996     1.03   14.38
 -72613.114    73.288    -5.90   14.33
 -72323.819    71.888    -4.84   14.23
 -72034.524    70.302    -5.48   14.53
 -71745.231    64.939   -18.54   13.12
 -71455.938    62.682    -7.80   11.17
 -71166.645    60.939    -6.02   10.61
 -70877.354    59.805    -3.92   10.02
 -70588.064    59.438    -1.27   10.21
 -70298.774    58.222    -4.21   10.15
 -70009.485    58.544     1.11   10.56
 -69720.196    59.600     3.65   11.24
 -69430.909    61.095     5.17   11.74
 -69141.622    59.184    -6.61   12.12
 -68852.336    58.855    -1.14   11.84
 -68563.051    60.460     5.55   11.84
 -68273.766    60.182    -0.96   11.66
 -67984.483    59.156    -3.54   10.65
 -67695.200    57.429    -5.97   11.18
 -67405.918    57.329    -0.35   11.03
 -67116.636    57.772     1.53   10.71
 -66827.356    57.682    -0.31   11.57
 -66538.076    57.509    -0.60   11.51
 -66248.797    60.041     8.75   12.56
 -65959.518    64.702    16.11   14.08
 -65670.241    66.001     4.49   13.63
 -65380.964    67.113     3.84   13.68
 -65091.687    69.281     7.50   13.90
 -64802.412    69.699     1.44   14.99
 -64513.137    69.923     0.77   14.47
 -64223.864    67.774    -7.43   14.18
 -63934.590    65.561    -7.65   13.96
 -63645.318    64.716    -2.92   13.71
 -63356.046    62.371    -8.11   14.08
 -63066.775    59.561    -9.72   13.29
 -62777.505    59.255    -1.06   13.07
 -62488.236    59.595     1.18   13.40
 -62198.967    59.688     0.32   13.61
 -61909.699    58.049    -5.67   14.01
 -61620.432    59.647     5.52   13.89
 -61331.165    62.155     8.67   12.92
 -61041.899    62.438     0.98   12.84
 -60752.634    61.549    -3.07   12.34
 -60463.370    59.960    -5.50   10.90
 -60174.106    60.768     2.79   12.01
 -59884.843    62.075     4.52   12.34
 -59595.581    61.838    -0.82   11.97
 -59306.320    60.538    -4.49   12.34
 -59017.059    60.768     0.79   12.76
 -58727.799    60.499    -0.93   13.93
 -58438.540    60.046    -1.56   14.03
 -58149.281    57.805    -7.75   13.06
 -57860.023    57.138    -2.30   13.08
 -57570.766    57.751     2.12   13.72
 -57281.510    56.638    -3.84   13.94
 -56992.254    54.940    -5.87   13.52
 -56702.999    52.312    -9.09   12.89
 -56413.745    51.804    -1.76   13.41
 -56124.491    49.414    -8.26   14.13
 -55835.239    44.577   -16.72   12.89
 -55545.986    40.643   -13.60   10.99
 -55256.735    37.672   -10.27    9.48
 -54967.484    33.957   -12.84    4.61
 -54678.234    33.937    -0.07    4.32
 -54388.985    34.805     3.00    5.37
 -54099.736    35.888     3.75    6.28
 -53810.488    38.509     9.06   10.10
 -53521.241    40.138     5.63   10.05
 -53231.995    43.538    11.75   11.22
 -52942.749    45.668     7.36    9.68
 -52653.504    46.955     4.45   10.25
 -52364.259    48.906     6.74   12.48
 -52075.015    50.567     5.74   13.73
 -51785.772    52.488     6.64   14.31
 -51496.530    55.199     9.37   13.65
 -51207.288    56.055     2.96   13.33
 -50918.047    56.022    -0.12   14.13
 -50628.807    54.940    -3.74   14.40
 -50339.567    53.664    -4.41   13.87
 -50050.328    52.044    -5.60   13.58
 -49761.090    51.429    -2.12   13.32
 -49471.853    52.147     2.48   12.99
 -49182.616    54.821     9.24   12.81
 -48893.379    58.061    11.20   13.68
 -48604.144    61.674    12.49   13.94
 -48314.909    62.743     3.70   13.54
 -48025.675    63.005     0.91   13.76
 -47736.441    63.322     1.09   14.19
 -47447.208    63.503     0.62   14.94
 -47157.976    62.182    -4.57   14.60
 -46868.745    61.583    -2.07   14.82
 -46579.514    61.397    -0.64   13.66
 -46290.284    60.455    -3.26   12.86
 -46001.054    59.578    -3.03   12.87
 -45711.825    57.371    -7.63   13.54
 -45422.597    54.923    -8.46   13.27
 -45133.369    53.355    -5.42   11.60
 -44844.143    50.549    -9.70   10.72
 -44554.916    49.733    -2.82   10.91
 -44265.691    50.651     3.17   12.22
 -43976.466    52.478     6.32   14.21
 -43687.242    55.244     9.57   15.18
 -43398.018    57.272     7.01   16.11
 -43108.795    60.041     9.57   15.73
 -42819.456    61.822     6.15   15.49
 -42530.092    61.996     0.60   15.30
 -42240.728    60.109    -6.52   15.40
 -41951.365    56.268   -13.27   12.31
 -41662.003    54.058    -7.64   12.64
 -41372.641    50.708   -11.58   11.78
 -41083.280    49.496    -4.19   11.73
 -40793.919    46.188   -11.43   11.97
 -40504.559    41.603   -15.85   11.16
 -40215.200    40.711    -3.08    9.80
 -39925.841    40.705    -0.02    9.22
 -39636.483    40.722     0.06    9.15
 -39347.126    41.009     0.99    9.37
 -39057.769    41.485     1.64   10.46
 -38768.413    42.600     3.85   10.69
 -38479.058    42.431    -0.59   10.97
 -38189.703    41.856    -1.99   11.83
 -37900.349    41.295    -1.94   12.11
 -37610.995    42.013     2.48   11.66
 -37321.642    42.821     2.79   10.49
 -37032.290    42.475    -1.20   11.28
 -36742.938    42.462    -0.04   11.92
 -36453.587    41.802    -2.28   12.18
 -36164.237    40.940    -2.98   11.96
 -35874.887    41.233     1.01   11.80
 -35585.538    41.647     1.43   11.21
 -35296.189    40.511    -3.92   11.49
 -35006.841    39.397    -3.85   10.94
 -34717.494    37.346    -7.09   10.71
 -34428.147    35.268    -7.18   10.90
 -34138.801    31.941   -11.50   10.42
 -33849.456    28.757   -11.00    9.49
 -33560.111    26.172    -8.94    8.11
 -33270.767    25.429    -2.57    7.31
 -32981.423    25.310    -0.41    7.73
 -32692.080    25.906     2.06    7.96
 -32402.738    24.838    -3.69    8.56
 -32113.396    22.940    -6.56    8.51
 -31824.055    21.593    -4.65    8.35
 -31534.714    21.182    -1.42    8.16
 -31245.374    20.940    -0.83    8.31
 -30956.035    20.371    -1.97    8.62
 -30666.696    21.305     3.23    9.69
 -30377.357    24.102     9.66   11.00
 -30088.020    26.854     9.51   10.91
 -29798.683    28.549     5.86   11.06
 -29509.346    29.549     3.46   11.04
 -29220.011    30.182     2.19   10.75
 -28930.675    29.522    -2.28   10.51
 -28641.341    28.211    -4.53   10.71
 -28352.007    28.184    -0.09   10.70
 -28062.673    27.353    -2.87   10.27
 -27773.340    27.007    -1.19    9.62
 -27484.008    27.164     0.54    8.38
 -27194.676    26.118    -3.62    7.51
 -26905.345    26.622     1.74    7.15
 -26616.014    26.302    -1.10    7.20
 -26326.684    26.414     0.39    6.89
 -26037.355    27.228     2.81    6.93
 -25748.026    26.823    -1.40    7.33
 -25458.698    26.533    -1.00    7.94
 -25169.370    25.753    -2.69    7.98
 -24880.043    24.457    -4.48    7.79
 -24590.717    24.187    -0.94    7.44
 -24301.391    24.499     1.08    7.51
 -24012.065    23.768    -2.53    8.53
 -23722.741    21.839    -6.67   10.38
 -23433.416    20.355    -5.13   11.91
 -23144.093    18.567    -6.18   13.13
 -22854.769    16.733    -6.34   13.40
 -22565.447    15.492    -4.29   11.97
 -22276.125    12.364   -10.81   10.71
 -21986.803    10.509    -6.41   10.34
 -21697.483     8.505    -6.93   10.17
 -21408.162     6.595    -6.60    9.10
 -21118.843     4.608    -6.87    7.91
 -20829.523     3.315    -4.47    6.73
 -20540.205     2.888    -1.47    5.73
 -20250.887     2.921     0.11    5.57
 -19961.569     2.239    -2.36    3.97
 -19672.252     2.113    -0.44    3.35
 -19382.936     2.172     0.20    3.55
 -19093.620     2.160    -0.04    3.12
 -18804.304     2.005    -0.53    3.15
 -18514.990     1.906    -0.34    2.66
 -18225.675     2.164     0.89    2.47
 -17936.362     2.578     1.43    2.30
 -17647.048     2.992     1.43    2.01
 -17357.736     3.216     0.78    2.09
 -17068.424     3.544     1.13    1.84
 -16779.112     3.634     0.31    1.78
 -16489.801     3.424    -0.73    1.48
 -16200.491     3.244    -0.62    1.52
 -15911.181     3.151    -0.32    1.48
 -15621.871     3.177     0.09    1.41
 -15332.562     3.194     0.06    1.41
 -15043.254     3.222     0.10    1.67
 -14753.946     3.509     0.99    1.65
 -14464.639     3.855     1.20    1.63
 -14175.332     3.788    -0.23    1.62
 -13886.026     4.001     0.74    1.52
 -13596.720     3.888    -0.39    1.60
 -13307.415     3.722    -0.58    1.76
 -13018.110     3.643    -0.27    1.68
 -12728.806     3.397    -0.85    1.90
 -12439.503     3.261    -0.47    1.90
 -12150.200     3.061    -0.69    2.03
 -11860.897     2.990    -0.24    2.11
 -11571.595     2.906    -0.29    2.20
 -11282.293     2.722    -0.64    2.16
 -10992.992     2.651    -0.24    2.19
 -10703.692     2.172    -1.66    2.21
 -10414.392     1.956    -0.75    2.18
 -10125.092     1.621    -1.16    1.97
  -9835.793     1.583    -0.13    1.98
  -9546.495     1.302    -0.97    1.76
  -9257.197     1.211    -0.32    1.77
  -8967.899     1.255     0.15    1.77
  -8678.602     1.164    -0.31    1.70
  -8389.306     1.182     0.06    1.67
  -8100.010     1.578     1.37    2.75
  -7810.714     1.572    -0.02    2.74
  -7521.419     1.533    -0.14    2.88
  -7232.125     1.211    -1.11    2.93
  -6942.831     0.906    -1.05    2.89
  -6653.537     0.731    -0.61    2.84
  -6364.244     0.272    -1.59    1.66
  -6074.952    -0.095    -1.27    0.13
  -5785.660    -0.128    -0.11    0.13
  -5496.368    -0.112     0.06    0.00
  -5207.077    -0.112     0.00    0.00
  -4917.787    -0.112     0.00    0.00
  -4628.497    -0.112     0.00    0.00
  -4339.207    -0.112     0.00    0.00
  -4049.918    -0.112     0.00    0.00
  -3760.629    -0.112     0.00    0.00
  -3471.341    -0.112     0.00    0.00
  -3182.054    -0.112     0.00    0.00
  -2892.766    -0.112     0.00    0.00
  -2603.480    -0.112     0.00    0.00
  -2314.193    -0.112     0.00    0.00
  -2024.908    -0.112     0.00    0.00
  -1735.622    -0.112     0.00    0.00
  -1446.338    -0.112     0.00    0.00
  -1157.053    -0.112     0.00    0.00
   -867.769    -0.112     0.00    0.00
   -578.486    -0.112     0.00    0.00
   -289.203    -0.112     0.00    0.00
      0.080    -0.112     0.00    0.00
    289.362    -0.112     0.00    0.00
    578.643    -0.112     0.00    0.00
    867.924    -0.112     0.00    0.00
   1157.205    -0.112     0.00    0.00
   1446.485    -0.112     0.00    0.00
   1735.765    -0.112     0.00    0.00
   2025.044    -0.112     0.00    0.00
   2314.323    -0.112     0.00    0.00
   2603.601    -0.095     0.06    0.13
   2892.879    -0.095    -0.00    0.13
   3182.156    -0.095     0.00    0.13
   3471.433    -0.094     0.00    0.13
   3760.710    -0.112    -0.06    0.00
   4049.986    -0.112     0.00    0.00
   4339.262     0.046     0.55    1.07
   4628.537     0.058     0.04    1.05
   4917.812     0.130     0.25    1.13
   5207.086     0.138     0.03    1.11
   5496.360     0.278     0.48    1.27
   5785.633     0.716     1.51    2.46
   6074.906     0.699    -0.06    2.47
   6364.179     0.656    -0.15    2.35
   6653.451     0.538    -0.41    2.26
   6942.723     0.549     0.04    2.30
   7231.994     0.522    -0.10    2.28
   7521.265     0.044    -1.65    0.93
   7810.535    -0.004    -0.17    1.02
   8099.805    -0.062    -0.20    0.95
   8389.075    -0.060     0.01    1.03
   8678.344     0.172     0.80    1.50
   8967.612     0.227     0.19    1.77
   9256.881     0.337     0.38    1.98
   9546.149     0.475     0.48    2.16
   9835.416     0.630     0.54    2.12
  10124.683     0.741     0.38    2.27
  10413.950     0.647    -0.32    2.04
  10703.216     0.320    -1.13    2.03
  10992.481     0.320     0.00    1.98
  11281.747     0.147    -0.60    1.99
  11571.012    -0.112    -0.89    1.89
  11860.276     0.007     0.41    1.92
  12149.540    -0.145    -0.53    1.63
  12438.804    -0.076     0.24    1.53
  12728.067     0.095     0.59    1.60
  13017.330     0.272     0.61    1.56
  13306.592     0.431     0.55    1.94
  13595.854     0.757     1.13    2.10
  13885.116     1.013     0.89    2.26
  14174.377     1.113     0.34    2.49
  14463.638     1.085    -0.10    2.43
  14752.899     1.438     1.22    3.73
  15042.159     1.588     0.52    3.77
  15331.418     1.388    -0.69    3.56
  15620.677     2.438     3.63    5.45
  15909.936     2.820     1.32    5.79
  16199.195     3.753     3.23    6.16
  16488.453     5.572     6.29    7.37
  16777.710     6.988     4.90    8.04
  17066.968     8.822     6.34    8.31
  17356.225     9.509     2.38    8.39
  17645.481    10.058     1.90    8.63
  17934.737    10.802     2.57    8.82
  18223.993    12.249     5.00    9.20
  18513.248    13.872     5.61    9.17
  18802.503    15.871     6.91    8.80
  19091.758    17.838     6.80    7.73
  19381.058    18.733     3.10    6.18
  19670.392    19.970     4.28    4.42
  19959.726    19.988     0.06    4.38
  20249.059    20.024     0.12    4.34
  20538.392    19.061    -3.33    4.95
  20827.725    18.643    -1.44    5.38
  21117.057    18.160    -1.67    5.58
  21406.389    17.516    -2.23    6.18
  21695.721    16.372    -3.95    7.22
  21985.052    16.024    -1.20    6.96
  22274.382    16.656     2.19    7.01
  22563.713    15.888    -2.65    7.12
  22853.043    16.647     2.62    6.54
  23142.373    16.790     0.49    6.12
  23431.702    17.492     2.43    5.12
  23721.031    17.199    -1.01    4.76
  24010.359    16.078    -3.87    5.16
  24299.688    13.940    -7.39    5.45
  24589.015    12.085    -6.41    5.25
  24878.343    10.578    -5.21    4.47
  25167.670     9.572    -3.48    3.59
  25456.997     8.656    -3.16    3.07
  25746.323     8.465    -0.66    2.71
  26035.649     9.340     3.03    3.31
  26324.975     9.355     0.05    3.28
  26614.301    10.347     3.43    3.74
  26903.626    10.713     1.26    3.92
  27192.950    11.440     2.51    4.35
  27482.275    12.973     5.30    4.49
  27771.599    13.668     2.40    4.47
  28060.922    14.505     2.89    4.38
  28350.246    15.216     2.46    3.96
  28639.569    16.024     2.79    3.86
  28928.891    16.222     0.68    3.87
  29218.213    16.422     0.69    3.51
  29507.535    16.708     0.99    3.81
  29796.857    17.475     2.65    3.77
  30086.178    17.990     1.78    3.96
  30375.499    18.608     2.13    3.90
  30664.820    18.634     0.09    3.88
  30954.140    18.538    -0.33    3.90
  31243.460    18.255    -0.98    3.97
  31532.780    17.872    -1.32    4.10
  31822.099    17.485    -1.34    4.44
  32111.418    17.465    -0.07    4.42
  32400.737    17.354    -0.38    4.43
  32690.055    17.755     1.39    4.58
  32979.373    17.937     0.63    4.78
  33268.691    18.113     0.61    4.82
  33558.008    18.251     0.48    4.86
  33847.325    18.156    -0.33    4.69
  34136.642    17.259    -3.10    4.59
  34425.959    16.736    -1.81    4.62
  34715.275    15.905    -2.87    4.34
  35004.590    15.095    -2.80    3.80
  35293.906    14.538    -1.93    2.82
  35583.221    14.448    -0.31    2.38
  35872.536    14.320    -0.44    1.89
  36161.851    14.469     0.52    1.91
  36451.165    14.854     1.33    2.15
  36740.479    15.081     0.79    2.11
  37029.792    15.130     0.17    2.22
  37319.106    15.337     0.72    2.23
  37608.419    15.216    -0.42    2.34
  37897.732    15.544     1.13    2.41
  38187.044    15.285    -0.89    2.39
  38476.356    15.337     0.18    2.49
  38765.668    16.526     4.11    3.56
  39054.980    17.138     2.12    4.44
  39344.291    17.482     1.19    4.54
  39633.602    17.205    -0.96    4.56
  39922.913    17.424     0.76    4.68
  40212.223    17.785     1.25    4.37
  40501.533    17.438    -1.20    4.15
  40790.843    17.499     0.21    3.91
  41080.152    16.719    -2.69    3.02
  41369.462    17.174     1.57    3.38
  41658.771    17.475     1.04    3.48
  41948.079    17.872     1.37    3.30
  42237.388    18.346     1.64    3.15
  42526.696    18.772     1.47    3.05
  42816.004    18.957     0.64    3.21
  43105.311    19.244     0.99    2.73
  43394.618    19.222    -0.08    2.57
  43683.925    19.055    -0.58    2.72
  43973.232    18.708    -1.20    3.09
  44262.539    18.354    -1.22    3.25
  44551.845    17.522    -2.88    3.25
  44841.151    16.733    -2.73    3.06
  45130.456    16.320    -1.43    3.09
  45419.762    15.719    -2.08    2.76
  45709.067    15.312    -1.41    2.62
  45998.372    15.102    -0.73    2.73
  46287.676    14.853    -0.86    2.67
  46576.981    15.438     2.02    3.09
  46866.285    15.888     1.56    3.19
  47155.589    16.211     1.12    3.35
  47444.892    17.355     3.95    3.69
  47734.195    18.719     4.71    3.80
  48023.498    19.682     3.33    3.41
  48312.801    20.906     4.23    2.91
  48602.104    21.495     2.03    2.81
  48891.406    22.244     2.59    2.24
  49180.708    22.488     0.84    2.36
  49470.010    22.751     0.91    2.31
  49759.311    23.174     1.46    2.59
  50048.613    23.405     0.80    2.66
  50337.914    23.440     0.12    2.75
  50627.215    23.422    -0.06    2.61
  50916.515    23.605     0.63    2.37
  51205.815    23.538    -0.23    2.48
  51495.115    23.061    -1.65    2.40
  51784.415    22.682    -1.31    2.38
  52073.715    22.397    -0.98    2.61
  52363.014    21.906    -1.70    2.27
  52652.313    21.583    -1.11    2.35
  52941.612    21.492    -0.32    2.09
  53230.911    21.746     0.88    2.14
  53520.209    21.511    -0.81    2.02
  53809.507    21.688     0.61    1.86
  54098.805    21.593    -0.33    1.92
  54388.103    21.643     0.17    1.87
  54677.401    21.509    -0.46    1.85
  54966.698    21.572     0.22    1.81
  55255.995    21.278    -1.01    1.89
  55545.292    20.823    -1.57    1.90
  55834.588    20.595    -0.79    1.98
  56123.885    20.371    -0.77    2.04
  56413.181    20.423     0.18    2.18
  56702.477    20.024    -1.38    2.30
  56991.773    19.738    -0.99    2.32
  57281.068    19.699    -0.14    2.56
  57570.363    19.346    -1.22    2.60
  57859.658    19.031    -1.09    2.60
  58148.953    19.346     1.09    2.84
  58438.248    19.052    -1.02    2.94
  58727.542    18.651    -1.39    3.20
  59016.837    18.805     0.53    3.40
  59306.131    19.085     0.97    3.38
  59595.424    18.940    -0.50    3.78
  59884.718    19.302     1.25    4.07
  60174.012    19.022    -0.97    4.09
  60463.305    19.421     1.38    3.88
  60752.598    20.099     2.34    3.56
  61041.891    20.405     1.06    3.15
  61331.183    21.228     2.84    2.31
  61620.476    21.227    -0.00    2.39
  61909.768    20.770    -1.58    2.41
  62199.060    20.295    -1.64    2.39
  62488.352    20.371     0.26    2.34
  62777.643    20.643     0.94    2.33
  63066.935    20.805     0.56    2.31
  63356.226    21.448     2.22    2.45
  63645.517    21.872     1.47    2.51
  63934.808    22.143     0.94    2.65
  64224.099    22.371     0.79    2.55
  64513.389    22.312    -0.20    2.93
  64802.680    22.509     0.68    3.07
  65091.970    22.488    -0.07    3.14
  65381.260    22.482    -0.02    3.01
  65670.550    22.685     0.70    3.23
  65959.839    23.061     1.30    3.13
  66249.129    23.397     1.16    3.17
  66538.418    23.388    -0.03    3.09
  66827.707    23.397     0.03    2.84
  67116.996    23.838     1.53    2.77
  67406.285    23.923     0.29    2.57
  67695.573    23.573    -1.21    2.60
  67984.862    23.347    -0.78    2.63
  68274.150    24.022     2.33    2.73
  68563.438    24.610     2.03    2.89
  68852.726    24.801     0.66    2.92
  69142.014    25.475     2.33    2.77
  69431.301    25.906     1.49    2.61
  69720.589    26.251     1.19    2.25
  70009.876    26.380     0.45    2.28
  70299.163    26.251    -0.45    2.35
  70588.450    25.957    -1.01    2.35
  70877.737    25.836    -0.42    2.33
  71167.024    26.143     1.06    2.54
  71456.310    25.921    -0.77    3.09
  71745.596    25.337    -2.02    3.72
  72034.883    25.227    -0.38    3.53
  72324.169    25.603     1.30    3.57
  72613.455    26.182     2.00    3.77
  72902.740    26.255     0.25    3.46
  73192.026    26.423     0.58    3.65
  73481.311    26.776     1.22    3.37
  73770.597    26.996     0.76    2.67
  74059.882    26.647    -1.20    2.50
  74349.167    26.354    -1.01    2.58
  74638.452    26.605     0.87    2.44
  74927.736    26.577    -0.10    2.35
  75217.021    26.613     0.12    2.24
  75506.305    26.505    -0.37    2.68
  75795.590    26.625     0.42    2.79
  76084.874    26.561    -0.22    2.66
  76374.158    26.605     0.15    2.52
  76663.442    26.499    -0.37    2.24
  76952.726    26.302    -0.68    2.18
  77242.009    26.274    -0.10    1.93
  77531.293    26.222    -0.18    2.33
  77820.576    26.716     1.71    2.22
  78109.860    27.298     2.01    2.09
  78399.143    27.238    -0.21    2.04
  78688.426    27.204    -0.12    2.02
  78977.709    27.295     0.31    1.99
  79266.992    27.492     0.68    1.99
  79556.274    27.688     0.68    2.15
  79845.557    27.227    -1.59    2.28
  80134.839    27.041    -0.64    3.00
  80424.122    27.233     0.66    3.49
  80713.404    26.959    -0.95    4.04
  81002.686    25.790    -4.04    5.89
  81291.968    24.388    -4.85    6.97
  81581.258    23.905    -1.67    7.25
  81870.565    23.802    -0.35    7.63
  82159.871    22.781    -3.53    7.89
  82449.177    22.488    -1.01    7.99
  82738.484    21.733    -2.61    8.16
  83027.790    22.138     1.40    7.95
  83317.096    21.768    -1.28    7.71
  83606.401    21.906     0.48    8.12
  83895.707    22.078     0.60    8.37
  84185.013    20.888    -4.11    8.72
  84474.318    21.397     1.76    8.90
  84763.624    20.509    -3.07    9.45
  85052.929    20.109    -1.38    9.57
  85342.235    20.103    -0.02    9.39
  85631.540    21.499     4.82    9.68
  85920.845    22.872     4.75    9.48
  86210.150    24.702     6.32    8.48
  86499.455    26.109     4.86    7.40
  86788.760    26.854     2.58    6.82
  87078.064    26.578    -0.95    6.95
  87367.369    26.555    -0.08    6.25
  87656.674    27.397     2.91    5.65
  87945.978    27.970     1.98    4.81
  88235.283    27.442    -1.83    4.84
  88524.587    27.320    -0.42    5.29
  88813.891    27.317    -0.01    5.44
  89103.195    26.322    -3.44    6.52
  89392.500    24.806    -5.24    7.45
  89681.804    24.182    -2.16    7.38
  89971.108    22.939    -4.29    7.97
  90260.411    22.526    -1.43    8.03
  90549.715    22.305    -0.76    8.57
  90839.019    22.522     0.75    8.64
  91128.323    24.205     5.82    8.30
  91417.626    25.143     3.24    6.90
  91706.930    24.164    -3.38    7.70
  91996.233    23.211    -3.30    7.70
  92285.537    22.526    -2.36    7.79
  92574.840    22.331    -0.68    7.82
  92864.143    21.238    -3.78    8.36
  93153.447    20.906    -1.15    8.87
  93442.750    21.871     3.34    9.18
  93732.053    23.906     7.03    8.65
  94021.356    24.038     0.46    8.87
  94310.659    23.736    -1.05    9.04
  94599.962    23.538    -0.68    8.92
  94889.265    24.130     2.04    8.13
  95178.568    24.029    -0.35    7.98
  95467.871    23.092    -3.24    8.12
  95757.173    22.905    -0.64    8.01
  96046.476    23.050     0.50    7.98
  96335.779    24.251     4.15    8.06
  96625.081    23.994    -0.89    8.41
  96914.384    25.302     4.52    8.29
  97203.687    25.682     1.31    8.63
  97492.989    25.806     0.43    8.75
  97782.291    25.078    -2.52    9.03
  98071.594    25.182     0.36    9.06
  98360.896    25.630     1.55    8.73
  98650.199    26.337     2.44    8.29
  98939.501    26.105    -0.80    8.05
  99228.803    27.544     4.97    7.14
  99518.106    28.105     1.94    5.63
  99807.408    28.281     0.61    4.42
 100096.710    27.078    -4.16    4.64
 100386.012    25.488    -5.49    6.12
 100675.314    24.855    -2.19    6.49
 100964.616    24.446    -1.41    6.29
 101253.918    23.888    -1.93    6.33
 101543.221    24.992     3.81    6.25
 101832.523    25.940     3.28    6.40
 102121.825    27.555     5.58    5.69
 102411.127    28.688     3.92    4.53
 102700.429    29.837     3.97    3.81
 102989.731    30.770     3.23    2.80
 103279.033    30.906     0.47    2.79
 103568.334    30.355    -1.90    4.01
 103857.636    29.838    -1.79    3.94
 104146.938    29.992     0.53    4.05
 104436.240    29.805    -0.65    4.06
 104725.542    29.990     0.64    4.22
 105014.844    30.138     0.51    4.20
 105304.146    30.549     1.42    4.24
 105593.448    31.188     2.21    3.70
 105882.750    31.705     1.79    3.68
 106172.052    32.152     1.54    3.87
 106461.353    32.972     2.84    2.79
 106750.655    33.233     0.90    2.61
 107039.957    32.888    -1.19    3.24
 107329.259    32.588    -1.04    3.09
 107618.561    32.748     0.55    2.71
 107907.863    31.268    -5.12    5.38
 108197.165    31.424     0.54    4.89
 108486.467    30.200    -4.23    6.63
 108775.769    29.549    -2.25    7.18
 109065.070    29.005    -1.88    7.77
 109354.372    28.664    -1.18    8.32
 109643.674    27.674    -3.42    8.88
 109932.976    27.072    -2.08    9.23
 110222.278    26.009    -3.67    9.44
 110511.580    24.921    -3.76    9.70
 110800.882    24.143    -2.69    9.19
 111090.184    23.699    -1.53    9.65
 111379.486    24.406     2.44    9.84
 111668.788    25.664     4.35    9.77
 111958.090    26.085     1.45   10.07
 112247.393    26.957     3.01   10.00
 112536.695    28.354     4.83    9.62
 112825.997    28.837     1.67    9.15
 113115.299    28.837     0.00    8.48
 113404.601    28.413    -1.46    8.52
 113693.904    28.738     1.12    8.35
 113983.206    28.788     0.17    7.80
 114272.508    28.731    -0.20    7.96
 114561.811    28.061    -2.31    8.55
 114851.113    28.072     0.04    8.53
 115140.415    29.041     3.35    8.28
 115429.718    28.472    -1.97    8.87
 115719.020    28.371    -0.35    8.53
 116008.323    28.768     1.37    8.11
 116297.625    29.664     3.10    7.27
 116586.928    30.431     2.65    6.11
 116876.231    30.272    -0.55    5.96
 117165.533    30.492     0.76    5.15
 117454.836    30.177    -1.09    5.76
 117744.139    30.643     1.61    4.85
 118033.442    29.465    -4.07    6.20
 118322.745    28.282    -4.09    7.25
 118612.048    28.227    -0.19    7.11
 118901.351    26.472    -6.07    8.32
 119190.654    25.731    -2.56    8.55
 119479.957    25.583    -0.51    8.68
 119769.260    24.854    -2.52    8.76
 120058.563    25.041     0.65    8.87
 120347.867    24.838    -0.70    8.88
 120637.170    25.713     3.02    9.04
 120926.473    26.155     1.53    9.16
 121215.777    26.117    -0.13    9.33
 121505.080    26.808     2.39    9.68
 121794.384    26.222    -2.03    9.71
 122083.688    25.988    -0.81    9.49
 122372.991    25.285    -2.43    9.72
 122662.295    25.371     0.30    9.68
 122951.599    25.188    -0.63   10.05
 123240.903    25.194     0.02   10.02
 123530.207    24.495    -2.41    9.76
 123819.511    24.939     1.54    9.77
 124108.815    24.031    -3.14   10.18
 124398.120    23.538    -1.70   10.19
 124687.424    22.923    -2.13   10.14
 124976.728    22.172    -2.60    9.96
 125266.033    21.126    -3.62    9.72
 125555.337    21.613     1.68    9.78
 125844.642    22.285     2.32    9.96
 126133.947    21.802    -1.67    9.69
 126423.252    21.446    -1.23    9.60
 126712.557    20.802    -2.22    9.30
 127001.862    21.143     1.18    9.20
 127291.167    22.009     2.99    9.43
 127580.472    21.432    -1.99    9.10
 127869.777    21.856     1.47    9.15
 128159.083    22.188     1.15    8.92
 128448.388    22.355     0.58    8.88
 128737.694    24.460     7.28    8.97
 129026.999    24.561     0.35    8.99
 129316.305    25.588     3.55    8.75
 129605.611    26.285     2.41    8.63
 129894.917    25.987    -1.03    8.72
 130184.223    26.992     3.47    8.80
 130473.529    27.251     0.89    8.53
 130762.835    27.204    -0.16    8.46
 131052.142    26.605    -2.07    8.32
 131341.448    26.422    -0.63    8.29
 131630.755    27.457     3.58    8.37
 131920.061    27.482     0.08    8.33
 132209.368    27.710     0.79    8.23
 132498.675    27.549    -0.55    8.29
 132787.982    28.292     2.57    7.56
 133077.289    29.143     2.94    6.52
 133366.597    30.052     3.14    6.24
 133655.904    30.353     1.04    6.39
 133945.211    32.126     6.13    5.42
 134234.519    33.751     5.62    3.56
 134523.827    33.888     0.48    3.73
 134813.135    34.069     0.62    3.87
 135102.443    34.397     1.14    3.68
 135391.751    33.622    -2.68    4.48
 135681.059    33.799     0.61    4.02
 135970.367    33.195    -2.09    4.79
 136259.676    32.905    -1.00    4.95
 136548.984    32.177    -2.52    5.81
 136838.293    31.699    -1.65    5.81
 137127.602    31.733     0.12    5.75
 137416.911    32.022     1.00    5.31
 137706.220    31.855    -0.58    5.24
 137995.530    31.643    -0.73    5.00
 138284.839    31.990     1.20    4.05
 138574.149    32.299     1.07    4.09
 138863.458    32.872     1.98    4.13
 139152.768    33.130     0.89    3.90
 139442.078    32.970    -0.55    4.64
 139731.388    31.457    -5.23    7.57
 140020.698    30.668    -2.73    8.35
 140310.009    29.940    -2.52    8.17
 140599.319    29.555    -1.33    8.09
 140888.630    29.205    -1.21    8.26
 141177.941    28.905    -1.04    8.90
 141467.252    28.672    -0.81    9.38
 141756.563    30.130     5.04    8.71
 142045.875    30.138     0.03    9.60
 142335.186    29.856    -0.98   10.09
 142624.498    28.922    -3.23   10.29
 142913.809    27.655    -4.38   10.11
 143203.121    28.078     1.46    9.75
 143492.434    27.509    -1.97   10.18
 143781.743    26.182    -4.59   10.31
 144071.019    24.320    -6.44   10.70
 144360.296    23.429    -3.08   10.79
 144649.574    22.544    -3.06   11.00
 144938.851    21.957    -2.03   11.04
 145228.128    21.585    -1.29   10.59
 145517.406    21.956     1.28   10.28
 145806.684    22.528     1.98    9.77
 146095.962    23.147     2.14    9.79
 146385.240    23.041    -0.37   10.07
 146674.518    22.836    -0.71   10.19
 146963.797    24.044     4.18   10.20
 147253.076    25.109     3.68    9.68
 147542.355    26.194     3.75    9.41
 147831.634    27.824     5.64    8.67
 148120.913    29.906     7.20    7.09
 148410.192    31.838     6.68    4.73
 148699.472    32.509     2.32    3.86
 148988.752    32.422    -0.30    3.61
 149278.032    33.177     2.61    2.83
 149567.312    33.044    -0.46    2.88
 149856.592    33.278     0.81    2.70
 150145.873    33.695     1.44    2.29
 150435.154    33.429    -0.92    2.35
 150724.435    33.672     0.84    2.29
 151013.716    33.549    -0.42    2.22
 151302.997    33.397    -0.53    2.20
 151592.278    33.103    -1.02    2.33
 151881.560    32.722    -1.32    2.51
 152170.842    32.578    -0.50    2.39
 152460.124    32.626     0.17    2.39
 152749.406    32.605    -0.07    2.25
 153038.689    32.660     0.19    1.98
 153327.972    32.719     0.20    2.01
 153617.255    32.957     0.82    1.90
 153906.538    33.005     0.16    2.03
 154195.821    33.058     0.18    2.13
 154485.105    33.211     0.53    2.15
 154774.388    33.251     0.14    2.20
 155063.672    33.117    -0.46    2.49
 155352.956    33.118     0.00    2.53
 155642.241    32.922    -0.68    2.64
 155931.525    32.659    -0.91    2.67
 156220.810    32.354    -1.05    2.70
 156510.095    32.134    -0.76    2.69
 156799.380    31.838    -1.02    2.79
 157088.666    31.613    -0.78    2.80
 157377.952    30.593    -3.52    3.95
 157667.238    30.130    -1.60    4.12
 157956.524    29.940    -0.66    4.28
 158245.810    29.578    -1.25    4.31
 158535.097    28.768    -2.80    5.17
 158824.383    28.364    -1.40    5.92
 159113.670    27.578    -2.72    6.30
 159402.958    27.499    -0.27    6.37
 159692.245    27.621     0.42    6.60
 159981.533    28.572     3.29    6.94
 160270.821    29.453     3.05    6.70
 160560.109    30.482     3.56    6.18
 160849.397    31.702     4.22    5.12
 161138.686    32.520     2.83    4.58
 161427.975    33.630     3.84    3.76
 161717.264    34.194     1.95    3.23
 162006.554    34.522     1.13    2.92
 162295.843    35.163     2.22    2.48
 162585.133    35.475     1.08    2.14
 162874.423    35.549     0.26    2.29
 163163.714    35.888     1.17    2.50
 163453.004    35.972     0.29    2.48
 163742.295    36.155     0.63    2.85
 164031.586    36.337     0.63    2.29
 164320.877    36.516     0.62    2.47
 164610.169    36.837     1.11    2.71
 164899.461    36.788    -0.17    2.81
 165188.753    36.722    -0.23    2.71
 165478.045    37.072     1.21    2.37
 165767.338    37.143     0.25    2.33
 166056.631    37.117    -0.09    2.19
 166345.924    36.888    -0.79    2.25
 166635.217    36.975     0.30    2.32
 166924.511    36.788    -0.64    2.60
 167213.805    35.788    -3.46    3.20
 167503.099    33.442    -8.11    6.66
 167792.394    30.699    -9.48    8.63
 168081.688    29.496    -4.16    8.39
 168370.983    26.172   -11.49    9.62
 168660.279    24.194    -6.84    9.39
 168949.574    23.738    -1.57    9.01
 169238.870    22.182    -5.38    8.39
 169528.166    20.924    -4.35    8.37
 169817.462    18.431    -8.62    8.15
 170106.759    17.058    -4.75    7.54
 170396.056    16.017    -3.60    6.85
 170685.353    14.078    -6.70    5.13
 170974.651    12.130    -6.73    0.86
 171263.948    13.026     3.10    4.49
 171553.246    16.871    13.29    9.10
 171842.545    20.446    12.36   10.58
 172131.843    24.164    12.85   11.08
 172421.142    28.457    14.84   10.13
 172710.441    32.078    12.52    7.87
 172999.741    34.702     9.07    4.30
 173289.041    35.238     1.85    3.89
 173578.341    35.647     1.41    3.63
 173867.641    35.622    -0.09    3.42
 174156.942    35.371    -0.87    3.52
 174446.243    34.009    -4.71    5.36
 174735.544    32.338    -5.77    6.96
 175024.845    32.388     0.17    6.91
 175314.147    32.022    -1.27    7.04
 175603.449    31.817    -0.71    7.20
 175892.752    32.613     2.75    6.37
 176182.054    33.475     2.98    4.97
 176471.357    35.038     5.41    3.88
 176760.661    35.522     1.67    2.97
 177049.964    35.595     0.25    2.96
 177339.268    35.312    -0.98    2.59
 177628.573    35.134    -0.62    2.37
 177917.877    35.222     0.30    2.08
 178207.182    34.990    -0.80    2.10
 178496.487    34.423    -1.96    2.47
 178785.793    33.355    -3.69    3.44
 179075.099    32.605    -2.59    3.66
 179364.405    32.024    -2.01    3.78
 179653.711    31.492    -1.84    3.82
 179943.018    31.211    -0.97    3.61
 180232.325    30.872    -1.17    3.36
 180521.632    31.415     1.88    3.24
 180810.940    32.138     2.50    2.75
 181100.248    32.526     1.34    2.60
 181389.557    32.479    -0.17    2.69
 181678.865    32.422    -0.20    2.64
 181968.174    32.113    -1.07    2.74
 182257.484    32.095    -0.06    2.68
 182546.793    32.067    -0.10    2.81
 182836.103    32.005    -0.21    2.82
 183125.414    31.822    -0.63    2.82
 183414.724    32.088     0.92    3.22
 183704.035    31.423    -2.30    4.77
 183993.347    31.871     1.55    5.04
 184282.659    32.038     0.58    5.32
 184571.971    31.820    -0.76    5.44
 184861.283    31.138    -2.35    5.85
 185150.596    30.422    -2.48    6.02
 185439.909    29.526    -3.09    6.41
 185729.222    28.992    -1.85    6.83
 186018.536    28.716    -0.95    6.94
 186307.850    28.151    -1.95    7.34
 186597.165    28.216     0.23    7.30
 186886.479    28.957     2.56    6.89
 187175.794    29.871     3.16    6.46
 187465.110    30.424     1.91    5.76
 187754.426    30.034    -1.35    6.46
 188043.742    28.888    -3.96    7.47
 188333.059    27.167    -5.95    7.98
 188622.376    25.625    -5.33    8.35
 188911.693    23.423    -7.61    8.34
 189201.010    21.605    -6.28    7.70
 189490.328    20.380    -4.23    7.27
 189779.647    20.322    -0.20    7.22
 190068.966    19.695    -2.16    6.64
 190358.285    20.044     1.20    7.09
 190647.604    19.423    -2.15    6.68
 190936.924    18.838    -2.02    6.39
 191226.244    19.227     1.35    6.93
 191515.565    19.492     0.91    6.98
 191804.886    21.092     5.53    8.08
 192094.207    23.152     7.12    8.07
 192383.529    23.722     1.97    7.72
 192672.851    22.088    -5.65    7.52
 192962.173    22.312     0.77    7.96
 193251.496    20.755    -5.38    7.72
 193540.819    19.746    -3.49    7.74
 193830.143    18.770    -3.37    7.00
 194119.467    20.147     4.76    7.87
 194408.791    22.617     8.54    8.73
 194698.116    24.003     4.79    9.10
 194987.441    25.222     4.21    8.59
 195276.766    27.372     7.43    8.07
 195566.092    29.192     6.29    6.73
 195855.418    29.985     2.74    5.96
 196144.745    30.538     1.91    4.65
 196434.072    30.821     0.98    3.67
 196723.399    30.837     0.06    2.87
 197012.727    31.134     1.03    2.63
 197302.055    31.329     0.67    3.14
 197591.384    30.787    -1.87    4.93
 197880.713    29.708    -3.73    6.14
 198170.042    29.655    -0.18    6.81
 198459.372    30.210     1.92    7.41
 198748.702    31.227     3.52    7.76
 199038.033    31.509     0.97    8.08
 199327.364    32.561     3.63    7.64
 199616.695    34.130     5.42    6.27
 199906.027    35.957     6.32    4.30
 200195.359    36.733     2.68    3.49
 200484.692    37.182     1.55    2.99
 200774.025    37.577     1.37    2.31
 201063.359    37.751     0.60    2.30
 201352.692    37.939     0.65    2.15
 201642.027    38.026     0.30    1.83
 201931.361    37.682    -1.19    1.98
 202220.697    37.380    -1.04    2.47
 202510.032    37.188    -0.66    2.58
 202799.368    36.888    -1.04    2.68
 203088.704    36.310    -2.00    2.57
 203378.041    36.320     0.03    2.55
 203667.378    36.172    -0.51    2.49
 203956.716    35.923    -0.86    2.32
 204246.054    35.738    -0.64    2.06
 204535.393    35.975     0.82    1.87
 204824.732    36.061     0.30    1.74
 205114.071    36.222     0.56    1.95
 205403.411    36.516     1.02    1.92
 205692.751    36.572     0.19    1.98
 205982.092    36.682     0.38    1.98
 206271.354    36.261    -1.45    2.28
 206560.602    35.531    -2.52    2.58
 206849.851    34.685    -2.93    2.78
 207139.100    33.905    -2.70    2.55
 207428.350    33.322    -2.02    2.32
 207717.600    33.003    -1.10    2.15
 208006.851    32.638    -1.26    1.88
 208296.102    33.092     1.57    2.00
 208585.354    33.423     1.14    2.04
 208874.606    33.249    -0.60    2.01
 209163.858    33.233    -0.06    2.01
 209453.111    33.187    -0.16    1.92
 209742.364    32.770    -1.44    2.10
 210031.618    32.603    -0.58    2.38
 210320.872    32.292    -1.08    2.42
 210610.127    32.092    -0.69    2.50
 210899.382    32.088    -0.01    2.39
 211188.637    31.923    -0.57    2.40
 211477.894    32.081     0.55    2.23
 211767.150    32.092     0.04    2.50
 212056.407    32.147     0.19    2.44
 212345.664    31.987    -0.55    2.50
 212634.922    31.705    -0.97    2.68
 212924.181    31.567    -0.48    2.53
 213213.439    31.414    -0.53    2.49
 213502.699    31.423     0.03    2.56
 213791.958    31.708     0.99    2.75
 214081.219    31.699    -0.03    3.01
 214370.479    31.699     0.00    3.03
 214659.740    31.492    -0.72    3.11
 214949.002    31.380    -0.39    2.98
 215238.264    31.555     0.61    2.77
 215527.527    31.405    -0.52    2.86
 215816.790    30.708    -2.41    2.52
 216106.053    30.713     0.02    2.52
 216395.317    31.113     1.38    2.61
 216684.582    30.954    -0.55    2.63
 216973.847    31.312     1.24    2.59
 217263.112    31.588     0.96    2.46
 217552.378    32.064     1.64    2.29
 217841.644    32.337     0.94    2.49
 218130.911    32.423     0.30    2.55
 218420.179    32.664     0.83    2.54
 218709.446    33.462     2.76    2.94
 218998.715    33.940     1.65    3.14
 219287.984    34.736     2.75    2.94
 219577.253    35.317     2.01    2.41
 219866.523    35.651     1.16    2.28
 220155.793    35.647    -0.02    2.19
 220445.064    35.177    -1.62    2.35
 220734.335    34.397    -2.70    2.49
 221023.607    33.923    -1.64    2.12
 221312.879    33.768    -0.54    1.91
 221602.152    33.855     0.30    1.84
 221891.425    34.222     1.27    1.86
 222180.699    34.421     0.69    1.91
 222469.973    34.978     1.93    1.75
 222759.248    35.255     0.96    1.52
 223048.524    35.257     0.01    1.45
 223337.799    35.364     0.37    1.48
 223627.076    35.583     0.76    1.47
 223916.353    35.957     1.29    1.34
 224205.630    36.346     1.34    1.55
 224494.908    37.085     2.55    2.32
 224784.186    37.755     2.32    2.57
 225073.465    38.465     2.45    2.53
 225362.745    38.888     1.46    2.52
 225652.024    39.431     1.87    2.34
 225941.305    39.585     0.53    2.56
 226230.586    38.956    -2.17    2.77
 226519.867    38.354    -2.08    3.12
 226809.149    37.939    -1.43    3.14
 227098.432    38.088     0.52    3.08
 227387.715    37.975    -0.39    2.85
 227676.999    37.957    -0.06    2.27
 227966.283    38.147     0.66    2.02
 228255.567    38.822     2.33    2.03
 228544.853    39.244     1.46    1.75
 228834.138    39.346     0.35    1.87
 229123.425    39.302    -0.15    1.99
 229412.711    39.713     1.42    1.98
 229701.999    39.755     0.15    2.00
 229991.287    39.822     0.23    2.07
 230280.575    39.824     0.01    2.46
 230569.864    40.281     1.58    2.39
 230859.153    40.044    -0.82    2.53
 231148.443    39.888    -0.54    2.86
 231437.734    39.595    -1.01    2.78
 231727.025    39.544    -0.18    2.98
 232016.317    39.406    -0.48    3.14
 232305.609    39.388    -0.06    2.95
 232594.902    39.630     0.83    3.18
 232884.195    40.172     1.87    3.03
 233173.489    40.588     1.44    2.79
 233462.783    41.009     1.45    2.53
 233752.078    41.155     0.50    2.39
 234041.374    41.246     0.31    2.06
 234330.670    41.199    -0.16    1.97
 234619.966    40.955    -0.84    1.88
 234909.263    41.194     0.82    1.97
 235198.561    40.705    -1.69    2.45
 235487.859    39.781    -3.19    3.09
 235777.158    38.992    -2.73    3.20
 236066.458    38.278    -2.47    3.31
 236355.758    37.388    -3.08    3.08
 236645.058    36.630    -2.62    2.70
 236934.359    36.026    -2.09    2.38
 237223.661    36.005    -0.07    2.34
 237512.963    36.310     1.05    2.30
 237802.266    36.138    -0.59    2.17
 238091.570    35.634    -1.74    2.13
 238380.874    35.371    -0.91    2.22
 238670.178    35.160    -0.73    2.23
 238959.483    35.009    -0.52    2.28
 239248.789    34.822    -0.65    2.43
 239538.095    35.285     1.60    2.80
 239827.402    35.118    -0.58    3.20
 240116.710    35.238     0.42    3.35
 240406.018    35.029    -0.72    3.50
 240695.326    34.905    -0.43    3.74
 240984.635    34.216    -2.38    3.68
 241273.945    34.138    -0.27    3.22
 241563.256    33.990    -0.51    2.83
 241852.567    33.768    -0.77    3.02
 242141.878    33.354    -1.43    3.14
 242431.190    33.388     0.12    2.76
 242720.503    33.244    -0.50    2.79
 243009.816    33.380     0.47    2.42
 243299.130    33.255    -0.43    2.20
 243588.445    33.164    -0.31    1.86
 243877.760    32.781    -1.32    1.68
 244167.076    32.838     0.20    1.71
 244456.392    32.320    -1.79    1.59
 244745.709    32.022    -1.03    1.38
 245035.026    32.009    -0.04    1.34
 245324.344    32.113     0.36    1.51
 245613.663    32.285     0.60    1.52
 245902.982    32.509     0.77    1.55
 246192.302    32.774     0.91    1.43
 246481.623    32.871     0.34    1.33
 246770.944    33.164     1.01    1.68
 247060.266    33.164     0.00    1.78
 247349.588    33.337     0.60    1.76
 247638.911    33.501     0.57    1.58
 247928.235    33.380    -0.42    1.64
 248217.559    33.448     0.23    1.65
 248506.884    33.134    -1.08    1.87
 248796.209    32.492    -2.22    1.89
 249085.536    31.905    -2.03    1.85
 249374.862    31.397    -1.76    1.70
 249664.190    31.151    -0.85    1.55
 249953.518    30.906    -0.84    1.42
 250242.846    30.768    -0.48    1.59
 250532.175    30.478    -1.00    1.58
 250821.505    30.355    -0.42    1.46
 251110.836    30.305    -0.17    1.51
 251400.167    30.544     0.82    1.37
 251689.498    30.705     0.56    1.32
 251978.831    30.748     0.15    1.43
 252268.164    30.806     0.20    1.42
 252557.497    30.972     0.57    1.67
 252846.832    31.172     0.69    1.69
 253136.167    31.488     1.09    1.84
 253425.502    31.888     1.38    1.85
 253714.838    32.058     0.59    1.83
 254004.175    32.371     1.08    2.16
 254293.513    32.577     0.71    2.08
 254582.851    32.855     0.96    2.02
 254872.189    33.121     0.92    2.17
 255161.529    33.516     1.37    2.14
 255450.869    33.837     1.11    1.90
 255740.210    34.188     1.22    1.69
 256029.551    34.138    -0.17    1.78
 256318.893    34.363     0.78    1.67
 256608.236    34.613     0.86    1.78
 256897.579    34.871     0.89    2.06
 257186.923    35.331     1.59    2.13
 257476.268    35.788     1.58    2.32
 257765.613    36.324     1.85    2.29
 258054.959    36.872     1.89    1.99
 258344.305    36.942     0.24    2.13
 258633.653    37.005     0.22    2.21
 258923.001    36.199    -2.79    2.61
 259212.349    35.659    -1.87    2.63
 259501.698    35.130    -1.83    2.49
 259791.048    34.854    -0.95    2.30
 260080.399    34.837    -0.06    2.14
 260369.750    34.457    -1.31    1.69
 260659.102    34.495     0.13    1.65
 260948.455    34.820     1.12    1.59
 261237.808    35.322     1.74    1.98
 261527.162    35.406     0.29    2.14
 261816.517    35.651     0.85    2.84
 262105.872    36.453     2.77    3.35
 262395.228    37.155     2.43    3.24
 262684.585    37.561     1.40    3.25
 262973.942    37.853     1.01    3.28
 263263.300    37.388    -1.61    3.34
 263552.659    36.588    -2.76    3.85
 263842.018    36.255    -1.15    3.76
 264131.378    36.288     0.12    3.58
 264420.739    36.251    -0.13    3.55
 264710.100    35.804    -1.54    3.61
 264999.463    34.978    -2.85    3.82
 265288.825    34.888    -0.31    3.57
 265578.189    34.921     0.11    3.83
 265867.553    35.095     0.60    3.88
 266156.918    34.583    -1.77    4.27
 266446.284    34.285    -1.03    4.33
 266735.650    34.505     0.76    4.36
 267025.017    35.022     1.79    4.29
 267314.385    35.238     0.75    4.24
 267603.753    35.600     1.25    3.75
 267893.122    36.078     1.65    3.91
 268182.492    37.188     3.84    3.23
 268471.772    38.164     3.37    2.88
 268760.992    38.572     1.41    2.36
 269050.214    38.655     0.29    2.70
 269339.436    38.656     0.00    2.83
 269628.659    38.992     1.16    2.65
 269917.883    39.210     0.75    2.69
 270207.107    38.970    -0.83    2.72
 270496.332    38.905    -0.22    2.83
 270785.558    38.438    -1.61    2.68
 271074.784    37.457    -3.39    2.82
 271364.011    36.573    -3.06    2.67
 271653.239    35.872    -2.42    2.57
 271942.468    35.312    -1.93    1.99
 272231.697    34.937    -1.30    1.79
 272520.927    34.233    -2.43    1.58
 272810.158    34.371     0.48    1.64
 273099.390    34.475     0.36    1.63
 273388.622    34.785     1.07    1.56
 273677.855    35.085     1.04    1.66
 273967.089    35.268     0.63    1.70
 274256.323    35.992     2.50    1.56
 274545.558    36.371     1.31    1.39
 274834.794    36.423     0.18    1.56
 275124.031    36.538     0.40    1.49
 275413.268    36.440    -0.34    1.54
 275702.506    35.972    -1.62    1.81
 275991.745    35.406    -1.96    1.77
 276280.985    35.216    -0.66    1.75
 276570.225    35.138    -0.27    1.87
 276859.466    34.990    -0.51    1.91
 277148.708    35.109     0.41    2.03
 277437.950    35.228     0.41    1.99
 277727.194    35.509     0.97    1.87
 278016.438    35.590     0.28    1.93
 278305.682    35.617     0.09    1.78
 278594.928    35.455    -0.56    1.80
 278884.174    35.440    -0.05    1.80
 279173.421    35.431    -0.03    1.72
 279462.669    35.555     0.43    1.66
 279751.918    35.588     0.12    1.57
 280041.167    35.572    -0.06    1.50
 280330.417    35.699     0.44    1.53
 280619.668    35.822     0.43    1.59
 280908.919    35.956     0.46    1.60
 281198.172    35.956     0.00    1.53
 281487.425    35.957     0.00    1.75
 281776.678    35.872    -0.30    1.85
 282065.933    35.738    -0.46    1.90
 282355.188    35.783     0.15    2.05
 282644.445    36.055     0.94    2.04
 282933.701    36.302     0.85    2.18
 283222.959    36.630     1.13    2.19
 283512.218    37.055     1.47    1.80
 283801.477    36.872    -0.63    2.06
 284090.737    36.578    -1.01    2.23
 284379.998    36.638     0.21    2.57
 284669.259    36.722     0.29    2.59
 284958.521    36.787     0.22    2.42
 285247.784    36.774    -0.05    2.21
 285537.048    36.871     0.34    2.00
 285826.313    36.388    -1.67    2.49
 286115.578    36.005    -1.33    2.46
 286404.845    35.268    -2.55    2.57
 286694.112    34.888    -1.31    2.49
 286983.379    34.199    -2.38    2.53
 287272.648    33.664    -1.85    2.66
 287561.917    33.423    -0.83    2.64
 287851.187    33.940     1.79    2.72
 288140.458    34.266     1.12    2.63
 288429.730    34.802     1.86    2.47
 288719.003    35.465     2.29    2.55
 289008.276    35.940     1.64    2.35
 289297.550    36.095     0.54    2.38
 289586.825    36.308     0.73    2.27
 289876.101    36.388     0.28    2.38
 290165.377    36.422     0.12    2.43
 290454.654    36.460     0.13    2.33
 290743.932    36.613     0.53    2.40
 291033.211    36.821     0.72    2.21
 291322.491    36.753    -0.23    1.99
 291611.772    36.772     0.07    1.72
 291901.053    37.130     1.24    1.69
 292190.335    37.578     1.55    1.97
 292479.618    37.906     1.13    1.71
 292768.902    37.855    -0.18    1.81
 293058.186    37.822    -0.11    1.96
 293347.472    37.630    -0.66    1.97
 293636.758    37.216    -1.43    1.89
 293926.045    36.799    -1.44    1.75
 294215.333    36.516    -0.98    1.79
 294504.621    36.588     0.25    1.64
 294793.911    36.738     0.52    1.79
 295083.201    37.200     1.60    1.95
 295372.492    37.478     0.96    2.00
 295661.784    37.855     1.30    1.92
 295951.077    38.406     1.91    1.77
 296240.370    38.838     1.50    1.58
 296529.665    38.905     0.23    1.62
 296818.960    38.992     0.30    1.55
 297108.256    38.736    -0.88    1.84
 297397.553    38.710    -0.09    1.96
 297686.851    39.098     1.34    2.64
 297976.149    39.719     2.15    3.31
 298265.449    40.227     1.76    3.48
 298554.749    40.837     2.11    3.51
 298844.050    41.099     0.91    3.33
 299133.352    40.939    -0.55    3.06
 299422.654    40.182    -2.62    3.24
 299711.958    39.276    -3.13    3.12
 300001.262    38.448    -2.86    2.76
 300290.568    37.567    -3.04    2.48
 300579.874    36.617    -3.28    2.15
 300869.181    35.957    -2.28    1.85
 301158.489    35.675    -0.98    1.58
 301447.797    35.768     0.32    1.69
 301737.107    35.871     0.36    1.90
 302026.417    36.061     0.66    2.09
 302315.728    36.544     1.67    2.23
 302605.040    36.922     1.31    2.06
 302894.353    37.126     0.70    2.14
 303183.667    36.856    -0.93    2.32
 303472.982    36.643    -0.74    2.13
 303762.297    36.320    -1.12    2.04
 304051.613    36.315    -0.02    2.04
 304340.931    36.431     0.40    2.14
 304630.249    36.549     0.41    2.32
 304919.568    36.585     0.12    2.38
 305208.887    37.026     1.53    2.47
 305498.208    36.872    -0.54    2.35
 305787.530    36.785    -0.30    2.17
 306076.852    36.757    -0.10    2.05
 306366.175    36.182    -1.99    2.05
 306655.499    35.736    -1.54    2.13
 306944.824    35.531    -0.71    2.14
 307234.150    35.736     0.71    2.34
 307523.477    35.555    -0.62    2.30
 307812.805    35.041    -1.78    2.35
 308102.133    34.605    -1.51    2.63
 308391.463    34.595    -0.03    2.60
 308680.793    34.044    -1.91    2.48
 308970.124    33.566    -1.65    2.05
 309259.456    33.227    -1.17    1.73
 309548.789    33.356     0.45    1.72
 309838.123    33.513     0.54    1.79
 310127.457    33.688     0.60    1.67
 310416.793    33.888     0.69    1.65
 310706.129    34.130     0.84    1.82
 310995.467    34.522     1.35    1.95
 311284.805    35.041     1.79    2.12
 311574.144    36.009     3.35    2.25
 311863.484    36.799     2.73    2.37
 312152.825    37.184     1.33    2.16
 312442.167    37.363     0.62    2.08
 312731.510    37.643     0.97    1.85
 313020.853    37.872     0.79    1.80
 313310.198    37.567    -1.05    1.89
 313599.543    37.438    -0.44    2.02
 313888.890    37.233    -0.71    2.13
 314178.237    36.905    -1.13    2.17
 314467.585    36.788    -0.40    2.23
 314756.934    36.630    -0.55    2.14
 315046.284    36.682     0.18    2.40
 315335.635    36.957     0.95    2.45
 315624.987    37.118     0.55    2.28
 315914.339    37.457     1.17    2.13
 316203.693    37.838     1.31    1.92
 316493.047    38.268     1.49    1.91
 316782.403    38.746     1.65    1.83
 317071.759    38.776     0.10    1.78
 317361.116    38.838     0.22    1.80
 317650.475    39.098     0.90    2.05
 317939.834    38.799    -1.03    2.18
 318229.194    38.147    -2.25    2.44
 318518.555    37.805    -1.18    2.40
 318807.916    36.802    -3.47    2.47
 319097.279    36.151    -2.25    2.32
 319386.643    35.423    -2.52    2.18
 319676.008    34.992    -1.49    2.20
 319965.373    34.660    -1.15    2.13
 320254.740    34.538    -0.42    2.12
 320544.107    34.405    -0.46    2.09
 320833.475    34.337    -0.24    1.78
 321122.845    34.516     0.62    1.71
 321412.215    34.299    -0.75    1.53
 321701.586    33.973    -1.13    1.65
 321990.958    33.840    -0.46    1.57
 322280.331    33.821    -0.07    1.92
 322569.705    33.538    -0.98    2.08
 322859.080    33.335    -0.70    2.13
 323148.456    33.753     1.44    2.38
 323437.833    34.095     1.18    2.59
 323727.211    34.772     2.34    2.61
 324016.590    35.151     1.31    2.71
 324305.969    35.362     0.73    2.67
 324595.350    36.122     2.63    2.29
 324884.731    36.335     0.74    2.17
 325174.114    36.485     0.52    2.08
 325463.497    36.516     0.10    1.84
 325752.882    36.688     0.60    1.69
 326042.267    36.820     0.45    1.59
 326331.654    36.578    -0.83    1.58
 326621.041    36.533    -0.16    1.62
 326910.429    36.787     0.88    1.85
 327199.818    37.298     1.77    2.19
 327489.209    37.939     2.22    2.45
 327778.600    38.603     2.29    2.42
 328067.992    38.787     0.64    2.40
 328357.385    39.026     0.83    2.21
 328646.779    39.282     0.88    1.88
 328936.174    39.475     0.67    1.72
 329225.570    39.682     0.71    1.78
 329514.967    39.785     0.36    1.77
 329804.365    39.625    -0.55    1.71
 330093.764    40.038     1.43    1.78
 330383.164    40.549     1.77    2.00
 330672.489    41.167     2.13    2.19
 330961.681    41.613     1.54    2.41
 331250.874    41.573    -0.14    2.41
 331540.069    41.774     0.70    2.28
 331829.264    42.005     0.80    2.28
 332118.460    41.638    -1.27    2.81
 332407.657    40.836    -2.78    2.67
 332696.855    40.371    -1.61    2.49
 332986.054    40.009    -1.25    2.36
 333275.254    39.630    -1.31    2.34
 333564.455    38.938    -2.39    2.65
 333853.657    38.199    -2.55    2.91
 334142.861    37.973    -0.78    3.16
 334432.065    37.406    -1.96    3.19
 334721.270    37.505     0.34    3.67
 335010.476    37.985     1.66    3.78
 335299.683    38.320     1.16    3.83
 335588.891    38.787     1.62    4.07
 335878.100    39.009     0.77    4.10
 336167.310    38.699    -1.07    4.32
 336456.521    38.272    -1.48    4.21
 336745.733    38.143    -0.45    4.20
 337034.946    37.840    -1.05    4.44
 337324.160    37.567    -0.94    4.35
 337613.375    37.788     0.77    4.47
 337902.591    37.643    -0.50    4.38
 338191.808    38.298     2.27    4.54
 338481.026    38.659     1.25    4.88
 338770.245    38.940     0.97    5.11
 339059.465    40.533     5.51    4.46
 339348.686    41.299     2.65    4.07
 339637.909    42.020     2.49    3.81
 339927.132    43.126     3.82    2.49
 340216.356    43.055    -0.24    2.40
 340505.581    43.278     0.77    1.80
 340794.807    42.924    -1.22    1.88
 341084.034    42.736    -0.65    1.95
 341373.263    42.716    -0.07    2.04
 341662.492    42.763     0.16    2.05
 341951.722    42.766     0.01    2.19
 342240.953    42.862     0.33    2.20
