-146805.600   101.349     0.00   17.16
-146516.345   101.361     0.04   17.25
-146227.092   100.332    -3.56   17.32
-145937.839   100.329    -0.01   17.68
-145648.587    99.352    -3.38   16.38
-145359.336    96.657    -9.32   15.14
-145070.086    95.682    -3.37   13.98
-144780.838    95.674    -0.03   12.59
-144491.590    92.591   -10.66   14.17
-144202.343    88.932   -12.65   13.62
-143913.097    86.591    -8.09   13.60
-143623.853    82.920   -12.69   13.04
-143334.609    78.682   -14.65   11.13
-143045.366    74.682   -13.83   10.44
-142756.125    70.579   -14.19   10.34
-142466.884    68.755    -6.30   10.20
-142177.644    65.596   -10.92   10.42
-141888.405    59.182   -22.17   12.17
-141599.168    56.709    -8.55   11.79
-141309.931    56.064    -2.23   12.52
-141020.695    56.018    -0.16   13.55
-140731.461    56.217     0.69   14.06
-140442.227    57.436     4.22   14.42
-140152.994    57.393    -0.15   14.09
-139863.763    56.820    -1.98   13.78
-139574.532    56.649    -0.59   13.55
-139285.302    56.303    -1.19   13.65
-138996.074    56.762     1.59   14.95
-138706.846    57.254     1.70   16.44
-138417.619    58.013     2.62   18.18
-138128.393    56.993    -3.53   18.01
-137839.169    57.641     2.24   17.90
-137549.945    54.799    -9.83   17.67
-137260.722    54.131    -2.31   16.45
-136971.500    52.386    -6.03   15.32
-136682.279    49.469   -10.09   14.76
-136393.060    49.231    -0.82   13.75
-136103.841    47.249    -6.85   13.15
-135814.623    45.775    -5.09   13.46
-135525.406    45.267    -1.76   13.52
-135236.190    45.147    -0.41   13.35
-134946.975    46.015     3.00   14.26
-134657.761    45.286    -2.52   15.02
-134368.548    45.215    -0.24   15.65
-134079.336    43.765    -5.01   15.70
-133790.125    42.586    -4.08   15.39
-133500.915    42.596     0.03   15.11
-133211.705    40.889    -5.90   14.67
-132922.497    40.849    -0.14   14.01
-132633.290    38.657    -7.58   12.15
-132344.084    36.538    -7.33   11.26
-132054.878    34.113    -8.38    9.61
-131765.674    31.727    -8.25    7.22
-131476.471    30.706    -3.53    5.28
-131187.268    30.515    -0.66    5.42
-130898.067    32.601     7.21    8.89
-130608.866    37.389    16.56   14.97
-130319.667    45.631    28.50   21.32
-130030.468    52.064    22.24   23.88
-129741.270    58.527    22.35   24.49
-129452.074    64.952    22.22   24.23
-129162.878    69.820    16.83   21.80
-128873.683    69.803    -0.06   22.81
-128584.489    66.786   -10.43   24.28
-128295.296    61.096   -19.67   23.53
-128006.104    57.549   -12.27   22.78
-127716.913    53.786   -13.01   20.42
-127427.723    50.315   -12.00   17.08
-127138.534    46.647   -12.68   14.08
-126849.346    46.613    -0.12   13.03
-126560.158    49.050     8.43   14.19
-126270.972    52.538    12.06   15.26
-125981.786    58.132    19.34   15.55
-125692.602    62.576    15.37   14.42
-125403.418    66.648    14.08   14.75
-125114.236    69.470     9.76   14.80
-124825.054    71.932     8.51   15.57
-124535.873    73.493     5.40   15.97
-124246.693    74.251     2.62   14.78
-123957.514    73.915    -1.16   16.26
-123668.336    73.025    -3.08   14.60
-123379.159    73.782     2.62   13.77
-123089.983    72.080    -5.88   10.94
-122800.808    71.131    -3.28    9.84
-122511.517    68.623    -8.67    9.85
-122222.146    66.465    -7.46    9.56
-121932.776    65.565    -3.11    8.89
-121643.407    63.751    -6.27    7.78
-121354.038    64.899     3.96    8.40
-121064.671    67.482     8.93    9.93
-120775.304    70.744    11.27   10.62
-120485.939    73.216     8.54   10.60
-120196.574    76.941    12.87   11.05
-119907.210    80.782    13.27    8.98
-119617.847    82.741     6.77    7.71
-119328.485    84.579     6.35    8.50
-119039.124    85.096     1.79    8.55
-118749.764    87.254     7.46    9.74
-118460.405    90.482    11.15   10.69
-118171.046    94.233    12.96   12.14
-117881.689    99.515    18.26   13.49
-117592.332   105.855    21.91   12.93
-117302.976   110.094    14.65   11.33
-117013.622   113.165    10.61   11.15
-116724.268   113.286     0.42   11.15
-116434.915   111.832    -5.03   12.87
-116145.562   107.941   -13.45   14.45
-115856.211   102.355   -19.31   14.42
-115566.861    97.631   -16.33   14.28
-115277.511    92.200   -18.77   14.91
-114988.163    88.214   -13.77   15.00
-114698.815    86.631    -5.47   13.26
-114409.468    84.251    -8.22   12.51
-114120.122    84.769     1.79   11.77
-113830.777    88.113    11.56   13.36
-113541.433    93.391    18.24   16.86
-113252.090   101.045    26.45   18.24
-112962.748   110.741    33.51   17.72
-112673.406   118.148    25.60   15.23
-112384.065   124.855    23.18   13.02
-112094.726   129.249    15.19    9.44
-111805.387   130.606     4.69    8.41
-111516.049   131.395     2.73    8.62
-111226.711   130.558    -2.89    9.27
-110937.375   127.717    -9.82    9.53
-110648.040   125.692    -7.00    9.01
-110358.705   121.199   -15.53   10.25
-110069.372   116.865   -14.98   11.32
-109780.039   112.251   -15.95   13.50
-109490.707   105.099   -24.72   15.61
-109201.376    98.025   -24.45   17.95
-108912.045    92.034   -20.71   18.08
-108622.716    85.149   -23.80   16.59
-108333.387    80.982   -14.40   15.69
-108044.060    75.049   -20.51   15.79
-107754.733    69.562   -18.96   15.01
-107465.407    63.894   -19.59   15.38
-107176.082    56.131   -26.83   15.86
-106886.758    50.182   -20.56   15.69
-106597.434    42.015   -28.23   13.98
-106308.112    36.058   -20.59   11.32
-106018.790    31.216   -16.74    9.08
-105729.469    31.665     1.55   10.17
-105440.149    34.532     9.91   14.50
-105150.830    40.515    20.68   18.43
-104861.512    48.419    27.32   20.14
-104572.194    56.838    29.10   20.41
-104282.878    66.042    31.82   18.71
-103993.562    75.247    31.82   16.69
-103704.247    83.332    27.94   14.82
-103414.933    87.568    14.64   13.22
-103125.619    91.369    13.14   13.01
-102836.307    93.433     7.14   13.94
-102546.995    93.799     1.26   15.79
-102257.684    95.355     5.38   17.17
-101968.374    94.723    -2.19   18.32
-101679.065    95.269     1.89   17.37
-101389.757    99.251    13.77   16.15
-101100.450   102.924    12.69   16.43
-100811.143   108.251    18.42   17.53
-100521.837   114.001    19.87   18.00
-100232.532   120.045    20.89   17.59
 -99943.228   128.549    29.39   17.15
 -99653.924   134.737    21.39   15.81
 -99364.622   140.013    18.24   12.90
 -99075.320   143.488    12.01   10.58
 -98786.019   143.915     1.48   11.36
 -98496.719   143.985     0.24   12.42
 -98207.420   142.709    -4.41   13.62
 -97918.121   138.286   -15.29   15.80
 -97628.824   133.232   -17.47   17.54
 -97339.527   129.799   -11.87   18.26
 -97050.231   126.682   -10.77   19.86
 -96760.936   125.372    -4.53   19.83
 -96471.641   123.318    -7.10   21.05
 -96182.347   124.004     2.37   20.91
 -95893.055   123.899    -0.37   19.84
 -95603.763   123.034    -2.99   17.76
 -95314.471   119.889   -10.87   16.27
 -95025.181   114.080   -20.08   16.84
 -94735.891   106.889   -24.86   18.40
 -94446.602   102.249   -16.04   16.83
 -94157.314    97.749   -15.56   13.26
 -93868.027    95.982    -6.11   10.79
 -93578.741    97.352     4.74   12.26
 -93289.455   100.648    11.39   13.46
 -93000.170   105.232    15.85   14.42
 -92710.886   109.113    13.42   13.29
 -92421.603   110.132     3.52   13.85
 -92132.320   109.449    -2.36   14.78
 -91843.039   104.808   -16.04   17.05
 -91553.758   101.234   -12.35   16.47
 -91264.478    98.647    -8.94   14.08
 -90975.198    97.509    -3.93   11.86
 -90685.920    97.826     1.09   11.18
 -90396.642    99.565     6.01   12.05
 -90107.365   102.820    11.25   13.67
 -89818.089   107.955    17.75   13.80
 -89528.813   110.765     9.72   12.70
 -89239.538   116.545    19.98   12.83
 -88950.264   121.542    17.28   13.58
 -88660.991   125.631    14.13   13.48
 -88371.719   129.200    12.34   12.90
 -88082.447   130.924     5.96   11.77
 -87793.176   133.355     8.40    9.73
 -87503.906   133.591     0.82    9.35
 -87214.637   132.648    -3.26    9.47
 -86925.369   130.769    -6.50    9.98
 -86636.101   128.958    -6.26   10.25
 -86346.834   126.079    -9.95   10.63
 -86057.567   123.199    -9.96    9.58
 -85768.302   120.872    -8.04    8.74
 -85479.037   118.199    -9.24    8.92
 -85189.773   117.701    -1.72    8.91
 -84900.510   115.820    -6.50    9.45
 -84611.248   114.182    -5.66   10.26
 -84321.986   113.725    -1.58   10.42
 -84032.725   111.165    -8.85   10.88
 -83743.465   110.058    -3.83   10.56
 -83454.205   108.251    -6.25   10.40
 -83164.946   106.358    -6.55   11.57
 -82875.688   103.301   -10.57   14.55
 -82586.431    98.215   -17.58   17.07
 -82297.175    93.476   -16.39   17.46
 -82007.919    84.216   -32.01   18.91
 -81718.664    77.832   -22.07   21.34
 -81429.410    72.165   -19.59   20.23
 -81140.156    68.849   -11.47   18.83
 -80850.903    66.843    -6.93   18.81
 -80561.651    66.515    -1.13   18.39
 -80272.400    65.562    -3.30   18.31
 -79983.149    66.267     2.44   18.72
 -79693.900    65.113    -3.99   18.18
 -79404.650    64.436    -2.34   17.42
 -79115.402    62.799    -5.66   16.85
 -78826.154    61.604    -4.13   16.06
 -78536.907    60.665    -3.24   15.23
 -78247.661    59.303    -4.71   14.83
 -77958.416    60.230     3.20   15.45
 -77669.171    59.349    -3.05   16.27
 -77379.927    58.657    -2.39   16.66
 -77090.684    60.079     4.92   17.85
 -76801.441    64.042    13.70   19.09
 -76512.199    69.982    20.53   18.23
 -76222.958    75.419    18.80   18.44
 -75933.718    80.477    17.48   19.73
 -75644.478    88.131    26.46   18.53
 -75355.239    95.219    24.50   16.86
 -75066.000    99.149    13.59   15.66
 -74776.763   102.631    12.04   13.03
 -74487.526   102.915     0.98   12.28
 -74198.290   104.510     5.51   11.60
 -73909.054   105.596     3.76   12.72
 -73619.820   107.303     5.90   13.81
 -73330.586   110.562    11.27   14.77
 -73041.352   110.132    -1.48   16.52
 -72752.120   109.665    -1.62   15.83
 -72462.888   107.843    -6.30   15.94
 -72173.656   104.407   -11.88   16.79
 -71884.426    98.717   -19.67   17.99
 -71595.196    91.343   -25.50   18.28
 -71305.967    83.699   -26.43   19.97
 -71016.738    74.765   -30.89   21.33
 -70727.511    64.849   -34.28   24.49
 -70438.284    53.751   -38.37   27.45
 -70149.057    41.979   -40.70   27.16
 -69859.831    30.758   -38.79   24.03
 -69570.606    19.849   -37.72   17.46
 -69281.382    11.424   -29.13   13.47
 -68992.159     6.182   -18.12   10.33
 -68702.936     5.183    -3.46    9.91
 -68413.713     6.732     5.36   11.46
 -68124.492     8.732     6.92   12.32
 -67835.271    12.786    14.02   11.99
 -67546.051    17.555    16.49    7.94
 -67256.831    20.487    10.14    4.00
 -66967.612    21.165     2.35    3.01
 -66678.394    20.928    -0.82    2.76
 -66389.176    20.982     0.19    3.24
 -66099.960    21.100     0.41    3.46
 -65810.743    21.344     0.84    3.66
 -65521.528    21.640     1.02    3.71
 -65232.313    20.820    -2.83    4.96
 -64943.099    20.805    -0.05    5.63
 -64653.885    21.411     2.10    6.53
 -64364.673    22.131     2.49    7.13
 -64075.460    23.572     4.98    7.65
 -63786.249    24.933     4.71    7.74
 -63497.038    26.197     4.37    6.82
 -63207.828    28.148     6.75    4.49
 -62918.618    28.032    -0.40    4.35
 -62629.410    26.993    -3.59    4.41
 -62340.201    25.920    -3.71    4.48
 -62050.994    24.725    -4.13    4.54
 -61761.787    23.303    -4.91    4.86
 -61472.581    22.116    -4.10    4.83
 -61183.375    21.499    -2.14    4.42
 -60894.170    21.451    -0.16    4.49
 -60604.966    21.234    -0.75    4.76
 -60315.719    21.269     0.12    4.75
 -60026.377    21.313     0.15    4.85
 -59737.036    22.200     3.07    4.78
 -59447.695    22.165    -0.12    4.51
 -59158.355    21.338    -2.86    4.27
 -58869.016    21.042    -1.02    4.00
 -58579.677    20.641    -1.39    3.48
 -58290.339    20.482    -0.55    3.53
 -58001.001    21.116     2.19    3.37
 -57711.664    21.586     1.63    3.76
 -57422.328    23.476     6.53    5.68
 -57132.992    25.965     8.60    7.81
 -56843.657    28.521     8.83    8.89
 -56554.323    31.582    10.58    9.28
 -56264.989    34.569    10.32    8.54
 -55975.656    37.269     9.33    6.98
 -55686.323    39.165     6.55    5.19
 -55396.992    41.234     7.15    2.91
 -55107.660    41.788     1.91    3.07
 -54818.330    42.320     1.84    2.99
 -54529.000    42.894     1.98    2.75
 -54239.670    42.790    -0.36    2.85
 -53950.342    42.911     0.42    2.77
 -53661.013    43.149     0.82    2.84
 -53371.686    42.792    -1.23    3.05
 -53082.359    42.504    -1.00    3.05
 -52793.033    41.286    -4.21    4.82
 -52503.707    40.907    -1.31    5.73
 -52214.382    39.365    -5.33    6.96
 -51925.058    37.267    -7.25    8.36
 -51635.734    35.891    -4.76    8.36
 -51346.411    35.415    -1.64    7.58
 -51057.088    34.615    -2.77    6.75
 -50767.766    35.060     1.54    5.64
 -50478.445    34.821    -0.83    5.10
 -50189.124    35.449     2.17    4.79
 -49899.804    35.717     0.93    4.29
 -49610.484    36.453     2.55    3.69
 -49321.165    36.862     1.41    4.02
 -49031.847    37.165     1.05    3.91
 -48742.529    37.826     2.28    3.14
 -48453.212    38.115     1.00    3.27
 -48163.895    38.962     2.93    3.25
 -47874.579    39.951     3.42    3.22
 -47585.264    40.233     0.98    3.36
 -47295.949    40.993     2.63    3.03
 -47006.635    41.882     3.07    3.39
 -46717.321    42.815     3.23    3.25
 -46428.008    43.920     3.82    3.01
 -46138.696    44.165     0.85    3.37
 -45849.384    44.976     2.80    3.10
 -45560.072    45.032     0.19    3.42
 -45270.762    44.657    -1.30    4.84
 -44981.452    43.949    -2.45    7.37
 -44692.142    43.510    -1.52    8.44
 -44402.833    43.674     0.57    8.42
 -44113.525    44.682     3.48    8.67
 -43824.217    45.382     2.42    8.73
 -43534.910    46.504     3.88    8.42
 -43245.603    47.076     1.98    9.00
 -42956.297    47.682     2.10    8.76
 -42666.991    48.691     3.48    8.73
 -42377.686    49.907     4.20    9.60
 -42088.382    51.591     5.82   10.82
 -41799.078    52.527     3.23   11.61
 -41509.775    54.769     7.75   11.95
 -41220.472    55.751     3.40   12.65
 -40931.170    55.749    -0.01   13.13
 -40641.869    56.015     0.92   12.78
 -40352.568    55.079    -3.24   12.19
 -40063.267    55.049    -0.11   12.19
 -39773.967    54.362    -2.37   11.37
 -39484.668    55.958     5.52   11.85
 -39195.369    57.198     4.29   11.39
 -38906.071    57.691     1.70   12.04
 -38616.774    60.515     9.76   12.57
 -38327.476    62.058     5.33   13.63
 -38038.180    63.596     5.32   14.93
 -37748.884    65.249     5.71   16.35
 -37459.588    65.899     2.25   16.64
 -37170.294    69.181    11.35   18.33
 -36880.999    70.424     4.29   18.70
 -36591.705    73.682    11.26   20.05
 -36302.412    75.779     7.25   19.61
 -36013.119    78.378     8.98   19.81
 -35723.827    82.267    13.44   18.30
 -35434.536    83.860     5.51   16.80
 -35145.245    86.640     9.61   14.44
 -34855.954    89.958    11.47   12.43
 -34566.664    90.199     0.83   12.82
 -34277.375    92.613     8.35   11.53
 -33988.086    94.280     5.76   12.25
 -33698.797    94.432     0.53   12.95
 -33409.509    96.060     5.63   12.87
 -33120.222    96.911     2.94   12.93
 -32830.935    98.286     4.75   11.96
 -32541.649    98.149    -0.47   12.36
 -32252.363    97.335    -2.81   13.53
 -31963.078    96.114    -4.22   15.25
 -31673.793    95.045    -3.70   15.72
 -31384.509    93.844    -4.15   15.31
 -31095.225    90.419   -11.84   16.69
 -30805.942    87.233   -11.01   16.89
 -30516.659    85.165    -7.15   18.06
 -30227.377    83.355    -6.26   17.78
 -29938.096    78.969   -15.16   16.79
 -29648.814    78.232    -2.55   15.19
 -29359.534    76.407    -6.31   13.60
 -29070.254    77.365     3.31   14.79
 -28780.974    78.734     4.73   14.80
 -28491.695    81.355     9.06   14.44
 -28202.417    84.131     9.60   14.99
 -27913.139    89.786    19.55   13.46
 -27623.861    95.362    19.28   12.51
 -27334.584    99.613    14.70   11.62
 -27045.308   104.286    16.15   10.10
 -26756.032   107.270    10.32    9.01
 -26466.756   109.320     7.09    9.46
 -26177.481   109.343     0.08   12.40
 -25888.206   108.894    -1.55   14.99
 -25598.932   109.250     1.23   17.54
 -25309.659   108.007    -4.30   19.57
 -25020.386   108.786     2.69   19.10
 -24731.113   110.165     4.77   17.45
 -24441.841   112.928     9.55   12.80
 -24152.570   115.477     8.81   12.06
 -23863.299   116.379     3.12   11.31
 -23574.028   117.320     3.25   11.22
 -23284.758   120.007     9.29    9.43
 -22995.488   119.988    -0.07    8.82
 -22706.219   118.432    -5.38   11.15
 -22416.951   116.510    -6.64   12.67
 -22127.683   109.725   -23.46   16.61
 -21838.415   104.077   -19.52   17.32
 -21549.148    99.116   -17.15   17.22
 -21259.881    93.565   -19.19   15.16
 -20970.615    91.332    -7.72   14.66
 -20681.349    88.415   -10.08   15.23
 -20392.084    85.958    -8.49   14.97
 -20102.819    86.555     2.06   15.48
 -19813.555    85.079    -5.10   15.19
 -19524.291    85.887     2.79   15.66
 -19235.027    84.032    -6.41   15.12
 -18945.764    82.393    -5.66   13.78
 -18656.502    81.741    -2.25   12.85
 -18367.240    79.234    -8.67   11.49
 -18077.978    77.549    -5.83   11.45
 -17788.717    75.521    -7.01   11.31
 -17499.457    75.284    -0.82   10.58
 -17210.196    76.096     2.81   11.39
 -16920.937    77.885     6.18   13.00
 -16631.678    80.870    10.32   16.28
 -16342.419    84.782    13.52   18.71
 -16053.160    90.649    20.28   18.36
 -15763.903    97.877    24.99   15.39
 -15474.645   102.504    16.00   14.90
 -15185.388   106.382    13.40   13.87
 -14896.132   110.182    13.14   10.70
 -14606.876   109.887    -1.02   10.52
 -14317.620   109.251    -2.20   10.41
 -14028.365   108.734    -1.79   10.29
 -13739.110   107.907    -2.86   10.43
 -13449.856   105.045    -9.89   12.88
 -13160.602   103.018    -7.01   14.32
 -12871.349   102.251    -2.65   14.89
 -12582.096   100.865    -4.79   17.36
 -12292.843   100.540    -1.12   17.80
 -12003.591   100.030    -1.77   18.58
 -11714.339    96.617   -11.80   19.40
 -11425.088    93.849    -9.57   20.18
 -11135.837    88.755   -17.61   22.32
 -10846.587    82.972   -19.99   22.04
 -10557.337    75.493   -25.86   21.77
 -10268.088    69.979   -19.06   19.30
  -9978.839    66.382   -12.44   16.01
  -9689.590    63.582    -9.68   14.41
  -9400.342    62.234    -4.66   11.85
  -9111.094    61.911    -1.12   11.41
  -8821.847    63.849     6.70   12.92
  -8532.600    67.249    11.75   15.33
  -8243.353    71.247    13.82   16.50
  -7954.107    76.441    17.96   17.70
  -7664.862    82.199    19.91   14.31
  -7375.616    85.355    10.91   13.43
  -7086.371    87.199     6.37   12.60
  -6797.127    89.250     7.09   12.13
  -6507.883    91.482     7.72   12.62
  -6218.639    94.198     9.39   11.48
  -5929.396    98.376    14.44    9.49
  -5640.154   100.065     5.84    8.89
  -5350.911   102.476     8.33    8.04
  -5061.669   102.282    -0.67    9.16
  -4772.428   100.932    -4.67   10.07
  -4483.187    98.692    -7.75   10.43
  -4193.946    95.441   -11.24   13.67
  -3904.705    90.290   -17.81   18.60
  -3615.466    88.083    -7.63   19.10
  -3326.226    83.386   -16.24   21.29
  -3036.987    78.599   -16.55   22.52
  -2747.748    73.803   -16.58   25.11
  -2458.510    71.656    -7.42   26.43
  -2169.272    70.114    -5.33   26.03
  -1880.034    63.941   -21.34   24.74
  -1590.797    59.050   -16.91   24.67
  -1301.560    50.027   -31.20   27.58
  -1012.324    41.079   -30.94   28.92
   -723.088    33.320   -26.82   30.48
   -433.852    21.441   -41.07   30.15
   -144.617    13.968   -25.84   28.64
    144.618     6.682   -25.19   25.98
    433.852    -2.318   -31.12   18.76
    723.086    -7.662   -18.48   10.22
   1012.320   -10.007    -8.11    0.50
   1301.553    -9.968     0.14    0.50
   1590.786    -9.901     0.23    0.61
   1880.021    -9.851     0.17    0.77
   2169.337    -9.960    -0.37    0.63
   2458.652    -9.955     0.01    0.65
   2747.967    -9.985    -0.10    0.68
   3037.281   -10.021    -0.13    0.60
   3326.595    -9.485     1.85    2.18
   3615.909    -8.871     2.12    2.70
   3905.222    -7.766     3.82    3.28
   4194.535    -6.680     3.75    3.62
   4483.848    -5.309     4.74    3.63
   4773.160    -4.001     4.52    3.39
   5062.472    -3.283     2.48    2.71
   5351.783    -2.614     2.31    2.36
   5641.095    -2.379     0.82    2.47
   5930.405    -1.936     1.53    2.54
   6219.716    -1.622     1.09    2.40
   6509.026    -1.598     0.08    2.47
   6798.336    -0.751     2.92    3.64
   7087.645     0.306     3.65    4.58
   7376.954     1.267     3.32    5.64
   7666.263     2.631     4.71    6.53
   7955.571     3.691     3.66    7.10
   8244.879     5.165     5.10    7.64
   8534.187     7.183     6.97    8.01
   8823.494     8.299     3.86    8.26
   9112.801     9.920     5.60    7.93
   9402.108    11.149     4.25    7.59
   9691.414    12.499     4.66    6.96
   9980.720    13.115     2.13    6.17
  10270.025    13.165     0.17    5.87
  10559.330    13.254     0.31    5.64
  10848.635    12.665    -2.04    5.74
  11137.940    13.047     1.32    6.04
  11427.244    13.264     0.75    6.13
  11716.548    13.894     2.18    6.25
  12005.851    14.594     2.42    6.61
  12295.155    15.632     3.59    7.06
  12584.458    17.079     5.00    6.87
  12873.760    18.649     5.43    6.17
  13163.062    19.504     2.96    5.70
  13452.364    20.872     4.73    4.71
  13741.666    22.079     4.17    4.59
  14030.967    23.700     5.60    4.68
  14320.268    24.542     2.91    4.46
  14609.569    24.941     1.38    4.71
  14898.869    26.047     3.82    4.52
  15188.169    26.665     2.14    4.38
  15477.468    26.639    -0.09    4.32
  15766.768    27.472     2.88    3.88
  16056.067    28.165     2.40    3.56
  16345.365    28.432     0.92    4.10
  16634.664    28.754     1.12    3.93
  16923.962    29.217     1.60    4.23
  17213.260    29.149    -0.24    4.17
  17502.557    29.562     1.43    3.82
  17791.854    29.591     0.10    3.64
  18081.151    29.769     0.61    3.54
  18370.448    29.769     0.00    3.68
  18659.744    29.990     0.76    3.91
  18949.040    31.315     4.58    4.19
  19238.335    32.115     2.77    4.26
  19527.631    32.993     3.03    4.39
  19816.926    34.131     3.94    4.58
  20106.220    34.772     2.22    4.67
  20395.515    35.419     2.24    4.92
  20684.809    36.932     5.23    6.26
  20974.103    38.080     3.97    7.45
  21263.396    40.034     6.75    8.11
  21552.689    40.576     1.87    8.45
  21841.982    42.928     8.13    9.40
  22131.275    43.493     1.95    9.90
  22420.567    43.882     1.34   10.10
  22709.860    45.001     3.87   10.48
  22999.151    45.411     1.42   10.74
  23288.443    46.915     5.20   11.07
  23577.734    48.254     4.63   11.57
  23867.025    49.278     3.54   11.54
  24156.316    51.369     7.23   11.19
  24445.606    51.877     1.76   11.82
  24734.896    53.579     5.88   11.23
  25024.186    54.976     4.83   10.70
  25313.476    56.415     4.98   10.13
  25602.765    59.301     9.97    7.20
  25892.054    60.231     3.21    6.63
  26181.343    61.030     2.76    5.44
  26470.631    62.254     4.23    2.41
  26759.919    61.606    -2.24    2.64
  27049.207    61.441    -0.57    2.55
  27338.495    61.690     0.86    2.81
  27627.782    62.234     1.88    3.37
  27917.070    63.860     5.62    5.04
  28206.356    66.286     8.39    7.27
  28495.643    70.937    16.08   11.11
  28784.929    75.615    16.17   12.06
  29074.216    77.962     8.11   12.14
  29363.501    77.699    -0.91   14.54
  29652.787    76.251    -5.00   16.59
  29942.072    73.737    -8.69   18.46
  30231.357    70.624   -10.76   17.07
  30520.642    67.928    -9.32   14.91
  30809.927    66.165    -6.09   12.96
  31099.211    66.441     0.95   12.83
  31388.495    68.613     7.51   13.77
  31677.779    70.734     7.33   15.89
  31967.063    74.700    13.71   17.06
  32256.346    77.526     9.77   17.55
  32545.629    80.993    11.98   17.77
  32834.912    85.355    15.08   16.18
  33124.194    87.397     7.06   15.37
  33413.477    89.775     8.22   14.59
  33702.759    89.739    -0.13   15.69
  33992.041    91.355     5.59   14.21
  34281.322    91.352    -0.01   13.91
  34570.604    92.499     3.96   13.71
  34859.885    92.872     1.29   13.45
  35149.166    95.402     8.75   12.84
  35438.447    97.691     7.91   11.64
  35727.727    99.020     4.60   10.33
  36017.008   100.540     5.25    9.94
  36306.288   100.775     0.81   10.53
  36595.567   102.079     4.51   10.61
  36884.847   101.346    -2.54   11.82
  37174.126   100.299    -3.62   14.85
  37463.405    98.355    -6.72   15.83
  37752.684    98.674     1.10   15.81
  38041.963    98.272    -1.39   15.04
  38331.242    97.936    -1.16   14.47
  38620.520    97.465    -1.63   12.94
  38909.798    95.674    -6.19   11.55
  39199.076    94.640    -3.57    9.47
  39488.353    93.254    -4.79    9.58
  39777.631    92.962    -1.01    9.60
  40066.908    90.803    -7.46   10.31
  40356.185    89.549    -4.34   10.05
  40645.462    88.815    -2.54   10.46
  40934.738    88.393    -1.46   11.25
  41224.015    88.579     0.64   11.66
  41513.291    88.045    -1.85   11.75
  41802.567    88.599     1.92   11.55
  42091.842    88.504    -0.33   11.71
  42381.118    90.470     6.80   10.96
  42670.393    90.407    -0.22   12.46
  42959.668    91.569     4.02   13.73
  43248.943    92.165     2.06   14.93
  43538.218    93.265     3.80   16.28
  43827.493    93.411     0.50   16.20
  44116.767    92.165    -4.31   15.95
  44406.041    89.820    -8.11   16.06
  44695.315    88.132    -5.84   16.18
  44984.589    83.131   -17.29   17.64
  45273.863    78.100   -17.39   16.85
  45563.136    73.924   -14.44   15.30
  45852.409    72.458    -5.07   13.62
  46141.682    72.062    -1.37   13.42
  46430.955    73.200     3.93   13.79
  46720.228    76.985    13.09   15.02
  47009.500    83.010    20.83   13.90
  47298.773    88.299    18.28   12.09
  47588.045    91.237    10.16   12.59
  47877.317    94.265    10.47   11.90
  48166.589    96.536     7.85   11.09
  48455.860    97.691     3.99   11.44
  48745.132    95.725    -6.80   13.29
  49034.403    93.218    -8.67   14.15
  49323.674    89.976   -11.21   13.69
  49612.945    85.487   -15.52   14.70
  49902.216    83.065    -8.37   14.57
  50191.486    81.504    -5.40   14.61
  50480.757    79.872    -5.64   15.53
  50770.027    80.399     1.82   15.11
  51059.297    79.323    -3.72   15.01
  51348.567    77.865    -5.04   15.26
  51637.837    75.131    -9.45   15.37
  51927.107    71.200   -13.59   16.74
  52216.376    67.674   -12.19   15.71
  52505.645    65.579    -7.24   15.17
  52794.915    64.815    -2.64   15.19
  53084.184    65.082     0.92   17.31
  53373.452    65.065    -0.06   18.35
  53662.721    66.332     4.38   18.76
  53951.990    67.095     2.64   18.13
  54241.258    67.149     0.18   17.63
  54530.526    69.562     8.34   19.31
  54819.794    69.299    -0.91   18.59
  55109.062    70.131     2.88   17.24
  55398.330    71.344     4.19   16.08
  55687.598    72.200     2.96   14.96
  55976.865    70.879    -4.56   15.17
  56266.133    65.903   -17.20   16.93
  56555.400    61.691   -14.56   17.45
  56844.667    57.449   -14.66   18.25
  57133.934    50.545   -23.87   15.90
  57423.201    46.814   -12.90   14.24
  57712.468    42.657   -14.37   12.69
  58001.734    40.606    -7.09   10.46
  58291.001    40.036    -1.97    8.42
  58580.267    41.372     4.62   10.17
  58869.533    43.648     7.87   11.89
  59158.799    46.148     8.64   12.99
  59448.065    49.751    12.46   13.68
  59737.331    53.411    12.65   12.34
  60026.597    56.872    11.96   10.19
  60315.862    60.079    11.09    8.70
  60605.128    61.872     6.20   10.12
  60894.393    65.047    10.97   11.85
  61183.658    67.532     8.59   12.42
  61472.923    71.079    12.26   13.42
  61762.188    75.649    15.80   11.65
  62051.453    77.719     7.16   10.70
  62340.718    78.303     2.02   10.19
  62629.982    79.165     2.98    9.73
  62919.247    79.691     1.82   10.05
  63208.511    79.915     0.78   10.09
  63497.775    79.540    -1.30    9.65
  63787.040    80.855     4.54    9.68
  64076.304    80.493    -1.25    9.37
  64365.584    79.682    -2.80    8.90
  64654.869    77.515    -7.49    9.20
  64944.154    75.389    -7.35   10.72
  65233.440    73.386    -6.93   12.16
  65522.725    73.937     1.91   12.12
  65812.010    74.465     1.83   13.79
  66101.294    77.782    11.47   16.21
  66390.579    82.613    16.70   16.46
  66679.864    86.749    14.29   14.82
  66969.148    88.849     7.26   13.77
  67258.433    87.894    -3.30   15.70
  67547.717    86.269    -5.62   16.59
  67837.002    83.741    -8.74   15.19
  68126.286    79.315   -15.30   12.96
  68415.570    77.323    -6.89   10.31
  68704.854    78.449     3.89   10.78
  68994.138    81.631    11.00   13.47
  69283.422    86.313    16.18   13.64
  69572.705    90.415    14.18   12.93
  69861.989    93.355    10.16   12.18
  70151.273    95.441     7.21    9.65
  70440.556    95.451     0.03    8.30
  70729.840    92.460   -10.34   10.62
  71019.123    90.182    -7.88   11.75
  71308.406    90.265     0.29   11.95
  71597.690    91.010     2.57   13.08
  71886.973    92.665     5.72   14.23
  72176.256    94.565     6.57   14.52
  72465.539    96.269     5.89   13.30
  72754.822    96.282     0.05   12.38
  73044.105    93.815    -8.53   14.23
  73333.388    87.941   -20.31   15.18
  73622.670    84.251   -12.75   14.29
  73911.953    82.131    -7.33   12.72
  74201.236    82.936     2.78   12.89
  74490.518    85.682     9.50   13.74
  74779.801    89.691    13.86   15.17
  75069.083    94.613    17.02   13.98
  75358.366    99.504    16.91   11.09
  75647.648   100.439     3.23   10.24
  75936.930   100.182    -0.89   10.44
  76226.212    98.549    -5.65   10.78
  76515.495    95.411   -10.85   12.22
  76804.777    91.665   -12.95   12.15
  77094.059    89.538    -7.35   10.47
  77383.341    90.064     1.82   11.27
  77672.623    92.315     7.78   13.05
  77961.905    96.751    15.34   14.16
  78251.187   102.027    18.24   12.98
  78540.468   104.441     8.34   11.24
  78829.750   104.399    -0.15   11.29
  79119.032   101.725    -9.24   13.33
  79408.314    97.131   -15.88   15.28
  79697.595    91.487   -19.51   14.57
  79986.877    88.165   -11.48   13.02
  80276.159    87.284    -3.05   12.73
  80565.440    86.865    -1.45   13.18
  80854.722    87.623     2.62   13.86
  81144.003    86.882    -2.56   14.57
  81433.285    86.754    -0.44   13.88
  81722.566    87.674     3.18   12.79
  82011.848    87.510    -0.57   12.57
  82301.129    88.589     3.73   12.76
  82590.410    90.149     5.39   13.45
  82879.692    92.113     6.79   13.36
  83168.973    94.515     8.31   14.09
  83458.254   100.129    19.41   14.03
  83747.536   103.520    11.72   14.18
  84036.817   106.849    11.51   13.59
  84326.098   108.132     4.44   12.66
  84615.379   110.389     7.80   11.86
  84904.661   110.481     0.32   12.48
  85193.942   108.369    -7.30   13.48
  85483.223   104.741   -12.54   13.85
  85772.504    99.395   -18.48   13.88
  86061.785    94.216   -17.90   14.75
  86351.066    90.415   -13.14   15.57
  86640.348    85.453   -17.15   14.37
  86929.629    80.803   -16.08   10.70
  87218.910    78.870    -6.68    7.52
  87508.191    80.010     3.94    8.48
  87797.472    83.976    13.71   11.55
  88086.753    87.045    10.61   12.26
  88376.034    90.769    12.87   13.94
  88665.315    92.526     6.07   13.10
  88954.597    94.436     6.60   12.24
  89243.878    96.725     7.91   11.47
  89533.159    98.062     4.62   10.59
  89822.440   100.838     9.60   10.75
  90111.721   102.198     4.70   11.02
  90401.002   104.015     6.28   12.05
  90690.283   103.083    -3.22   13.08
  90979.565    99.902   -11.00   13.44
  91268.846    99.855    -0.16   13.57
  91558.127   100.487     2.19   13.52
  91847.408    99.769    -2.48   12.66
  92136.689    99.329    -1.52   12.32
  92425.971    98.665    -2.30   12.00
  92715.252    97.820    -2.92   12.88
  93004.533    94.558   -11.28   14.47
  93293.814    89.843   -16.30   13.86
  93583.096    87.182    -9.20   11.61
  93872.377    87.924     2.57   12.00
  94161.658    89.657     5.99   13.27
  94450.940    92.612    10.21   13.54
  94740.221    95.182     8.89   12.30
  95029.503    95.999     2.82   11.22
  95318.784    95.549    -1.56   11.06
  95608.066    93.837    -5.92    9.92
  95897.347    92.237    -5.53    8.09
  96186.629    90.640    -5.52    9.42
  96475.910    89.131    -5.22    9.94
  96765.192    89.641     1.76    9.45
  97054.474    92.382     9.48    9.89
  97343.755    93.769     4.79   10.04
  97633.037    96.030     7.82   11.95
  97922.319    98.219     7.57   12.41
  98211.601    99.050     2.87   11.07
  98500.883    98.809    -0.83   10.58
  98790.165    97.114    -5.86   11.18
  99079.447    93.751   -11.63   11.26
  99368.729    90.972    -9.61    8.10
  99658.011    89.945    -3.55    7.60
  99947.293    89.993     0.17    7.89
 100236.575    91.665     5.78    9.05
 100525.857    92.165     1.73    8.86
 100815.140    91.647    -1.79    8.70
 101104.422    89.775    -6.47    8.91
 101393.704    89.165    -2.11    8.90
 101682.987    88.182    -3.40    9.17
 101972.269    86.717    -5.06    8.69
 102261.552    86.465    -0.87    8.52
 102550.835    87.045     2.00    8.40
 102840.117    87.411     1.27    6.76
 103129.400    85.999    -4.88    6.53
 103418.683    85.615    -1.33    4.71
 103707.966    86.444     2.86    4.73
 103997.249    87.358     3.16    5.77
 104286.532    88.744     4.79    6.34
 104575.815    90.065     4.57    6.56
 104865.098    90.855     2.73    6.87
 105154.381    92.449     5.51    6.48
 105443.665    93.889     4.98    6.33
 105732.948    94.907     3.52    5.95
 106022.231    95.286     1.31    6.18
 106311.515    95.941     2.26    5.83
 106600.799    95.887    -0.19    6.01
 106890.082    95.838    -0.17    5.70
 107179.366    96.640     2.77    6.19
 107468.650    97.254     2.12    6.53
 107757.934    98.284     3.56    6.57
 108047.218    99.762     5.11    6.23
 108336.502   100.555     2.74    6.05
 108625.786   100.165    -1.35    6.07
 108915.071   100.849     2.37    5.64
 109204.355   101.234     1.33    5.79
 109493.639   101.606     1.28    5.67
 109782.924   100.549    -3.66    6.51
 110072.209    98.843    -5.90    7.17
 110361.493    98.183    -2.28    7.48
 110650.778    98.865     2.36    7.54
 110940.063    99.762     3.10    7.75
 111229.348   100.575     2.81    7.77
 111518.633   100.249    -1.13    7.95
 111807.919   100.027    -0.76    8.01
 112097.204   101.369     4.64    7.15
 112386.489   103.183     6.27    7.83
 112675.775   103.732     1.90    8.54
 112965.061   104.265     1.84    8.50
 113254.347   105.015     2.59    8.36
 113543.632   105.419     1.40    8.30
 113832.918   105.990     1.97    8.00
 114122.205   104.632    -4.69    8.27
 114411.491   102.148    -8.59    8.01
 114700.777   100.758    -4.80    6.83
 114990.064    99.555    -4.16    7.24
 115279.350    97.569    -6.87    7.46
 115568.637    95.251    -8.01    7.90
 115857.924    93.527    -5.96    6.75
 116147.211    92.649    -3.04    6.50
 116436.498    91.843    -2.78    6.12
 116725.785    91.132    -2.46    5.43
 117015.072    89.958    -4.06    5.63
 117304.360    89.849    -0.38    6.30
 117593.647    89.465    -1.33    6.31
 117882.935    90.665     4.15    7.11
 118172.223    90.456    -0.72    6.96
 118461.511    90.218    -0.82    7.54
 118750.799    90.320     0.35    7.88
 119040.087    90.860     1.87    7.22
 119329.375    90.907     0.16    7.20
 119618.664    90.362    -1.88    6.99
 119907.952    89.320    -3.60    6.35
 120197.241    88.751    -1.97    6.63
 120486.530    88.217    -1.85    7.12
 120775.819    87.284    -3.23    7.25
 121065.108    87.815     1.84    7.29
 121354.397    87.251    -1.95    7.81
 121643.687    86.915    -1.16    8.72
 121932.976    86.719    -0.68    8.92
 122222.266    85.958    -2.63    9.43
 122511.556    86.849     3.08    9.15
 122800.846    87.315     1.61    8.81
 123090.136    87.755     1.52    9.25
 123379.427    88.022     0.92    8.90
 123668.717    86.407    -5.59    9.52
 123958.008    85.200    -4.17   10.35
 124247.299    85.365     0.57   10.93
 124536.590    85.378     0.05   10.96
 124825.881    85.527     0.51   10.97
 125115.172    84.882    -2.23   11.03
 125404.464    85.376     1.71   10.97
 125693.755    85.299    -0.27   10.12
 125983.047    83.419    -6.50   10.07
 126272.339    81.803    -5.59    9.72
 126561.614    80.996    -2.79    9.69
 126850.871    80.332    -2.29   10.22
 127140.127    80.282    -0.17   10.27
 127429.384    79.820    -1.60   10.45
 127718.641    79.915     0.33   10.68
 128007.899    80.999     3.75   10.48
 128297.156    82.148     3.97   11.26
 128586.414    83.199     3.63   11.82
 128875.672    83.303     0.36   12.15
 129164.930    82.526    -2.69   11.73
 129454.188    80.965    -5.40   10.61
 129743.446    80.355    -2.11   10.05
 130032.705    79.907    -1.55    9.53
 130321.963    80.558     2.25    9.28
 130611.222    79.415    -3.95    9.33
 130900.481    77.538    -6.49    8.74
 131189.740    75.532    -6.94    7.61
 131479.000    74.424    -3.83    6.10
 131768.259    73.647    -2.68    5.16
 132057.519    73.765     0.41    4.38
 132346.779    74.131     1.26    5.41
 132636.039    74.432     1.04    6.26
 132925.300    74.549     0.40    7.37
 133214.560    75.338     2.73    8.54
 133503.821    75.907     1.97    9.71
 133793.082    76.958     3.64   10.50
 134082.343    76.313    -2.23   10.86
 134371.605    75.545    -2.66   11.47
 134660.866    75.010    -1.85   12.06
 134950.128    73.941    -3.70   11.23
 135239.390    72.376    -5.41   10.27
 135528.652    70.526    -6.40    9.96
 135817.915    69.267    -4.35    9.65
 136107.177    68.282    -3.41    8.10
 136396.440    68.042    -0.83    6.82
 136685.703    69.631     5.49    8.16
 136974.966    71.532     6.57    9.24
 137264.230    71.640     0.37    9.33
 137553.493    71.632    -0.03    9.55
 137842.757    72.076     1.54    9.68
 138132.021    69.820    -7.80   10.17
 138421.286    67.941    -6.50    9.53
 138710.550    65.809    -7.37    7.82
 138999.815    64.826    -3.40    6.75
 139289.080    63.993    -2.88    5.56
 139578.345    63.301    -2.39    4.07
 139867.611    64.446     3.96    4.07
 140156.876    65.882     4.96    4.35
 140446.142    67.699     6.28    4.52
 140735.408    68.386     2.38    4.84
 141024.675    69.615     4.25    5.62
 141313.941    70.341     2.51    5.56
 141603.208    70.623     0.98    5.81
 141892.475    70.148    -1.64    5.09
 142181.742    70.657     1.76    5.71
 142471.010    71.282     2.16    6.14
 142760.277    71.727     1.54    6.55
 143049.545    72.349     2.15    6.52
 143338.813    72.200    -0.51    6.86
 143628.082    72.391     0.66    7.04
 143917.351    72.449     0.20    7.01
 144206.620    71.894    -1.92    6.75
 144495.889    69.907    -6.87    5.82
 144785.158    68.937    -3.35    5.41
 145074.428    69.097     0.55    5.32
 145363.698    68.894    -0.70    5.05
 145652.968    67.821    -3.71    4.13
 145942.238    67.882     0.21    3.86
 146231.509    67.594    -1.00    4.03
 146520.780    65.962    -5.64    5.81
 146810.051    65.217    -2.58    6.46
 147099.322    65.132    -0.29    6.81
 147388.594    64.872    -0.90    6.60
 147677.866    64.682    -0.66    6.58
 147967.138    64.786     0.36    6.12
 148256.411    66.200     4.89    5.29
 148545.683    66.805     2.09    4.68
 148834.956    65.613    -4.12    4.85
 149124.230    65.572    -0.14    4.96
 149413.503    65.665     0.32    4.84
 149702.777    65.441    -0.77    4.99
 149992.051    65.575     0.46    4.53
 150281.325    65.599     0.08    4.60
 150570.600    66.165     1.96    4.25
 150859.875    66.393     0.79    3.81
 151149.150    66.907     1.77    4.31
 151438.425    67.382     1.64    4.08
 151727.701    67.493     0.38    4.00
 152016.977    67.432    -0.21    4.24
 152306.253    67.234    -0.68    3.93
 152595.530    67.648     1.43    3.45
 152884.806    67.665     0.06    3.34
 153174.083    67.436    -0.79    2.94
 153463.361    67.432    -0.02    2.52
 153752.638    67.493     0.21    2.04
 154041.916    68.030     1.86    2.48
 154331.194    69.165     3.93    4.21
 154620.473    69.545     1.31    4.45
 154909.752    69.521    -0.08    4.65
 155199.031    69.115    -1.40    4.55
 155488.310    69.018    -0.34    4.29
 155777.590    68.701    -1.09    3.78
 156066.870    68.860     0.55    3.73
 156356.150    69.217     1.23    3.43
 156645.431    69.854     2.20    3.47
 156934.712    70.952     3.80    2.87
 157223.993    71.902     3.28    2.69
 157513.274    72.318     1.44    3.14
 157802.556    72.844     1.82    3.41
 158091.838    73.536     2.39    3.55
 158381.120    74.521     3.40    3.61
 158670.403    75.799     4.42    4.27
 158959.686    77.320     5.26    4.58
 159248.969    78.270     3.28    3.96
 159538.253    79.148     3.03    4.04
 159827.537    80.027     3.04    4.17
 160116.821    81.329     4.50    4.17
 160406.105    82.365     3.58    3.76
 160695.390    83.022     2.27    3.60
 160984.675    83.097     0.26    3.52
 161273.961    83.389     1.01    3.02
 161563.247    82.788    -2.08    2.83
 161852.533    82.700    -0.31    2.65
 162141.819    82.355    -1.19    2.04
 162431.106    82.562     0.72    1.72
 162720.393    82.639     0.27    1.76
 163009.680    82.665     0.09    1.82
 163298.968    82.674     0.03    1.86
 163588.256    82.641    -0.11    1.96
 163877.545    82.446    -0.67    2.15
 164166.833    82.165    -0.97    2.23
 164456.122    82.165     0.00    2.31
 164745.412    82.080    -0.29    2.43
 165034.701    81.482    -2.07    2.47
 165323.991    80.727    -2.61    3.41
 165613.282    80.062    -2.30    4.25
 165902.573    79.648    -1.43    4.40
 166191.864    78.458    -4.11    4.37
 166481.155    77.542    -3.17    4.13
 166770.447    76.958    -2.02    3.74
 167059.739    77.148     0.66    3.55
 167349.031    76.969    -0.62    2.99
 167638.324    77.199     0.80    2.86
 167927.617    76.762    -1.51    3.13
 168216.911    77.114     1.22    3.55
 168506.204    76.877    -0.82    4.33
 168795.499    76.562    -1.09    4.98
 169084.793    76.717     0.54    5.39
 169374.088    76.882     0.57    5.56
 169663.383    76.982     0.35    5.77
 169952.679    76.585    -1.37    5.71
 170241.975    76.147    -1.51    5.40
 170531.271    76.565     1.44    5.35
 170820.568    74.976    -5.49    5.42
 171109.865    73.575    -4.84    5.54
 171399.162    71.708    -6.46    5.74
 171688.460    69.803    -6.58    6.19
 171977.758    68.114    -5.84    5.94
 172267.056    67.290    -2.85    5.84
 172556.355    67.415     0.43    5.96
 172845.654    67.549     0.46    5.89
 173134.954    67.365    -0.63    5.80
 173424.254    68.284     3.18    5.64
 173713.554    69.379     3.79    4.99
 174002.855    70.640     4.36    3.59
 174292.156    71.217     1.99    2.70
 174581.457    71.149    -0.24    2.76
 174870.759    71.233     0.29    2.96
 175160.061    71.270     0.13    3.42
 175449.364    71.131    -0.48    3.24
 175738.667    71.493     1.25    3.42
 176027.970    71.399    -0.33    3.72
 176317.274    71.538     0.48    3.68
 176606.578    72.064     1.82    3.95
 176895.882    72.131     0.23    4.25
 177185.187    73.433     4.50    5.35
 177474.492    74.395     3.32    6.35
 177763.798    75.082     2.38    6.86
 178053.104    75.246     0.57    7.27
 178342.410    74.527    -2.48    7.26
 178631.717    73.424    -3.81    7.42
 178921.024    72.233    -4.12    7.37
 179210.332    70.251    -6.85    5.89
 179499.640    68.903    -4.66    5.39
 179788.948    68.613    -1.00    5.89
 180078.257    68.682     0.24    7.39
 180367.566    68.510    -0.60    7.69
 180656.876    67.648    -2.98    6.79
 180946.186    66.982    -2.30    6.15
 181235.496    66.355    -2.17    5.46
 181524.807    67.015     2.28    5.47
 181814.118    67.237     0.77    5.37
 182103.430    67.631     1.36    5.19
 182392.742    67.657     0.09    5.37
 182682.054    67.894     0.82    5.83
 182971.367    68.365     1.63    5.72
 183260.681    69.219     2.95    5.88
 183549.994    70.579     4.70    5.72
 183839.308    71.911     4.60    5.22
 184128.623    73.532     5.60    5.03
 184417.938    75.246     5.92    5.85
 184707.253    75.872     2.16    5.87
 184996.569    77.382     5.22    5.46
 185285.885    77.797     1.43    5.15
 185575.202    78.515     2.48    5.28
 185864.519    79.182     2.31    5.02
 186153.836    79.476     1.01    5.05
 186443.154    79.979     1.74    4.91
 186732.472    80.493     1.78    4.72
 187021.791    81.382     3.07    4.66
 187311.110    83.165     6.16    4.18
 187600.430    83.782     2.13    4.00
 187889.750    84.470     2.38    3.63
 188179.070    85.042     1.98    3.24
 188468.391    85.284     0.83    2.84
 188757.695    85.838     1.91    2.14
 189046.925    85.932     0.33    1.97
 189336.155    86.064     0.46    1.74
 189625.386    86.165     0.35    1.55
 189914.618    86.286     0.42    1.63
 190203.850    86.344     0.20    1.83
 190493.082    86.165    -0.62    1.97
 190782.315    85.640    -1.82    2.73
 191071.548    85.215    -1.47    3.27
 191360.782    84.941    -0.95    3.41
 191650.016    84.112    -2.87    3.97
 191939.250    83.215    -3.10    4.67
 192228.485    82.096    -3.87    4.86
 192517.721    81.449    -2.24    4.80
 192806.957    81.458     0.03    4.78
 193096.193    81.889     1.49    4.66
 193385.430    82.165     0.95    4.31
 193674.667    82.062    -0.36    3.75
 193963.905    82.116     0.19    3.52
 194253.143    81.889    -0.78    3.56
 194542.382    80.596    -4.47    3.53
 194831.621    80.113    -1.67    3.58
 195120.861    80.665     1.91    4.64
 195410.101    81.690     3.54    5.00
 195699.341    82.148     1.58    5.46
 195988.582    82.082    -0.23    5.63
 196277.824    82.762     2.35    5.95
 196567.066    83.407     2.23    6.45
 196856.308    83.232    -0.60    6.57
 197145.551    82.419    -2.81    6.79
 197434.794    81.378    -3.60    7.11
 197724.038    80.933    -1.54    7.30
 198013.282    80.320    -2.12    6.91
 198302.527    79.415    -3.13    6.70
 198591.773    78.965    -1.56    6.32
 198881.018    77.349    -5.59    6.91
 199170.264    76.579    -2.66    6.92
 199459.511    75.615    -3.33    7.18
 199748.758    75.682     0.23    7.33
 200038.006    75.999     1.09    8.22
 200327.254    75.782    -0.75    9.13
 200616.503    76.682     3.11    9.58
 200905.752    78.732     7.09   10.24
 201195.002    79.700     3.35    9.91
 201484.252    80.402     2.43    9.94
 201773.503    81.062     2.28    9.54
 202062.754    81.911     2.94    8.74
 202352.005    83.182     4.39    7.16
 202641.257    84.397     4.20    5.69
 202930.510    85.114     2.48    5.04
 203219.763    86.562     5.00    4.53
 203509.017    87.427     2.99    4.46
 203798.271    88.115     2.38    4.06
 204087.526    87.945    -0.59    4.13
 204376.781    87.648    -1.03    3.98
 204666.036    87.341    -1.06    3.67
 204955.292    86.919    -1.46    3.26
 205244.549    87.199     0.97    2.70
 205533.806    87.068    -0.45    2.48
 205823.064    87.284     0.74    2.20
 206112.322    87.754     1.63    1.82
 206401.581    87.582    -0.60    1.77
 206690.840    87.562    -0.07    1.53
 206980.100    87.723     0.56    1.71
 207269.360    87.803     0.28    1.76
 207558.621    87.596    -0.72    1.81
 207847.882    87.751     0.54    1.91
 208137.144    87.700    -0.18    1.80
 208426.406    87.755     0.19    1.78
 208715.669    87.355    -1.38    2.08
 209004.932    86.415    -3.25    2.41
 209294.196    85.814    -2.08    2.36
 209583.461    85.579    -0.81    2.38
 209872.726    85.343    -0.82    2.35
 210161.991    85.299    -0.15    2.13
 210451.257    85.067    -0.80    2.22
 210740.524    85.165     0.34    2.32
 211029.791    85.665     1.73    2.30
 211319.059    85.928     0.91    2.17
 211608.327    86.419     1.70    2.39
 211897.595    86.449     0.10    2.37
 212186.865    87.079     2.18    2.54
 212476.134    87.996     3.17    2.67
 212765.405    88.481     1.68    2.67
 213054.676    88.915     1.50    2.41
 213343.947    89.608     2.39    2.49
 213633.219    90.096     1.69    2.77
 213922.491    90.674     2.00    2.79
 214211.764    91.095     1.46    2.80
 214501.038    91.335     0.83    2.83
 214790.312    91.499     0.57    3.05
 215079.587    91.432    -0.23    3.29
 215368.862    91.444     0.04    3.30
 215658.138    90.902    -1.87    3.30
 215947.414    90.487    -1.43    3.25
 216236.691    90.338    -0.52    2.93
 216525.969    89.903    -1.50    2.77
 216815.247    89.329    -1.98    2.72
 217104.525    88.562    -2.65    2.79
 217393.804    87.993    -1.97    2.99
 217683.084    87.272    -2.49    2.79
 217972.364    86.601    -2.32    2.34
 218261.645    86.148    -1.56    2.17
 218550.927    86.099    -0.17    2.41
 218840.209    86.303     0.71    2.45
 219129.491    86.253    -0.17    2.40
 219418.774    86.538     0.99    2.47
 219708.058    86.803     0.92    2.61
 219997.342    87.246     1.53    2.63
 220286.627    87.820     1.99    2.84
 220575.913    88.701     3.04    3.30
 220865.199    89.027     1.13    3.42
 221154.485    89.355     1.13    3.21
 221443.772    89.346    -0.03    3.18
 221733.060    90.062     2.48    2.62
 222022.348    90.045    -0.06    2.68
 222311.637    89.613    -1.49    2.45
 222600.927    89.631     0.06    2.51
 222890.217    89.932     1.04    2.86
 223179.507    90.199     0.92    2.79
 223468.799    90.982     2.71    2.52
 223758.090    91.237     0.88    2.43
 224047.383    91.855     2.14    2.27
 224336.676    92.215     1.25    2.30
 224625.969    92.640     1.47    2.16
 224915.264    92.623    -0.06    2.01
 225204.558    93.076     1.57    1.99
 225493.854    93.458     1.32    1.88
 225783.150    93.419    -0.13    1.83
 226072.446    93.216    -0.70    1.59
 226361.744    93.365     0.52    1.53
 226651.041    93.700     1.16    1.92
 226940.340    93.877     0.61    1.95
 227229.639    93.915     0.13    1.84
 227518.938    94.250     1.16    1.94
 227808.239    94.772     1.80    2.18
 228097.539    94.945     0.60    2.12
 228386.841    94.849    -0.33    2.27
 228676.143    94.613    -0.81    2.17
 228965.446    94.251    -1.25    2.54
 229254.749    93.741    -1.76    2.97
 229544.053    93.047    -2.40    2.59
 229833.357    91.985    -3.67    2.70
 230122.662    91.094    -3.08    2.77
 230411.968    89.982    -3.84    3.32
 230701.274    88.814    -4.04    3.74
 230990.581    87.956    -2.97    3.56
 231279.889    86.832    -3.88    3.47
 231569.197    86.097    -2.54    3.22
 231858.506    85.217    -3.04    3.32
 232147.815    84.719    -1.72    3.44
 232437.126    84.788     0.24    3.48
 232726.436    84.470    -1.10    3.20
 233015.748    84.772     1.04    3.33
 233305.060    84.775     0.01    3.38
 233594.372    84.415    -1.24    3.18
 233883.685    84.699     0.98    2.82
 234172.999    85.010     1.08    2.59
 234462.314    85.465     1.57    3.55
 234751.629    85.299    -0.58    4.43
 235040.945    84.993    -1.06    5.52
 235330.261    84.803    -0.66    5.88
 235619.578    84.631    -0.60    5.48
 235908.896    85.493     2.98    5.51
 236198.214    86.200     2.44    5.76
 236487.533    87.945     6.03    5.74
 236776.853    89.596     5.71    5.44
 237066.173    91.558     6.78    4.25
 237355.494    92.988     4.94    3.43
 237644.816    94.065     3.72    2.33
 237934.138    94.246     0.62    2.07
 238223.461    94.647     1.39    1.69
 238512.785    94.838     0.66    1.78
 238802.109    94.932     0.33    1.82
 239091.434    95.062     0.45    2.17
 239380.759    94.706    -1.23    2.60
 239670.085    94.200    -1.75    2.95
 239959.412    93.389    -2.80    3.32
 240248.740    92.849    -1.87    3.20
 240538.068    92.532    -1.10    2.88
 240827.397    92.699     0.58    2.76
 241116.726    92.907     0.72    2.82
 241406.056    93.555     2.24    2.73
 241695.387    93.951     1.37    2.61
 241984.719    94.148     0.68    2.71
 242274.051    94.460     1.08    2.51
 242563.384    94.436    -0.08    2.42
 242852.717    94.231    -0.71    2.57
 243142.052    93.683    -1.89    2.91
 243431.386    93.369    -1.09    2.78
 243720.722    93.338    -0.11    2.52
 244010.058    93.332    -0.02    2.53
 244299.395    93.085    -0.85    2.64
 244588.733    92.902    -0.63    2.62
 244878.071    93.915     3.50    2.21
 245167.410    94.558     2.22    2.25
 245456.749    94.891     1.15    2.08
 245746.090    95.148     0.89    2.06
 246035.431    95.775     2.17    2.13
 246324.772    96.510     2.54    1.89
 246614.115    96.527     0.06    1.89
 246903.458    96.482    -0.16    2.00
 247192.802    96.369    -0.39    2.19
 247482.146    96.280    -0.31    2.30
 247771.491    96.572     1.01    2.34
 248060.837    96.558    -0.05    2.15
 248350.184    96.809     0.87    2.22
 248639.531    96.907     0.34    2.24
 248928.879    97.116     0.72    2.04
 249218.228    97.510     1.36    1.80
 249507.577    97.545     0.12    1.79
 249796.927    97.700     0.54    1.91
 250086.278    97.446    -0.88    1.72
 250375.629    97.249    -0.68    1.80
 250664.981    97.182    -0.23    1.84
 250954.334    97.115    -0.23    1.95
 251243.545    97.027    -0.30    2.12
 251532.744    96.683    -1.19    2.17
 251821.944    96.444    -0.83    2.82
 252111.145    95.932    -1.77    3.11
 252400.346    95.549    -1.33    3.05
 252689.548    95.130    -1.45    2.99
 252978.751    95.182     0.18    3.09
 253267.954    95.269     0.30    3.20
 253557.159    95.269     0.00    3.43
 253846.364    95.755     1.68    3.22
 254135.569    95.631    -0.43    3.28
 254424.776    95.355    -0.95    3.73
 254713.983    95.487     0.46    3.81
 255003.191    95.499     0.04    3.76
 255292.399    95.214    -0.98    4.03
 255581.608    95.113    -0.35    4.46
 255870.818    95.233     0.41    4.41
 256160.029    95.095    -0.48    4.29
 256449.241    94.717    -1.31    4.21
 256738.453    94.843     0.44    3.73
 257027.666    95.674     2.87    3.40
 257316.879    95.601    -0.25    3.33
 257606.094    95.522    -0.27    3.04
 257895.309    95.047    -1.65    3.20
 258184.525    95.131     0.29    3.39
 258473.742    95.411     0.97    3.54
 258762.959    96.282     3.01    3.97
 259052.177    97.113     2.88    3.79
 259341.396    98.453     4.63    3.26
 259630.615    99.504     3.63    2.09
 259919.836    99.673     0.58    1.90
 260209.057    99.382    -1.01    2.26
 260498.279    99.215    -0.58    2.27
 260787.501    99.284     0.24    2.57
 261076.725    99.237    -0.16    2.66
 261365.949    99.047    -0.66    2.59
 261655.174    99.010    -0.13    2.82
 261944.399    99.365     1.23    2.79
 262233.626    99.691     1.13    2.41
 262522.853    99.656    -0.12    2.32
 262812.081    99.734     0.27    2.51
 263101.309    99.424    -1.07    2.55
 263390.539    99.765     1.18    2.58
 263679.769    99.894     0.45    2.50
 263969.000    99.741    -0.53    2.56
 264258.232    99.527    -0.74    2.73
 264547.464    98.762    -2.65    2.91
 264836.697    98.690    -0.25    2.88
 265125.931    98.749     0.20    2.95
 265415.166    98.665    -0.29    2.99
 265704.402    98.786     0.42    2.97
 265993.638    99.234     1.55    3.46
 266282.875    99.640     1.40    3.65
 266572.113   100.010     1.28    3.31
 266861.351    99.854    -0.54    3.40
 267150.591    99.803    -0.17    3.44
 267439.831    99.648    -0.54    3.35
 267729.072    99.303    -1.19    3.50
 268018.314    98.545    -2.62    4.07
 268307.556    98.299    -0.85    4.20
 268596.800    98.079    -0.76    4.35
 268886.044    98.332     0.87    4.39
 269175.289    98.254    -0.27    4.63
 269464.534    99.027     2.67    4.65
 269753.781    99.772     2.57    4.27
 270043.028   100.064     1.01    4.10
 270332.276   100.493     1.49    3.74
 270621.525   101.094     2.08    3.06
 270910.775   101.441     1.20    2.92
 271200.025   102.047     2.09    2.51
 271489.276   102.349     1.04    2.26
 271778.528   102.723     1.29    1.79
 272067.781   103.113     1.35    1.32
 272357.035   103.449     1.16    1.45
 272646.289   103.744     1.02    1.41
 272935.545   103.615    -0.45    1.60
 273224.801   103.758     0.50    1.86
 273514.058   103.493    -0.92    2.26
 273803.315   103.284    -0.72    2.21
 274092.574   103.349     0.22    2.19
 274381.833   103.382     0.12    2.16
 274671.093   103.665     0.98    2.23
 274960.354   103.482    -0.63    2.38
 275249.616   103.799     1.09    2.39
 275538.878   104.130     1.15    2.41
 275828.142   104.453     1.12    2.30
 276117.406   104.889     1.51    2.46
 276406.671   105.065     0.61    2.30
 276695.937   105.265     0.69    2.12
 276985.203   105.596     1.14    1.80
 277274.471   105.648     0.18    1.68
 277563.739   105.754     0.37    1.47
 277853.008   105.832     0.27    1.64
 278142.278   105.860     0.10    1.56
 278431.549   106.115     0.88    1.72
 278720.820   106.234     0.41    1.73
 279010.093   106.219    -0.05    1.82
 279299.366   105.865    -1.22    1.84
 279588.640   105.631    -0.81    1.92
 279877.915   105.315    -1.09    1.89
 280167.191   105.338     0.08    2.24
 280456.467   105.269    -0.24    2.36
 280745.745   105.286     0.06    2.38
 281035.023   105.062    -0.77    2.39
 281324.302   105.264     0.70    2.34
 281613.582   105.096    -0.58    2.37
 281902.863   104.993    -0.36    2.17
 282192.144   104.751    -0.83    2.44
 282481.427   104.889     0.48    2.46
 282770.710   105.181     1.01    2.34
 283059.994   105.301     0.41    2.47
 283349.279   105.233    -0.23    2.46
 283638.565   104.937    -1.02    2.20
 283927.852   105.027     0.31    2.01
 284217.139   105.232     0.71    1.84
 284506.428   105.453     0.77    1.78
 284795.717   105.673     0.76    1.87
 285085.007   105.754     0.28    1.87
 285374.298   105.803     0.17    1.83
 285663.590   105.558    -0.85    1.96
 285952.883   105.215    -1.19    2.24
 286242.176   104.632    -2.02    2.45
 286531.471   103.872    -2.63    3.06
 286820.766   102.732    -3.94    3.22
 287110.062   101.303    -4.94    2.89
 287399.359   100.402    -3.11    2.95
 287688.657    99.599    -2.78    2.39
 287977.956    99.349    -0.86    2.54
 288267.256    99.299    -0.17    2.89
 288556.556    99.217    -0.28    2.99
 288845.858    99.538     1.11    3.13
 289135.160   100.545     3.48    3.37
 289424.463   101.657     3.85    4.15
 289713.767   102.115     1.58    4.29
 290003.072   103.129     3.51    4.29
 290292.378   103.657     1.82    4.30
 290581.684   104.200     1.88    4.36
 290870.992   105.182     3.40    4.06
 291160.300   106.165     3.40    3.25
 291449.609   106.899     2.53    2.60
 291738.920   107.131     0.80    2.42
 292028.231   107.042    -0.31    2.28
 292317.543   106.335    -2.45    2.80
 292606.856   105.657    -2.34    2.95
 292896.169   105.214    -1.53    3.01
 293185.484   104.674    -1.87    2.74
 293474.799   104.772     0.34    2.80
 293764.116   105.082     1.07    3.41
 294053.433   105.976     3.09    3.57
 294342.751   106.591     2.13    3.27
 294632.070   107.148     1.92    2.42
 294921.390   107.424     0.95    2.13
 295210.711   107.286    -0.48    2.04
 295500.033   107.251    -0.12    1.97
 295789.356   106.999    -0.87    2.07
 296078.680   106.700    -1.03    2.05
 296368.004   106.515    -0.64    2.15
 296657.329   106.362    -0.53    2.55
 296946.656   106.372     0.04    2.50
 297235.983   106.526     0.53    2.56
 297525.311   106.582     0.19    2.42
 297814.640   106.837     0.88    2.24
 298103.970   107.042     0.71    1.98
 298393.301   107.096     0.19    1.71
 298682.633   106.911    -0.64    1.75
 298971.966   106.499    -1.43    1.78
 299261.299   106.149    -1.21    1.74
 299550.634   105.717    -1.49    1.70
 299839.969   105.165    -1.91    1.99
 300129.306   104.762    -1.39    2.07
 300418.643   104.332    -1.49    2.60
 300707.982   104.449     0.40    2.80
 300997.321   104.907     1.58    2.90
 301286.661   104.741    -0.57    2.99
 301576.002   104.751     0.03    3.08
 301865.344   104.632    -0.41    3.22
 302154.687   104.453    -0.62    3.36
 302444.031   103.949    -1.74    3.43
 302733.375   103.532    -1.44    3.58
 303022.721   103.306    -0.78    3.65
 303312.068   103.249    -0.20    3.68
 303601.415   103.234    -0.05    3.87
 303890.764   103.968     2.54    4.08
 304180.113   105.065     3.79    3.72
 304469.464   105.762     2.41    3.35
 304758.815   106.045     0.98    2.88
 305048.167   106.272     0.79    2.46
 305337.521   106.755     1.67    2.44
 305626.875   106.945     0.65    2.48
 305916.230   106.765    -0.62    2.39
 306205.586   106.872     0.37    2.32
 306494.943   107.254     1.32    2.07
 306784.301   107.315     0.21    2.01
 307073.660   107.510     0.67    1.93
 307363.020   107.582     0.25    2.04
 307652.381   107.855     0.94    2.05
 307941.742   108.148     1.01    1.92
 308231.105   108.458     1.07    2.08
 308520.469   108.545     0.30    2.06
 308809.834   109.001     1.58    2.07
 309099.199   109.131     0.45    1.92
 309388.566   109.096    -0.12    1.95
 309677.933   109.148     0.18    2.12
 309967.302   108.902    -0.85    2.17
 310256.671   108.673    -0.79    2.62
 310546.042   108.572    -0.35    2.76
 310835.413   108.432    -0.48    2.96
 311124.786   108.148    -0.98    3.00
 311414.159   108.527     1.31    3.16
 311703.533   108.632     0.36    2.66
 311992.909   108.741     0.38    2.33
 312282.285   109.065     1.12    1.95
 312571.662   109.344     0.96    1.90
 312861.041   109.838     1.71    2.13
 313150.420   110.060     0.77    2.80
 313439.667   109.979    -0.28    3.36
 313728.841   110.099     0.41    3.90
 314018.016   109.803    -1.02    4.69
 314307.192   109.399    -1.40    4.91
 314596.368   109.077    -1.11    5.08
 314885.546   108.386    -2.39    5.71
 315174.725   107.565    -2.84    6.25
 315463.905   107.352    -0.74    6.62
 315753.086   105.532    -6.29    7.90
 316042.267   105.042    -1.69    7.91
 316331.450   105.402     1.25    8.15
 316620.634   105.958     1.92    8.81
 316909.819   106.453     1.71    9.12
 317199.005   106.215    -0.82    9.53
 317488.191   106.200    -0.05    9.91
 317777.379   104.849    -4.67   10.56
 318066.568   101.885   -10.25   10.75
 318355.758   101.456    -1.48   10.60
 318644.948   101.832     1.30   10.64
 318934.140   102.894     3.67   10.39
 319223.333   105.200     7.97   10.56
 319512.527   108.007     9.71    9.84
 319801.721   110.589     8.93    7.89
 320090.917   112.962     8.21    5.43
 320380.114   113.633     2.32    5.05
 320669.312   114.315     2.36    4.22
 320958.511   112.951    -4.72    4.99
 321247.710   112.352    -2.07    5.14
 321536.911   111.717    -2.19    5.26
 321826.113   110.214    -5.20    6.86
 322115.316   109.217    -3.45    7.79
 322404.520   107.993    -4.23    7.85
 322693.725   107.131    -2.98    8.75
 322982.931   106.407    -2.50    9.21
 323272.138   106.493     0.30    9.23
 323561.346   106.915     1.46    9.31
 323850.555   109.240     8.04    9.37
