#  368.071  -3.206   5.361 ;Mean Elev.(m), Avg Gradient(m/km), RMS Gradient(m/km) - SRTM1     
#  350.099  -3.526   5.945 ;Mean Elev.(m), Avg Gradient(m/km), RMS Gradient(m/km) - ASTER GDEM
#  368.571  -3.659   5.410 ;Mean Elev.(m), Avg Gradient(m/km), RMS Gradient(m/km) - GMTED2010 
   1  23.782888   1.102041   363.165   363.180  7 54668.21028285 52.113
   2  23.781672   1.101897   363.313   363.235  7 54678.12592671 49.946
   4  23.785640   1.101974   363.389   363.368  7 54697.95721039 52.332
   8  23.776705   1.097746   363.619   363.626  6 54737.61979931 22.967
   9  23.774408   1.097968   363.479   363.470  6 54747.53544705 21.483
  10  23.775300   1.103091   363.858   363.850  5 54757.45109574 50.772
  11  23.774398   1.098109   364.813   364.748  6 54767.36674020 50.894
  12  23.775789   1.097440   364.973   364.859  6 54777.28238240 52.053
  13  23.778056   1.100708   365.904   365.828  7 54787.19802289 39.131
  14  23.779501   1.102545   365.565   365.542  6 54797.11366163 53.215
  15  23.781607   1.102358   364.652   364.575  7 54807.02929955 53.808
  16  23.784739   1.101644   364.697   364.737  7 54816.94493683 52.283
  17  23.784150   1.101952   364.887   364.848  6 54826.86058558 52.382
  18  23.780256   1.100480   364.340   364.340  7 54836.77622408 52.066
  19  23.776989   1.102926   364.409   364.354  5 54846.69187391 52.589
  20  23.772762   1.098628   364.554   364.557  6 54856.60752193 52.487
  21  23.772910   1.101694   364.718   364.645  5 54866.52317195 53.137
  22  23.772750   1.100876   364.998   364.926  5 54876.43882061 53.639
  23  23.772965   1.098686   364.514   364.579  6 54886.35446597 49.761
  24  23.772492   1.098382   364.720   364.672  6 54896.27010805 49.491
  25  23.771448   1.098452   364.421   364.388  6 54906.18574719 52.832
  26  23.771820   1.098742   364.146   364.113  6 54916.10138499 34.085
  27  23.775018   1.102460   364.402   364.329  5 54926.01702340 53.943
  28  23.777865   1.100663   364.409   364.375  7 54935.93265998 45.062
  29  23.782496   1.101227   365.192   365.146  7 54945.84829531 51.724
  30  23.787268   1.101905   365.131   365.061  6 54955.76392819 52.036
  31  23.784993   1.101830   364.766   364.725  7 54965.67957562 34.513
  32  23.782390   1.102275   365.172   365.126  6 54975.59522341 51.799
  33  23.780728   1.102099   364.556   364.520  7 54985.51087112 47.988
  35  23.780006   1.100487   363.685   363.623  7 55005.34216501 19.795
  36  23.779702   1.102696   363.894   363.820  6 55015.25780941 46.737
  37  23.778217   1.102341   363.339   363.325  5 55025.17345161 51.903
  38  23.777377   1.101646   363.223   363.156  5 55035.08909306 47.845
  39  23.778867   1.100709   363.242   363.202  7 55045.00473389 51.390
  40  23.784057   1.103777   363.233   363.180  6 55054.92037412 52.414
  41  23.786755   1.101754   362.955   362.914  7 55064.83601092 24.991
  42  23.784962   1.103415   363.371   363.341  6 55074.75165825 37.816
  43  23.778552   1.097764   363.434   363.415  6 55084.66730451 50.304
  44  23.775265   1.097740   363.738   363.679  6 55094.58295097 47.946
  45  23.774386   1.097972   363.999   364.007  6 55104.49859766 38.515
  46  23.776287   1.102221   364.017   363.931  5 55114.41424522 52.542
  47  23.777597   1.102748   364.438   364.431  5 55124.32988952 52.473
  48  23.778437   1.102472   364.367   364.390  5 55134.24553070 52.177
  49  23.778742   1.102141   364.571   364.567  5 55144.16116944 52.495
  50  23.778970   1.101545   365.057   364.996  5 55154.07680720 52.720
  51  23.780658   1.101921   365.838   365.823  7 55163.99244553 53.727
  52  23.783960   1.103130   365.274   365.233  7 55173.90808394 53.948
  54  23.783857   1.103740   365.413   365.396  6 55193.73937369 53.548
  55  23.778416   1.100953   365.606   365.628  7 55203.65502282 52.903
  56  23.775683   1.102057   365.202   365.260  5 55213.57067254 52.802
  57  23.774312   1.101216   365.018   364.967  5 55223.48632155 52.496
  58  23.773306   1.097960   364.730   364.732  6 55233.40196858 51.805
  59  23.775994   1.102323   364.866   364.899  5 55243.31761413 49.416
  60  23.773727   1.097525   364.984   364.967  6 55253.23325394 51.998
  61  23.772536   1.098255   365.668   365.660  6 55263.14889253 50.389
  62  23.773804   1.101054   365.351   365.368  5 55273.06453053 41.257
  63  23.776472   1.100690   365.865   365.783  7 55282.98016763 52.868
  64  23.779779   1.097736   366.289   366.285  6 55292.89580298 49.930
  65  23.785236   1.102650   365.845   365.833  7 55302.81143993 53.705
  66  23.783778   1.103797   365.213   365.168  6 55312.72708733 39.053
  67  23.779574   1.097668   365.281   365.266  6 55322.64273101 51.776
  68  23.779808   1.102534   365.473   365.446  6 55332.55837632 53.677
  69  23.777407   1.097439   364.789   364.804  6 55342.47401933 50.500
  70  23.778086   1.097572   364.567   364.582  6 55352.38966342 52.433
  71  23.781015   1.102625   364.577   364.510  6 55362.30530642 53.196
  72  23.781373   1.101992   364.413   364.263  7 55372.22094584 51.630
  74  23.783375   1.101947   363.803   363.753  7 55392.05222097 52.354
  75  23.787035   1.103295   363.787   363.741  6 55401.96785717 52.370
  76  23.785601   1.101312   363.747   363.639  7 55411.88350668 52.276
  77  23.784104   1.101955   363.208   363.146  7 55421.79915588 34.738
  78  23.781908   1.102541   363.247   363.180  7 55431.71480243 49.347
  79  23.778356   1.101267   363.365   363.364  5 55441.63044666 51.177
  80  23.776545   1.100700   363.811   363.746  7 55451.54608994 31.760
  81  23.777267   1.100611   363.653   363.600  7 55461.46173291 50.994
  82  23.778299   1.097271   363.634   363.658  6 55471.37737385 40.264
  83  23.782553   1.102880   363.567   363.486  7 55481.29301392 52.792
  84  23.784136   1.102916   364.363   364.319  7 55491.20865006 52.576
  85  23.785332   1.101558   364.865   364.884  6 55501.12428368 50.421
  86  23.784175   1.101166   364.413   364.282  7 55511.03992666 51.569
  87  23.782171   1.101568   364.580   364.523  7 55520.95557605 52.267
  88  23.781092   1.102110   364.386   364.331  7 55530.87122444 40.744
  89  23.780267   1.102461   364.154   364.165  6 55540.78687134 51.806
  90  23.779204   1.102277   364.722   364.686  6 55550.70251617 53.241
  91  23.777227   1.100929   364.848   364.755  7 55560.61815934 53.134
  92  23.777397   1.101801   364.671   364.577  5 55570.53380249 51.062
  93  23.778679   1.102001   364.389   364.313  5 55580.44944459 52.621
  95  23.784001   1.103085   364.267   364.277  7 55600.28072002 30.018
  96  23.785490   1.101571   364.200   364.209  6 55610.19635299 51.121
  97  23.787520   1.102091   363.566   363.481  5 55620.11198479 27.553
  98  23.784373   1.102617   364.150   364.120  7 55630.02763519 52.686
  99  23.782632   1.101672   363.927   363.831  7 55639.94328524 52.402
 100  23.782424   1.101683   364.312   364.258  7 55649.85893321 50.364
 101  23.782063   1.102453   364.072   364.031  7 55659.77457805 52.691
 102  23.780840   1.102142   363.962   363.977  6 55669.69021920 52.370
 103  23.778990   1.097629   363.971   363.992  6 55679.60585763 50.877
 104  23.782677   1.102986   364.157   364.143  7 55689.52149682 53.284
 105  23.785024   1.101639   363.933   363.861  7 55699.43713298 52.641
 106  23.786962   1.101185   363.982   363.888  7 55709.35277138 48.704
 107  23.785047   1.103620   363.609   363.497  6 55719.26842216 52.323
 108  23.781667   1.101963   363.434   363.406  6 55729.18406941 51.976
 109  23.779691   1.100352   363.365   363.386  7 55739.09971518 51.962
 110  23.780275   1.102948   363.322   363.289  6 55749.01536071 52.474
 111  23.780926   1.102303   363.143   363.061  6 55758.93100323 52.130
 112  23.782609   1.102767   362.984   362.921  7 55768.84664334 51.414
 113  23.784042   1.102683   363.261   363.313  7 55778.76228030 51.682
 114  23.785280   1.101802   363.501   363.451  7 55788.67791480 49.645
 116  23.786093   1.101248   363.889   363.914  7 55808.50919403 31.687
 117  23.785141   1.101217   363.826   363.822  7 55818.42484339 50.370
 118  23.785464   1.100848   364.348   364.217  7 55828.34048870 29.766
 119  23.785988   1.101361   364.429   364.388  7 55838.25612971 50.645
 120  23.785731   1.101320   364.999   364.890  7 55848.17176726 51.861
 121  23.786615   1.101057   364.896   364.870  7 55858.08740244 51.890
 122  23.785436   1.101272   364.687   364.630  7 55868.00304866 47.781
 123  23.784253   1.102054   365.216   365.232  6 55877.91870033 33.835
 124  23.784110   1.101916   365.685   365.658  6 55887.83434546 52.071
 125  23.784609   1.101934   365.942   365.941  7 55897.74998516 52.489
 126  23.786353   1.101956   365.601   365.602  6 55907.66562015 52.637
 127  23.783833   1.101771   365.913   365.934  7 55917.58126749 52.647
 128  23.780966   1.102146   365.480   365.457  7 55927.49692115 52.969
 129  23.778126   1.097087   365.167   365.175  6 55937.41257027 52.423
 130  23.779470   1.102576   364.794   364.779  6 55947.32821688 53.131
 131  23.777459   1.097926   364.287   364.320  6 55957.24385637 51.716
 133  23.780809   1.102818   363.997   363.953  6 55977.07513205 51.181
 134  23.784082   1.102722   364.199   364.106  7 55986.99076807 52.792
 135  23.787091   1.101354   364.071   364.035  7 55996.90640568 50.797
 136  23.785453   1.102000   364.142   364.066  6 56006.82205672 53.548
 137  23.783010   1.102214   364.105   364.007  6 56016.73770362 52.117
 138  23.778330   1.097577   364.284   364.257  6 56026.65334662 50.340
 139  23.777894   1.100630   363.965   363.907  7 56036.56899018 50.991
 140  23.780384   1.102949   364.320   364.287  6 56046.48463189 51.926
 141  23.783235   1.102348   363.920   363.835  7 56056.40027017 53.009
 142  23.787136   1.101684   364.158   364.081  7 56066.31590424 52.082
 143  23.785239   1.102505   364.254   364.188  7 56076.23155137 50.659
 144  23.780678   1.100299   363.897   363.850  7 56086.14719929 52.351
 145  23.778112   1.097320   363.468   363.455  6 56096.06284462 51.901
 146  23.780809   1.102434   363.500   363.483  6 56105.97848992 51.813
 147  23.782906   1.103021   363.468   363.448  7 56115.89411981 52.692
 148  23.785436   1.103742   363.175   363.134  6 56125.80975769 52.064
 149  23.786521   1.101406   363.346   363.242  6 56135.72539106 51.615
 150  23.785011   1.100970   363.384   363.282  7 56145.64103334 31.548
 151  23.782583   1.101750   363.227   363.226  7 56155.55668336 25.325
 152  23.781480   1.101631   363.177   363.148  7 56165.47233244 27.438
 153  23.782072   1.102407   363.465   363.415  7 56175.38797961 50.222
 154  23.782832   1.101095   364.680   364.701  7 56185.30362124 50.445
 155  23.784211   1.103490   364.249   364.176  6 56195.21925973 52.215
 157  23.785766   1.101841   364.235   364.057  7 56215.05052722 42.855
 158  23.788254   1.101510   364.835   364.797  6 56224.96616464 51.451
 159  23.786341   1.101101   365.323   365.289  7 56234.88181980 51.870
 160  23.785452   1.103631   365.328   365.316  6 56244.79747185 53.532
 161  23.782860   1.102696   365.302   365.187  7 56254.71311827 52.104
 162  23.781034   1.102142   365.728   365.749  7 56264.62876097 50.688
 163  23.780773   1.102737   365.868   365.799  6 56274.54440249 34.982
 164  23.779041   1.097403   366.163   366.134  6 56284.46004663 51.107
 165  23.778374   1.097863   365.697   365.671  6 56294.37569830 52.091
 166  23.778551   1.101359   365.254   365.170  5 56304.29134628 53.248
 167  23.776925   1.100539   364.775   364.707  7 56314.20698908 52.039
 168  23.777115   1.102737   364.491   364.434  5 56324.12263029 53.334
 169  23.778183   1.102137   364.582   364.580  5 56334.03827007 49.778
 170  23.781313   1.102645   365.169   365.118  6 56343.95390952 53.963
 171  23.784427   1.100925   364.570   364.489  7 56353.86954623 51.419
 172  23.784783   1.101625   364.650   364.646  6 56363.78518959 52.271
 173  23.781325   1.101492   364.825   364.780  7 56373.70083814 52.537
 175  23.776706   1.102001   364.953   364.838  5 56393.53212846 53.546
 176  23.776618   1.097707   365.565   365.583  6 56403.44777011 51.942
 177  23.781063   1.101950   365.596   365.578  6 56413.36341097 51.304
 178  23.785502   1.102590   365.366   365.347  7 56423.27904597 52.103
 179  23.784745   1.101894   365.001   364.934  7 56433.19468913 51.903
 180  23.780072   1.102137   364.121   364.138  6 56443.11034068 50.624
 181  23.777209   1.101923   363.806   363.719  5 56453.02598963 52.681
 183  23.778134   1.101435   363.381   363.297  5 56472.85727956 48.400
 184  23.780382   1.102515   363.487   363.408  6 56482.77292001 52.424
 185  23.781313   1.101400   362.777   363.032  7 56492.68855663 36.146
 186  23.783399   1.101564   363.343   363.335  7 56502.60419148 43.863
 187  23.787420   1.101882   363.888   363.866  6 56512.51982516 50.432
 188  23.787285   1.101989   363.522   363.505  7 56522.43547326 51.105
 189  23.784992   1.101652   364.066   364.008  7 56532.35112583 51.566
 191  23.780260   1.100418   363.729   363.727  7 56552.18241903 51.771
 192  23.777866   1.097786   363.929   364.009  6 56562.09806080 51.945
 193  23.779860   1.102786   364.480   364.433  6 56572.01370322 53.562
 194  23.782074   1.102399   364.232   364.149  7 56581.92934282 47.603
 195  23.786569   1.101516   363.691   363.676  7 56591.84497825 42.103
 196  23.785239   1.101669   364.476   364.404  7 56601.76062785 51.351
 197  23.782234   1.102293   364.818   364.770  7 56611.67627762 49.039
 199  23.779756   1.102149   365.401   365.360  6 56631.50756585 53.046
 200  23.782131   1.102310   365.077   365.013  7 56641.42320491 50.851
 201  23.781926   1.102621   364.562   364.532  7 56651.33885382 53.548
 202  23.779022   1.100571   364.670   364.741  7 56661.25450374 50.195
 203  23.776083   1.097972   365.162   365.195  6 56671.17015004 51.069
 204  23.774904   1.097289   364.437   364.409  6 56681.08579465 52.202
 205  23.777972   1.102586   364.719   364.697  5 56691.00143880 51.797
 206  23.780838   1.101918   364.423   364.372  6 56700.91707812 51.654
 207  23.784563   1.101949   364.186   364.165  7 56710.83271289 51.815
 208  23.783489   1.102033   364.453   364.342  7 56720.74835599 50.541
 209  23.778564   1.101002   432.124   432.096  7 56730.66400731 27.363
 210  23.774669   1.097569   364.608   364.642  6 56740.57965460 51.452
 211  23.774623   1.097179   364.829   364.809  6 56750.49529874 40.694
 212  23.779450   1.102017   365.195   365.168  5 56760.41093935 52.833
 213  23.784233   1.101643   365.222   365.223  7 56770.32657230 48.437
 214  23.781370   1.102103   365.628   365.593  7 56780.24222438 52.478
 215  23.775467   1.098024   364.900   364.896  6 56790.15787786 52.158
 216  23.771902   1.098360   364.926   364.983  6 56800.07352902 51.609
 217  23.771780   1.098865   364.509   364.509  6 56809.98917381 52.439
 219  23.778686   1.101879   364.204   364.075  5 56829.82045050 52.143
 220  23.782663   1.101579   433.360   432.651  7 56839.73608356 24.018
 221  23.785815   1.101957   363.413   363.392  6 56849.65171751 32.411
 222  23.781947   1.102014   363.456   363.457  6 56859.56737185 35.058
 223  23.778052   1.097338   363.778   363.837  6 56869.48302446 50.984
 224  23.778695   1.102378   363.578   363.450  5 56879.39867706 53.029
 225  23.777511   1.102603   363.749   363.704  5 56889.31432497 51.093
 226  23.773852   1.097584   363.643   363.711  6 56899.22996865 51.334
 227  23.773964   1.102810   363.999   363.951  5 56909.14561224 52.549
 228  23.772881   1.098135   363.736   363.704  4 56919.06125174 53.068
 229  23.777569   1.102114   364.236   364.164  5 56928.97689140 51.629
 230  23.782914   1.103047   364.530   364.475  7 56938.89252613 52.627
 231  23.786476   1.101554   364.228   364.160  7 56948.80816088 52.226
 232  23.782964   1.102231   365.171   365.100  7 56958.72381362 49.770
 233  23.778276   1.097819   365.551   365.519  6 56968.63946027 51.915
 234  23.778611   1.100535   365.156   365.140  7 56978.55510514 53.290
 235  23.781043   1.102140   365.725   365.660  7 56988.47074560 52.010
 237  23.784679   1.103647   364.754   364.706  6 57008.30203018 52.106
 238  23.780630   1.102058   365.092   365.010  6 57018.21768290 52.135
 239  23.776469   1.097827   364.766   364.767  6 57028.13333153 49.751
 240  23.775520   1.098061   364.166   364.145  6 57038.04897938 52.148
 241  23.777886   1.102015   363.756   363.655  5 57047.96462569 51.913
 242  23.780340   1.101821   363.949   363.931  7 57057.88026740 51.098
 243  23.782701   1.101252   364.143   364.073  7 57067.79590351 52.753
 244  23.784735   1.101650   363.878   363.770  7 57077.71153573 52.558
 245  23.786407   1.101449   364.275   364.247  6 57087.62716885 51.677
 246  23.781270   1.101411   363.753   363.755  7 57097.54282737 51.512
 247  23.777165   1.097323   363.619   363.612  6 57107.45848226 50.821
 248  23.778457   1.100893   364.685   364.696  7 57117.37413414 51.681
 249  23.778941   1.101676   364.668   364.655  5 57127.28977903 51.287
 250  23.778769   1.100790   365.209   365.265  7 57137.20541780 34.670
 251  23.780943   1.102286   364.879   364.850  6 57147.12105303 51.426
 252  23.785208   1.103768   365.130   365.117  6 57157.03668582 53.776
 253  23.785552   1.101708   364.407   364.380  7 57166.95232951 51.379
 254  23.782840   1.101528   364.505   364.444  7 57176.86798507 51.528
 255  23.779211   1.097532   364.077   364.076  6 57186.78363587 48.524
 257  23.777940   1.102437   363.779   363.775  5 57206.61491943 48.907
 258  23.776298   1.097914   363.532   363.526  6 57216.53056357 51.318
 259  23.778994   1.100935   363.105   363.040  7 57226.44620852 50.901
 260  23.781750   1.102599   363.481   363.482  6 57236.36185112 42.460
 261  23.783144   1.101706   363.612   363.591  7 57246.27748952 52.007
 262  23.784102   1.101608   363.341   363.218  7 57256.19312522 51.939
 263  23.785281   1.101495   362.862   362.773  7 57266.10875954 51.539
 264  23.785566   1.101784   363.489   363.401  7 57276.02440332 46.193
 265  23.783836   1.102032   363.212   363.155  7 57285.94005977 42.249
 266  23.782516   1.102236   363.313   363.304  7 57295.85571341 51.801
 267  23.779172   1.097441   363.874   363.796  6 57305.77136237 51.313
 268  23.778299   1.102441   364.061   364.089  5 57315.68700999 27.594
 269  23.774410   1.098000   365.058   365.065  6 57325.60265244 48.643
 270  23.776497   1.102968   365.780   365.738  5 57335.51829555 50.547
 271  23.776588   1.102025   366.203   366.276  5 57345.43394251 35.662
 272  23.775091   1.097559   366.571   366.593  6 57355.34958965 41.658
 273  23.775814   1.098003   366.528   366.559  6 57365.26523405 51.748
 274  23.777724   1.101468   366.670   366.616  5 57375.18087552 53.055
 276  23.781979   1.102006   365.783   365.758  7 57395.01215221 53.320
 277  23.786388   1.103489   365.719   365.652  6 57404.92778971 53.546
 278  23.785442   1.100803   365.583   365.507  7 57414.84343676 52.777
 279  23.783404   1.102784   364.925   364.913  7 57424.75908828 53.804
 280  23.777675   1.097344   365.086   365.076  6 57434.67473527 48.755
 281  23.777046   1.103007   364.861   364.813  5 57444.59038337 52.500
 282  23.776294   1.101930   364.926   364.882  5 57454.50602948 49.748
 283  23.777576   1.100558   364.776   364.759  7 57464.42167378 49.710
 284  23.781506   1.101524   364.941   364.940  7 57474.33731499 51.910
 286  23.785297   1.101202   365.316   365.301  7 57494.16858580 48.611
 287  23.787905   1.102049   365.970   365.926  5 57504.08421774 29.157
 288  23.784522   1.102870   366.201   366.227  7 57513.99987157 52.918
 289  23.782358   1.102074   366.328   366.271  7 57523.91552513 52.927
 290  23.781575   1.102320   365.417   365.441  7 57533.83117678 52.262
 291  23.778654   1.097615   365.078   365.094  6 57543.74682423 53.854
 292  23.777248   1.097471   364.097   364.098  6 57553.66247047 51.991
 293  23.776567   1.097498   364.267   364.284  6 57563.57811555 51.744
 294  23.776730   1.097376   363.562   363.558  6 57573.49376030 51.194
 295  23.777680   1.097550   363.592   363.515  6 57583.40940491 39.491
 296  23.780563   1.102148   363.504   363.512  6 57593.32504863 48.836
 297  23.781204   1.101807   363.859   363.791  7 57603.24068868 34.455
