#    1.046  -9.631  17.828 ;Mean Elev.(m), Avg Gradient(m/km), RMS Gradient(m/km) - SRTM1     
#    2.474  -9.623  18.315 ;Mean Elev.(m), Avg Gradient(m/km), RMS Gradient(m/km) - ASTER GDEM
#    1.628  -9.576  17.606 ;Mean Elev.(m), Avg Gradient(m/km), RMS Gradient(m/km) - GMTED2010 
   3  12.723004  -6.035093   -10.995   -11.250  7 54679.13922889 17.083
   5  12.728811  -6.033003    -9.413    -8.594  9 54698.97051276 22.382
   7  12.726834  -6.034226    -0.189    -0.318  9 54718.80180696 26.404
  17  12.727052  -6.033288     1.979     1.957  9 54817.95823903 40.375
  18  12.725945  -6.033858     1.629     1.596  9 54827.87388925 38.549
  19  12.722593  -6.033992     1.763     1.717  7 54837.78952795 46.733
  20  12.717452  -6.036551     1.349     1.285  5 54847.70517650 30.928
  21  12.714828  -6.036174     1.512     1.408  5 54857.62082558 28.489
  22  12.713912  -6.036405     1.681     1.723  5 54867.53647482 46.203
  23  12.714261  -6.036474     1.612     1.674  5 54877.45212353 51.783
  24  12.715301  -6.036684     1.363     1.398  5 54887.36776911 51.392
  25  12.714917  -6.035899     1.459     1.448  5 54897.28341117 53.275
  26  12.713142  -6.036791     1.514     1.516  4 54907.19904981 43.839
  27  12.713537  -6.036231     1.714     1.732  5 54917.11468739 32.522
  28  12.715710  -6.036500     1.667     1.589  5 54927.03032474 35.908
  29  12.719574  -6.036532     1.891     1.927  6 54936.94596164 49.887
  30  12.724834  -6.034102     1.372     1.331  8 54946.86159736 47.423
  31  12.729155  -6.033007     1.117     1.099  9 54956.77723109 35.361
  32  12.726225  -6.033939     1.571     1.589  8 54966.69287904 39.585
  33  12.723705  -6.033938     1.518     1.519  8 54976.60852652 29.447
  34  12.722035  -6.034554     0.022    -0.103  7 54986.52417404 35.784
  35  12.721450  -6.036154     1.606     1.716  7 54996.43982158 43.786
  36  12.721990  -6.034485     1.141     1.155  7 55006.35546817 51.312
  37  12.720868  -6.035455     1.176     1.120  7 55016.27111167 52.283
  38  12.719577  -6.035766     1.437     1.276  6 55026.18675369 44.955
  39  12.719228  -6.035516     1.376     1.381  6 55036.10239524 54.599
  40  12.721213  -6.035388     0.846     0.805  6 55046.01803611 27.837
  41  12.725829  -6.033602     0.970     0.986  8 55055.93367574 42.579
  42  12.729132  -6.033259     1.072     1.104 10 55065.84931278 32.679
  43  12.726010  -6.033613     0.699     0.747  9 55075.76496113 30.139
  44  12.720978  -6.034985     0.838     0.829  7 55085.68060836 30.629
  45  12.717363  -6.036160     1.047     0.999  5 55095.59625447 27.990
  46  12.716499  -6.036535     1.375     1.373  5 55105.51190084 28.196
  47  12.717346  -6.035861     1.735     1.755  6 55115.42754733 45.873
  48  12.718508  -6.035397     1.729     1.685  6 55125.34319139 54.231
  49  12.718973  -6.036001     1.783     1.787  6 55135.25883240 52.023
  50  12.719332  -6.036263     1.601     1.515  7 55145.17447109 52.658
  51  12.720510  -6.035348     1.534     1.498  7 55155.09010913 38.776
  52  12.722578  -6.034439     2.198     2.163  7 55165.00574745 51.612
  53  12.725547  -6.034119     1.884     1.948  8 55174.92138550 34.272
  54  12.728075  -6.033435     1.863     1.824 10 55184.83702593 37.194
  55  12.724864  -6.033555     1.925     2.022  8 55194.75267690 50.620
  56  12.720068  -6.035289     1.320     1.348  6 55204.66832630 29.337
  57  12.716898  -6.036356     1.350     1.364  6 55214.58397552 28.766
  58  12.715576  -6.036782     1.788     1.766  5 55224.49962455 45.894
  59  12.715434  -6.037011     1.626     1.626  6 55234.41527191 47.820
  60  12.716258  -6.036914     1.813     1.867  5 55244.33091599 50.753
  61  12.715921  -6.035996     1.810     1.668  5 55254.24655688 52.309
  62  12.714094  -6.037497     1.430     1.554  5 55264.16219494 53.432
  63  12.715181  -6.036019     1.400     1.398  5 55274.07783266 52.248
  64  12.717857  -6.037037     1.766     1.731  6 55283.99346946 51.762
  65  12.723037  -6.034916     1.584     1.554  8 55293.90910563 45.015
  66  12.726284  -6.033776     1.534     1.540  8 55303.82474298 35.971
  67  12.724120  -6.033715     1.469     1.397  8 55313.74038995 32.422
  68  12.721407  -6.036161     1.204     1.199  7 55323.65603456 31.650
  69  12.721014  -6.034800     1.085     1.124  7 55333.57167909 29.612
  70  12.720461  -6.035823     1.366     1.386  6 55343.48732296 43.341
  71  12.721065  -6.035401     1.643     1.660  7 55353.40296677 50.758
  72  12.721866  -6.035369     2.045     2.040  7 55363.31860824 54.604
  73  12.722678  -6.035097     1.585     1.583  8 55373.23424773 53.875
  74  12.724473  -6.033534     1.125     1.045  8 55383.14988606 52.413
  75  12.726287  -6.033330     0.795     0.827  8 55393.06552321 53.291
  76  12.729521  -6.033511     0.711     0.689 10 55402.98115894 36.232
  77  12.727693  -6.033418     0.954     0.940  9 55412.89681025 30.955
  78  12.725597  -6.032863     1.325     1.385  8 55422.81245897 29.617
  79  12.722606  -6.034291     1.138     1.169  7 55432.72810478 30.966
  80  12.719362  -6.035754     0.827     0.908  6 55442.64374902 29.204
  81  12.717988  -6.036215     0.605     0.523  5 55452.55939241 32.110
  82  12.719311  -6.035283     1.186     1.159  6 55462.47503559 35.266
  83  12.721779  -6.034598     1.254     1.406  7 55472.39067702 32.441
  84  12.723981  -6.033946     1.811     1.754  8 55482.30631548 39.479
  85  12.725449  -6.033140     2.043     1.974  8 55492.22195151 55.563
  86  12.727020  -6.033646     2.071     2.085  9 55502.13758535 51.667
  87  12.726229  -6.033151     1.536     1.512  9 55512.05323037 43.570
  88  12.724650  -6.033364     1.662     1.602  8 55521.96887961 49.958
  90  12.723540  -6.029146     1.690     1.690  2 55541.80017518 32.682
  93  12.719204  -6.035548     1.519     1.580  6 55571.54710495 52.314
  94  12.720577  -6.035768     1.202     1.212  6 55581.46274691 37.154
  95  12.722965  -6.034145     0.947     0.862  7 55591.37838612 33.691
  96  12.725120  -6.033820     1.655     1.621  8 55601.29402162 39.791
  97  12.726661  -6.034353     2.339     2.421  9 55611.20965443 52.162
  98  12.729249  -6.033088     1.775     1.828 10 55621.12528689 40.962
  99  12.725544  -6.034192     1.243     1.215  8 55631.04093870 54.096
 100  12.724803  -6.033178     0.956     0.886  8 55640.95658912 48.016
 101  12.724092  -6.034222     0.790     0.794  7 55650.87223651 34.575
 102  12.722913  -6.034846     1.768     1.806  8 55660.78788038 44.886
 103  12.721136  -6.036012     1.648     1.677  7 55670.70352094 31.133
 104  12.720936  -6.036287     1.363     1.324  7 55680.61916034 31.819
 105  12.724396  -6.033364     0.924     0.894  8 55690.53479902 46.187
 106  12.727515  -6.034171     0.631     0.589  9 55700.45043525 35.716
 107  12.729612  -6.032879     0.959     0.926 10 55710.36607559 51.290
 108  12.726502  -6.032834     1.386     1.416  9 55720.28172532 49.963
 109  12.723024  -6.034277     1.478     1.531  8 55730.19737232 43.228
 110  12.721882  -6.034055     1.307     1.277  7 55740.11301834 49.173
 111  12.721949  -6.034023     0.494     0.531  7 55750.02866313 36.546
 112  12.723050  -6.034374     0.486     0.450  8 55759.94430556 38.460
 113  12.724816  -6.033142     0.347     0.336  8 55769.85994561 30.545
 114  12.725231  -6.034492     0.870     0.759  8 55779.77558188 27.012
 115  12.726959  -6.033268     1.292     1.308  9 55789.69121652 30.220
 116  12.729263  -6.033493     1.393     1.400  9 55799.60685006 30.749
 117  12.728076  -6.033447     1.020     1.054  9 55809.52249749 29.174
 118  12.727473  -6.033361     0.649     0.640  8 55819.43814686 31.237
 119  12.728323  -6.032354     0.793     0.857  9 55829.35379208 37.579
 120  12.728016  -6.033580     1.431     1.383  9 55839.26943216 54.822
 121  12.727444  -6.033939     2.014     1.890  9 55849.18506912 43.655
 122  12.728574  -6.033706     2.332     2.280 10 55859.10070405 48.481
 123  12.726810  -6.034508     1.566     1.479  9 55869.01635221 33.385
 124  12.726534  -6.033356     1.630     1.637  8 55878.93200364 51.717
 125  12.726630  -6.033753     1.512     1.524  8 55888.84764821 47.049
 126  12.727245  -6.033210     1.376     1.362  9 55898.76328746 37.220
 127  12.728922  -6.032627     1.744     1.676  9 55908.67892211 30.838
 128  12.724967  -6.034345     2.313     2.205  8 55918.59457124 51.363
 129  12.722217  -6.034751     1.567     1.579  7 55928.51022450 29.205
 130  12.721438  -6.034986     0.952     0.917  7 55938.42587441 37.647
 131  12.720251  -6.036306     0.761     0.799  7 55948.34151905 37.257
 132  12.719940  -6.035133     1.491     1.553  6 55958.25715955 54.863
 133  12.719534  -6.036266     1.924     1.858  6 55968.17279680 48.644
 134  12.721917  -6.034610     1.831     1.766  7 55978.08843367 52.980
 135  12.725908  -6.033912     1.403     1.377  9 55988.00406974 44.528
 136  12.728923  -6.033436     1.414     1.404 10 55997.91970973 49.071
 137  12.726606  -6.034359     1.026     0.955  9 56007.83536013 37.152
 138  12.724130  -6.034101     1.231     1.190  7 56017.75100674 46.453
 139  12.720854  -6.035157     1.298     1.364  7 56027.66665032 28.639
 140  12.719125  -6.036289     1.473     1.414  6 56037.58229261 31.659
 141  12.721741  -6.034249     1.609     1.595  7 56047.49793398 47.762
 142  12.725356  -6.033558     1.055     0.975  8 56057.41357231 32.874
 143  12.730062  -6.033175     0.971     0.914  9 56067.32920623 54.647
 144  12.727439  -6.032440     0.900     0.944  9 56077.24485520 53.186
 145  12.722924  -6.034607     1.024     1.008  8 56087.16050278 53.802
 146  12.721213  -6.035112     1.112     1.125  7 56097.07614830 42.430
 147  12.722137  -6.034848     1.285     1.287  7 56106.99179205 38.805
 148  12.724404  -6.034070     1.355     1.337  7 56116.90742165 31.449
 149  12.727008  -6.033485     0.681     0.716  8 56126.82305922 42.504
 150  12.728747  -6.033548     0.742     0.690 10 56136.73869297 29.394
 151  12.726975  -6.032728     0.842     0.840  9 56146.65433734 28.518
 152  12.723933  -6.034373     1.295     1.210  8 56156.56998651 28.776
 153  12.723341  -6.033948     1.638     1.621  7 56166.48563546 47.830
 154  12.723773  -6.033802     1.127     1.107  8 56176.40128206 35.548
 155  12.724781  -6.033912     1.207     1.177  8 56186.31692367 43.114
 156  12.725216  -6.034055     1.370     1.391  8 56196.23256129 52.405
 157  12.726046  -6.033739     1.600     1.562  9 56206.14819582 48.869
 158  12.728423  -6.033239     1.681     1.625 10 56216.06382881 31.078
 159  12.730293  -6.033413     2.190     2.162  9 56225.97946873 41.367
 160  12.728522  -6.033652     1.756     1.721 10 56235.89512354 41.813
 161  12.727985  -6.030016     1.784     1.703  5 56245.81077553 44.951
 162  12.724308  -6.034552     1.335     1.254  8 56255.72642074 29.917
 163  12.723030  -6.034183     1.370     1.483  7 56265.64206354 28.411
 164  12.722497  -6.034548     1.391     1.312  8 56275.55770474 35.463
 165  12.722128  -6.034419     1.600     1.718  7 56285.47335133 28.045
 166  12.720697  -6.035601     1.579     1.569  6 56295.38900206 31.313
 168  12.718003  -6.036209     1.758     1.782  5 56315.22029150 52.522
 169  12.717670  -6.036138     1.765     1.778  6 56325.13593224 53.423
 170  12.719297  -6.036234     1.696     1.706  7 56335.05157208 47.944
 171  12.722862  -6.035046     1.880     1.808  7 56344.96721134 52.547
 172  12.726888  -6.033619     1.776     1.821  9 56354.88284837 50.612
 173  12.726200  -6.032997     1.397     1.312  9 56364.79849328 30.390
 174  12.722526  -6.033868     1.236     1.197  6 56374.71414160 36.741
 176  12.718010  -6.036417     1.367     1.401  5 56394.54543092 51.145
 177  12.719740  -6.035904     2.126     2.183  6 56404.46107333 44.613
 178  12.722887  -6.035069     1.840     1.861  7 56414.37671285 50.152
 179  12.727240  -6.034461     2.079     2.064  9 56424.29234733 51.884
 180  12.726505  -6.033081     1.421     1.442  8 56434.20799314 55.187
 181  12.721228  -6.035460     1.143     1.188  7 56444.12364383 52.773
 182  12.718848  -6.035364     1.152     1.204  6 56454.03929265 51.818
 183  12.718410  -6.035664     0.921     0.852  6 56463.95493878 31.912
 184  12.719312  -6.036027     1.089     1.082  6 56473.87058160 32.446
 185  12.721576  -6.034405     1.279     1.381  7 56483.78622170 29.975
 186  12.723140  -6.033967     1.002     1.038  7 56493.70185851 31.097
 187  12.725706  -6.033388     1.008     0.868  9 56503.61749348 42.353
 188  12.729817  -6.034088     0.779     0.761 10 56513.53312692 28.145
 189  12.729334  -6.033301     1.295     1.266 10 56523.44877724 45.755
 190  12.726625  -6.034320     1.463     1.434  9 56533.36442905 54.050
 192  12.721730  -6.034504     1.378     1.438  7 56553.19572165 34.834
 193  12.720877  -6.034743     0.926     0.923  7 56563.11136403 38.024
 194  12.721386  -6.036086     1.185     1.247  7 56573.02700497 46.271
 195  12.724924  -6.033874     0.884     0.886  8 56582.94264481 37.195
 196  12.729589  -6.033528     1.389     1.366  9 56592.85827994 31.755
 197  12.726773  -6.033719     1.571     1.531  9 56602.77393128 32.536
 198  12.723501  -6.033952     1.618     1.757  7 56612.68958044 28.314
 199  12.721496  -6.035685     1.855     1.843  7 56622.60522537 45.918
 201  12.724497  -6.034126     1.784     1.795  8 56642.43650691 53.833
 202  12.722725  -6.034809     2.070     2.048  7 56652.35215711 54.392
 203  12.719936  -6.035653     2.278     2.221  6 56662.26780674 53.657
 204  12.717808  -6.036283     2.221     2.187  5 56672.18345323 52.808
 205  12.717286  -6.036421     1.584     1.624  5 56682.09909802 36.679
 206  12.719200  -6.035652     1.490     1.392  6 56692.01474102 46.710
 207  12.722977  -6.034758     1.082     1.027  7 56701.93038028 43.111
 208  12.727041  -6.033337     1.176     1.118  8 56711.84601474 28.700
 209  12.724549  -6.033711     0.767     0.790  8 56721.76165980 42.333
 210  12.718974  -6.036259     1.619     1.649  6 56731.67731039 30.773
 211  12.716796  -6.036521     1.044     1.062  5 56741.59295824 26.619
 212  12.718162  -6.035521     0.877     0.791  6 56751.50860241 36.731
 213  12.721808  -6.035516     1.113     1.092  7 56761.42424137 53.463
 214  12.727221  -6.033849     1.605     1.632  9 56771.33987399 53.729
 215  12.722041  -6.035513     2.073     2.187  7 56781.25552814 53.023
 216  12.716916  -6.036806     2.324     2.380  5 56791.17118173 51.931
 217  12.713512  -6.037051     1.971     1.871  5 56801.08683246 45.574
 218  12.714364  -6.036220     1.214     0.939  5 56811.00247664 38.276
 219  12.716599  -6.036722     0.961     0.970  5 56820.91811613 43.704
 220  12.720393  -6.035387     0.573     0.697  6 56830.83375214 32.484
 221  12.724893  -6.033175     1.319     1.209  8 56840.74938531 29.063
 222  12.726865  -6.033565     1.555     1.539  8 56850.66502124 28.512
 223  12.722913  -6.034755     1.558     1.570  8 56860.58067525 45.593
 224  12.720854  -6.035436     0.775     0.810  7 56870.49632892 40.009
 225  12.719731  -6.036043     0.751     0.764  7 56880.41197995 51.143
 226  12.718570  -6.035699     1.074     1.095  6 56890.32762748 51.606
 227  12.716164  -6.036356     1.299     1.236  5 56900.24327163 30.904
 228  12.714124  -6.036888     1.994     2.010  5 56910.15891353 37.607
 229  12.715461  -6.036143     1.467     1.407  5 56920.07455417 31.995
 230  12.719288  -6.036516     1.322     1.338  6 56929.99019269 53.543
 231  12.725918  -6.033247     1.370     1.437  9 56939.90582751 46.626
 232  12.729087  -6.032867     1.227     1.223 10 56949.82146515 33.849
 233  12.724492  -6.034011     1.446     1.504  7 56959.73711683 28.852
 234  12.720764  -6.035188     1.637     1.808  7 56969.65276375 28.589
 235  12.721751  -6.031542     1.692     1.662  3 56979.56840842 29.642
 236  12.723968  -6.032032     1.517     1.422  5 56989.48404799 26.688
 237  12.728386  -6.033400     1.838     1.807 10 56999.39968125 53.563
 238  12.725652  -6.033440     2.163     2.126  8 57009.31533406 46.060
 239  12.721267  -6.035439     2.110     2.072  7 57019.23098612 54.930
 240  12.718735  -6.035321     2.301     2.278  6 57029.14663539 52.728
 241  12.717411  -6.036984     2.307     2.261  6 57039.06228246 53.150
 242  12.718755  -6.036662     1.790     1.778  6 57048.97792776 51.335
 243  12.722090  -6.035090     0.878     0.793  7 57058.89356960 39.003
 244  12.725401  -6.033339     0.595     0.682  8 57068.80920588 34.839
 245  12.727270  -6.033364     0.980     0.924  8 57078.72483763 27.889
 246  12.728210  -6.032622     1.486     1.440  9 57088.64047377 27.629
 247  12.722373  -6.035054     2.047     2.065  8 57098.55613148 53.983
 248  12.719970  -6.035852     1.674     1.646  7 57108.47178683 52.853
 249  12.720477  -6.035694     1.064     1.075  6 57118.38743736 43.691
 250  12.720559  -6.036070     1.172     1.094  7 57128.30308147 52.540
 251  12.720935  -6.035143     1.360     1.345  6 57138.21872008 54.642
 252  12.722484  -6.034931     1.793     1.658  8 57148.13435458 51.713
 253  12.726835  -6.033640     1.923     1.887  9 57158.04998681 42.839
 254  12.727394  -6.033179     1.606     1.603  9 57167.96563373 46.291
 255  12.724953  -6.033081     1.204     1.169  8 57177.88128915 46.308
 256  12.721613  -6.035964     0.727     0.812  7 57187.79693988 32.077
 257  12.719838  -6.035791     0.728     0.798  7 57197.71258754 30.653
 258  12.718531  -6.036371     1.181     1.182  6 57207.62822172 32.312
 259  12.718666  -6.036746     1.313     1.422  6 57217.54386657 28.266
 260  12.720852  -6.035293     1.463     1.446  6 57227.45951096 53.139
 261  12.723421  -6.033931     1.417     1.464  8 57237.37515320 54.629
 262  12.725268  -6.033898     1.054     1.057  8 57247.29079162 44.343
 263  12.726359  -6.034352     0.926     0.857  9 57257.20642705 46.714
 264  12.728054  -6.033837     0.882     0.866  9 57267.12206135 36.099
 265  12.727753  -6.033388     1.108     1.154  9 57277.03770739 34.470
 266  12.725996  -6.033294     1.062     0.996  8 57286.95336349 27.877
 267  12.724208  -6.034035     1.175     1.232  7 57296.86901660 29.633
 268  12.722379  -6.034772     0.830     0.924  7 57306.78466627 34.224
 269  12.719290  -6.035972     0.892     0.988  7 57316.70031226 32.491
 270  12.717072  -6.035909     0.942     0.899  6 57326.61595561 28.656
 271  12.717092  -6.036905     1.338     1.237  6 57336.53159702 30.121
 272  12.717234  -6.036790     1.891     1.814  5 57346.44724499 45.849
 273  12.717674  -6.035944     2.349     2.368  6 57356.36289297 51.307
 274  12.718234  -6.035726     2.136     2.152  6 57366.27853712 52.755
 275  12.718712  -6.036284     2.018     2.019  6 57376.19417753 52.343
 276  12.720972  -6.034828     2.442     2.534  7 57386.10981633 53.364
 277  12.723921  -6.034935     2.323     2.331  8 57396.02545412 53.700
 278  12.728739  -6.032399     2.353     2.408  9 57405.94109158 47.204
 279  12.727466  -6.033275     1.901     1.849  9 57415.85674076 39.292
 280  12.724467  -6.033684     1.420     1.418  8 57425.77239161 31.428
 281  12.720363  -6.035435     1.159     1.152  6 57435.68803940 28.406
 282  12.718041  -6.036152     1.008     1.037  5 57445.60368600 26.579
 283  12.717485  -6.037313     1.800     1.775  6 57455.51933194 51.646
 284  12.719965  -6.035399     1.607     1.542  6 57465.43497663 43.207
 285  12.723750  -6.033914     1.381     1.345  7 57475.35061745 44.646
 286  12.726097  -6.033896     1.736     1.727  9 57485.26625415 54.183
 287  12.727973  -6.032862     1.586     1.588  9 57495.18188800 48.196
 288  12.730415  -6.032945     1.504     1.521  9 57505.09752033 54.457
 289  12.726207  -6.032999     1.649     1.615  9 57515.01317574 47.569
 290  12.724013  -6.033915     1.320     1.207  7 57524.92882884 39.093
 291  12.722902  -6.033985     1.383     1.406  7 57534.84447993 28.584
 292  12.720803  -6.035759     1.385     1.404  7 57544.76012777 32.460
 293  12.719571  -6.035658     1.255     1.274  6 57554.67577412 28.350
 294  12.719138  -6.036240     0.986     1.054  7 57564.59141915 31.872
 295  12.719907  -6.035850     0.871     0.849  6 57574.50706398 39.086
 296  12.720977  -6.035297     1.329     1.417  6 57584.42270835 39.294
 297  12.721830  -6.035246     1.680     1.617  7 57594.33835055 38.519
