-349886.358     5.314     0.00    1.41
-349597.072     5.340     0.09    1.54
-349307.787     5.409     0.24    1.51
-349018.502     5.602     0.67    1.59
-348729.217     5.622     0.07    1.56
-348439.933     5.952     1.14    1.49
-348150.650     5.891    -0.21    1.56
-347861.367     6.035     0.50    1.56
-347572.084     6.077     0.15    1.45
-347282.802     5.835    -0.84    1.69
-346993.521     5.519    -1.09    1.98
-346704.240     5.069    -1.55    2.05
-346414.960     4.552    -1.79    2.49
-346125.680     3.185    -4.72    3.40
-345836.400     2.798    -1.34    3.78
-345547.121     2.365    -1.49    3.99
-345257.843     1.966    -1.38    4.76
-344968.565     2.135     0.59    4.83
-344679.288     1.959    -0.61    4.71
-344390.011     2.397     1.51    4.74
-344100.734     2.638     0.83    4.80
-343811.458     2.909     0.94    4.38
-343522.183     4.285     4.76    3.60
-343232.908     5.298     3.50    2.65
-342943.633     5.702     1.40    2.67
-342654.359     6.311     2.10    2.22
-342365.086     6.552     0.83    2.05
-342075.813     6.735     0.63    2.11
-341786.540     6.724    -0.04    2.79
-341497.268     7.035     1.07    2.95
-341207.997     7.535     1.73    3.63
-340918.726     7.673     0.48    3.85
-340629.455     8.362     2.38    4.54
-340340.185     9.104     2.56    5.27
-340050.915     9.585     1.66    5.13
-339761.646    10.293     2.45    4.36
-339472.377    11.104     2.80    4.07
-339183.109    11.724     2.15    3.66
-338893.841    12.655     3.22    3.27
-338604.574    13.133     1.65    2.75
-338315.307    13.823     2.39    2.58
-338026.041    14.688     2.99    2.90
-337736.775    15.885     4.14    3.79
-337447.509    16.724     2.90    4.24
-337158.244    17.652     3.21    4.49
-336868.980    18.484     2.88    4.54
-336579.716    19.601     3.86    5.41
-336290.452    20.141     1.87    5.58
-336001.189    21.224     3.74    6.21
-335711.927    23.034     6.26    6.23
-335422.664    23.484     1.56    6.01
-335133.403    23.135    -1.21    6.13
-334844.141    22.414    -2.49    5.69
-334554.880    22.119    -1.02    5.07
-334265.620    23.311     4.12    5.30
-333976.360    24.519     4.18    6.50
-333687.101    26.185     5.76    6.84
-333397.842    27.152     3.34    6.86
-333108.583    28.569     4.90    7.07
-332819.325    30.621     7.10    7.22
-332530.067    31.840     4.21    6.63
-332240.810    31.621    -0.76    6.78
-331951.553    30.857    -2.64    7.26
-331662.297    30.935     0.27    7.50
-331373.041    30.780    -0.54    8.15
-331083.785    29.789    -3.43    7.98
-330794.530    27.845    -6.72    7.79
-330505.275    27.326    -1.79    8.17
-330216.021    25.885    -4.98    8.45
-329926.767    24.772    -3.85    8.68
-329637.514    22.448    -8.03    7.98
-329348.261    20.061    -8.26    6.32
-329059.009    18.993    -3.69    5.87
-328769.757    18.247    -2.58    5.53
-328480.505    17.713    -1.84    5.56
-328191.254    16.835    -3.04    5.26
-327902.003    16.730    -0.36    5.44
-327612.753    17.369     2.21    5.82
-327323.503    18.345     3.38    6.41
-327034.253    19.109     2.64    6.80
-326745.004    19.931     2.84    6.99
-326455.755    20.586     2.27    7.33
-326166.507    21.345     2.62    7.12
-325877.259    21.948     2.09    6.70
-325588.012    20.962    -3.41    6.21
-325298.765    20.828    -0.46    6.19
-325009.518    21.335     1.75    5.89
-324720.272    20.973    -1.25    5.88
-324431.026    18.811    -7.48    7.34
-324141.781    15.667   -10.87    7.75
-323852.536    13.485    -7.54    8.28
-323563.291    11.126    -8.16    9.02
-323274.047     8.394    -9.44    9.14
-322984.803     6.052    -8.10    8.49
-322695.560     3.755    -7.94    6.82
-322406.317     2.010    -6.04    4.98
-322117.074     0.452    -5.39    2.50
-321827.832    -0.017    -1.62    1.92
-321538.590    -0.380    -1.26    2.37
-321249.349    -0.746    -1.27    2.39
-320960.108    -0.498     0.86    2.73
-320670.867     0.470     3.35    3.20
-320381.627     1.190     2.49    3.10
-320092.387     1.802     2.12    3.06
-319803.148     2.052     0.86    3.21
-319513.909     2.552     1.73    2.97
-319224.609     2.789     0.82    2.88
-318935.287     2.619    -0.59    3.97
-318645.966     1.995    -2.16    4.24
-318356.646     0.798    -4.14    5.58
-318067.325     0.247    -1.90    5.47
-317778.005     0.000    -0.85    5.83
-317488.686     0.185     0.64    5.78
-317199.367     0.421     0.81    5.45
-316910.048     0.690     0.93    4.90
-316620.730     1.891     4.15    3.72
-316331.412     2.338     1.54    3.21
-316042.094     2.858     1.80    3.39
-315752.777     3.431     1.98    3.33
-315463.460     4.219     2.72    2.64
-315174.143     5.242     3.54    2.92
-314884.827     6.043     2.77    3.34
-314595.511     7.484     4.98    4.92
-314306.196     9.121     5.66    5.68
-314016.881    10.929     6.25    6.19
-313727.566    13.349     8.36    6.30
-313438.252    16.570    11.13    6.58
-313148.938    18.897     8.04    7.60
-312859.624    19.811     3.16    7.69
-312570.311    19.962     0.52    8.19
-312280.998    20.293     1.15    8.12
-311991.685    20.569     0.95    7.87
-311702.373    20.707     0.48    7.39
-311413.061    20.759     0.18    7.23
-311123.750    21.169     1.42    7.72
-310834.439    21.802     2.19    7.89
-310545.128    22.585     2.71    8.31
-310255.817    21.855    -2.52    8.85
-309966.507    21.293    -1.94    8.95
-309677.197    21.702     1.41    9.11
-309387.888    22.857     3.99    8.70
-309098.579    22.671    -0.64    8.35
-308809.270    22.499    -0.59    7.71
-308519.962    23.828     4.59    6.89
-308230.654    25.162     4.61    5.65
-307941.346    25.281     0.41    5.41
-307652.039    24.035    -4.31    5.61
-307362.731    21.931    -7.27    6.25
-307073.425    19.891    -7.05    5.78
-306784.118    18.088    -6.23    5.42
-306494.812    16.959    -3.90    5.33
-306205.507    15.152    -6.25    5.09
-305916.201    13.128    -7.00    5.00
-305626.896    11.485    -5.68    4.69
-305337.591    10.569    -3.17    4.42
-305048.287     9.759    -2.80    3.81
-304758.983     9.264    -1.71    2.91
-304469.679     9.332     0.23    2.50
-304180.375     9.600     0.93    2.32
-303891.072     9.659     0.20    2.41
-303601.769    10.619     3.32    3.22
-303312.467    12.517     6.56    5.47
-303023.165    14.568     7.09    6.65
-302733.863    16.585     6.97    7.24
-302444.561    18.431     6.38    7.13
-302155.260    22.027    12.43    5.97
-301865.959    23.730     5.89    6.79
-301576.658    24.191     1.59    7.69
-301287.358    24.569     1.31    8.21
-300998.058    22.781    -6.18    8.89
-300708.758    21.060    -5.95    9.61
-300419.459    19.802    -4.35    9.46
-300130.160    18.399    -4.85    8.28
-299840.861    17.138    -4.36    7.63
-299551.562    16.685    -1.57    7.60
-299262.264    16.769     0.29    7.17
-298972.966    18.341     5.44    7.14
-298683.669    19.655     4.54    7.98
-298394.371    21.224     5.42    8.96
-298105.074    23.454     7.71    8.96
-297815.777    25.500     7.07    9.50
-297526.481    28.052     8.82    9.07
-297237.185    30.242     7.57    8.82
-296947.889    31.230     3.42    9.48
-296658.593    32.372     3.94    9.37
-296369.298    33.235     2.99    9.68
-296080.003    34.004     2.66    9.51
-295790.708    34.320     1.09    9.74
-295501.414    35.328     3.48    9.72
-295212.120    36.196     3.00    9.36
-294922.826    37.259     3.67    8.53
-294633.532    37.995     2.54    8.26
-294344.239    39.483     5.15    6.70
-294054.946    38.948    -1.85    6.55
-293765.653    37.845    -3.81    6.68
-293476.361    35.569    -7.87    7.23
-293187.068    33.785    -6.16    6.91
-292897.776    32.069    -5.93    6.93
-292608.485    29.702    -8.18    6.66
-292319.193    28.516    -4.10    5.77
-292029.902    28.162    -1.22    6.05
-291740.611    27.749    -1.43    6.40
-291451.320    26.772    -3.38    6.00
-291162.030    25.683    -3.77    5.33
-290872.740    25.391    -1.01    5.34
-290583.450    24.069    -4.57    5.09
-290294.161    23.213    -2.96    4.81
-290004.871    23.069    -0.50    4.53
-289715.582    22.423    -2.23    3.37
-289426.293    22.429     0.02    3.11
-289137.005    22.035    -1.36    3.14
-288847.717    22.588     1.91    3.02
-288558.428    23.486     3.11    4.00
-288269.141    24.688     4.15    4.53
-287979.853    25.671     3.40    4.64
-287690.566    26.704     3.57    4.54
-287401.279    27.466     2.63    4.67
-287111.992    28.019     1.91    4.24
-286822.705    27.823    -0.68    4.51
-286533.419    26.847    -3.37    5.34
-286244.133    25.315    -5.30    6.22
-285954.847    23.254    -7.12    6.94
-285665.562    20.620    -9.11    7.51
-285376.276    17.242   -11.68    6.78
-285086.991    14.935    -7.97    5.80
-284797.706    13.416    -5.25    4.46
-284508.421    11.620    -6.21    3.60
-284219.137    10.793    -2.86    3.14
-283929.853    10.463    -1.14    3.02
-283640.569    10.315    -0.51    2.88
-283351.285    10.501     0.64    2.60
-283062.002    10.685     0.64    2.27
-282772.718    10.380    -1.06    2.34
-282483.435     9.909    -1.63    2.33
-282194.153     9.285    -2.16    2.60
-281904.870     8.518    -2.65    2.84
-281615.588     7.919    -2.07    2.86
-281326.305     7.259    -2.28    2.68
-281037.023     7.000    -0.89    2.33
-280747.742     6.724    -0.95    2.35
-280458.460     6.069    -2.26    2.11
-280169.179     5.749    -1.11    2.14
-279879.898     5.362    -1.34    2.17
-279590.617     4.983    -1.31    1.81
-279301.336     4.780    -0.70    1.75
-279012.056     4.414    -1.27    1.58
-278722.776     4.077    -1.17    1.42
-278433.496     3.759    -1.10    1.64
-278144.216     3.365    -1.36    1.78
-277854.936     3.061    -1.05    1.80
-277565.657     2.328    -2.53    2.29
-277276.378     1.519    -2.80    2.87
-276987.099     0.637    -3.05    3.22
-276697.820    -0.268    -3.13    3.21
-276408.541    -1.216    -3.28    2.62
-276119.263    -1.431    -0.74    2.59
-275829.985    -1.395     0.12    2.77
-275540.707    -1.448    -0.18    3.06
-275251.429    -1.331     0.40    3.29
-274962.151    -0.672     2.28    3.32
-274672.874    -0.531     0.49    3.88
-274383.596    -1.167    -2.20    5.00
-274094.319    -1.907    -2.56    5.81
-273805.043    -2.365    -1.58    6.26
-273515.766    -1.804     1.94    6.69
-273226.489    -1.015     2.73    7.24
-272937.213    -0.672     1.18    7.21
-272647.937    -0.719    -0.16    7.03
-272358.661    -1.276    -1.92    6.70
-272069.385    -1.923    -2.24    6.30
-271780.110    -2.648    -2.50    5.98
-271490.834    -4.729    -7.19    5.13
-271201.559    -6.601    -6.47    2.81
-270912.284    -7.689    -3.76    1.32
-270623.009    -7.915    -0.78    1.17
-270333.734    -8.031    -0.40    1.27
-270044.460    -7.990     0.14    1.28
-269755.185    -7.965     0.09    1.33
-269465.911    -7.624     1.18    1.45
-269176.637    -7.350     0.95    1.56
-268887.363    -7.115     0.81    1.72
-268598.090    -6.496     2.14    1.89
-268308.816    -5.990     1.75    1.79
-268019.543    -5.502     1.69    1.68
-267730.270    -5.181     1.11    1.40
-267440.996    -5.052     0.45    1.36
-267151.724    -4.809     0.84    1.30
-266862.451    -4.879    -0.24    1.30
-266573.178    -4.896    -0.06    1.29
-266283.906    -4.758     0.48    1.25
-265994.634    -4.810    -0.18    1.29
-265705.361    -4.727     0.29    1.29
-265416.089    -4.655     0.25    1.24
-265126.818    -4.715    -0.21    1.27
-264837.546    -4.609     0.37    1.14
-264548.274    -4.482     0.44    1.25
-264259.003    -4.384     0.34    1.38
-263969.732    -3.748     2.20    1.96
-263680.461    -2.865     3.05    2.84
-263391.190    -1.694     4.05    3.60
-263101.919    -0.396     4.48    4.12
-262812.648     1.185     5.47    4.27
-262523.378     2.518     4.61    3.76
-262234.107     3.269     2.59    3.40
-261944.837     3.966     2.41    3.09
-261655.567     4.518     1.91    2.77
-261366.297     4.802     0.98    2.78
-261077.027     5.102     1.04    2.80
-260787.758     5.749     2.24    2.95
-260498.488     5.931     0.63    2.91
-260209.219     7.077     3.96    3.26
-259919.949     7.621     1.88    3.56
-259630.680     7.902     0.97    3.68
-259341.411     8.235     1.15    3.63
-259052.142     8.802     1.96    3.98
-258762.873     9.985     4.09    4.57
-258473.604    11.429     4.99    6.41
-258184.336    13.179     6.05    7.40
-257895.067    15.535     8.14    7.77
-257605.799    18.077     8.79    7.43
-257316.531    19.962     6.52    6.80
-257027.253    21.445     5.13    6.93
-256737.964    22.448     3.47    7.18
-256448.676    22.338    -0.38    7.95
-256159.387    21.880    -1.58    8.99
-255870.099    20.467    -4.88    9.50
-255580.811    18.052    -8.35    9.29
-255291.523    17.311    -2.56    8.83
-255002.235    16.762    -1.89    8.87
-254712.947    15.637    -3.89    8.20
-254423.660    15.433    -0.70    7.92
-254134.372    16.262     2.86    8.83
-253845.085    16.707     1.54    8.79
-253555.797    16.657    -0.17    8.82
-253266.510    16.621    -0.13    8.80
-252977.223    15.914    -2.44    8.28
-252687.936    16.109     0.68    8.25
-252398.649    17.121     3.50    8.71
-252109.362    18.811     5.84    9.63
-251820.075    20.604     6.20    9.99
-251530.788    23.431     9.77   10.87
-251241.502    27.419    13.78   10.90
-250952.215    31.466    13.99   10.01
-250662.929    35.085    12.51    8.35
-250373.643    36.784     5.87    7.43
-250084.356    37.328     1.88    6.01
-249795.070    36.685    -2.22    5.62
-249505.784    35.823    -2.98    5.89
-249216.498    34.043    -6.15    6.00
-248927.212    32.248    -6.21    5.71
-248637.926    30.604    -5.69    5.50
-248348.640    30.552    -0.18    6.32
-248059.355    30.891     1.17    6.88
-247770.069    31.085     0.67    7.89
-247480.783    30.466    -2.14    8.91
-247191.498    29.535    -3.22    9.67
-246902.212    27.885    -5.70    9.95
-246612.927    25.219    -9.22   10.64
-246323.642    22.419    -9.68    9.95
-246034.357    19.914    -8.66    9.08
-245745.071    17.485    -8.40    7.47
-245455.786    15.552    -6.68    6.30
-245166.501    13.654    -6.56    4.95
-244877.216    12.671    -3.40    3.74
-244587.931    13.433     2.64    4.98
-244298.647    15.716     7.89    6.57
-244009.362    17.780     7.14    7.27
-243720.077    20.669     9.99    7.18
-243430.792    23.397     9.43    6.09
-243141.508    24.213     2.82    4.64
-242852.223    23.285    -3.21    5.08
-242562.939    22.501    -2.71    5.71
-242273.654    21.173    -4.59    5.95
-241984.370    19.177    -6.90    6.19
-241695.085    17.269    -6.60    5.60
-241405.801    15.925    -4.65    5.20
-241116.517    14.202    -5.96    4.36
-240827.233    12.811    -4.81    3.47
-240537.948    12.266    -1.88    2.38
-240248.664    12.585     1.10    3.51
-239959.380    14.017     4.95    5.40
-239670.096    16.119     7.26    7.09
-239380.812    19.027    10.05    8.26
-239091.528    22.104    10.64    8.87
-238802.244    24.707     9.00    9.17
-238512.960    27.655    10.19    8.40
-238223.676    28.306     2.25    7.95
-237934.392    28.190    -0.40    8.18
-237645.109    26.993    -4.14    8.43
-237355.825    25.811    -4.09    8.51
-237066.541    24.588    -4.23    8.05
-236777.257    24.322    -0.92    8.07
-236487.974    24.502     0.62    8.13
-236198.690    26.435     6.68    8.87
-235909.406    28.622     7.56    9.11
-235620.123    30.345     5.96    8.31
-235330.839    30.869     1.81    7.81
-235041.555    31.959     3.77    7.14
-234752.272    32.831     3.01    7.34
-234462.988    33.397     1.96    7.80
-234173.705    31.104    -7.93    9.69
-233884.421    29.052    -7.09   10.30
-233595.137    28.077    -3.37   10.00
-233305.854    29.085     3.48   10.07
-233016.570    29.104     0.06    9.54
-232727.287    29.264     0.55    8.58
-232438.003    31.052     6.18    8.35
-232148.720    33.969    10.08    8.06
-231859.436    36.519     8.82    7.09
-231570.153    37.027     1.75    7.03
-231280.869    37.452     1.47    6.50
-230991.586    38.355     3.12    6.79
-230702.303    39.431     3.72    6.45
-230413.019    40.104     2.32    6.22
-230123.736    40.085    -0.06    6.07
-229834.452    40.068    -0.06    6.22
-229545.169    40.695     2.17    5.99
-229255.885    40.185    -1.76    5.97
-228966.602    39.891    -1.02    6.24
-228677.318    37.729    -7.47    7.14
-228388.035    35.959    -6.12    7.03
-228098.751    35.010    -3.28    7.38
-227809.467    34.535    -1.64    7.36
-227520.184    34.306    -0.79    6.97
-227230.900    34.619     1.08    7.37
-226941.617    35.349     2.52    7.31
-226652.333    36.847     5.18    7.45
-226363.049    38.835     6.87    7.73
-226073.766    39.623     2.72    7.48
-225784.482    40.654     3.56    7.51
-225495.198    41.535     3.05    7.54
-225205.915    41.634     0.34    7.43
-224916.631    41.043    -2.04    7.32
-224627.347    41.179     0.47    7.07
-224338.063    42.173     3.43    6.96
-224048.780    44.052     6.50    7.69
-223759.496    45.568     5.24    8.07
-223470.212    46.755     4.10    7.85
-223180.928    48.332     5.45    7.44
-222891.644    49.121     2.73    6.61
-222602.360    49.008    -0.39    6.27
-222313.076    48.978    -0.10    6.57
-222023.792    49.519     1.87    6.26
-221734.508    49.470    -0.17    6.22
-221445.224    49.412    -0.20    6.74
-221155.939    50.311     3.11    6.92
-220866.655    51.789     5.11    7.46
-220577.371    53.414     5.62    7.10
-220288.087    53.831     1.44    7.11
-219998.802    55.259     4.94    6.32
-219709.518    56.017     2.62    5.72
-219420.233    55.903    -0.40    5.84
-219130.949    53.552    -8.13    6.77
-218841.664    51.699    -6.40    6.90
-218552.380    49.845    -6.41    7.16
-218263.095    48.959    -3.06    7.44
-217973.810    47.784    -4.06    7.76
-217684.525    46.776    -3.48    7.67
-217395.241    46.402    -1.29    7.41
-217105.956    45.772    -2.18    7.48
-216816.671    46.858     3.75    7.84
-216527.386    47.855     3.45    7.15
-216238.101    47.448    -1.41    6.82
-215948.815    47.604     0.54    6.83
-215659.530    46.185    -4.90    6.86
-215370.245    44.600    -5.48    7.72
-215080.960    43.759    -2.91    8.07
-214791.674    42.685    -3.71    8.04
-214502.389    42.587    -0.34    8.33
-214213.103    43.240     2.26    8.13
-213923.817    44.332     3.77    7.76
-213634.532    45.654     4.57    7.49
-213345.246    48.207     8.83    6.79
-213055.960    49.376     4.04    6.53
-212766.674    49.469     0.32    6.93
-212477.388    49.828     1.24    7.14
-212188.102    49.369    -1.59    7.35
-211898.816    48.452    -3.17    7.75
-211609.530    49.640     4.11    7.80
-211320.243    49.721     0.28    7.82
-211030.957    50.017     1.02    7.59
-210741.670    50.069     0.18    7.45
-210452.384    51.094     3.55    7.27
-210163.097    51.942     2.93    6.96
-209873.810    52.983     3.60    6.46
-209584.523    54.713     5.98    6.73
-209295.236    56.819     7.28    6.79
-209005.949    57.069     0.86    6.61
-208716.662    57.978     3.14    7.30
-208427.375    58.190     0.73    7.05
-208138.087    58.373     0.63    7.48
-207848.800    57.419    -3.30    7.63
-207559.512    55.690    -5.98    7.62
-207270.225    55.519    -0.59    7.24
-206980.937    55.604     0.29    7.87
-206691.649    54.931    -2.32    8.59
-206402.361    53.828    -3.81    8.77
-206113.073    53.931     0.36    8.86
-205823.785    53.634    -1.03    8.99
-205534.497    51.880    -6.06    8.20
-205245.208    50.094    -6.17    8.19
-204955.920    50.302     0.72    8.13
-204666.631    48.914    -4.80    8.70
-204377.342    46.891    -6.99    9.31
-204088.053    44.535    -8.14    9.63
-203798.764    41.721    -9.73   10.10
-203509.475    39.710    -6.95   10.05
-203220.186    36.880    -9.78    9.44
-202930.897    34.485    -8.28    8.20
-202641.607    33.959    -1.82    7.39
-202352.318    33.732    -0.78    7.22
-202063.028    33.588    -0.50    7.18
-201773.738    35.724     7.39    8.28
-201484.448    36.284     1.93    8.06
-201195.158    37.502     4.21    7.59
-200905.868    40.257     9.52    6.93
-200616.577    41.724     5.07    6.70
-200327.287    41.654    -0.24    7.27
-200037.996    41.362    -1.01    7.39
-199748.706    40.752    -2.11    7.30
-199459.415    41.152     1.38    7.06
-199170.124    41.919     2.65    6.36
-198880.832    41.569    -1.21    5.82
-198591.541    40.362    -4.17    6.24
-198302.250    38.993    -4.73    6.89
-198012.958    37.828    -4.03    7.69
-197723.666    35.699    -7.36    8.11
-197434.374    33.319    -8.23    8.04
-197145.082    30.373   -10.18    7.44
-196855.790    27.880    -8.62    6.87
-196566.498    25.535    -8.11    5.56
-196277.205    23.902    -5.64    4.31
-195987.913    23.247    -2.26    4.02
-195698.620    23.802     1.92    5.48
-195409.327    25.828     7.00    6.94
-195120.034    28.499     9.23    8.42
-194830.748    31.891    11.72    9.40
-194541.487    35.704    13.18    9.12
-194252.226    38.342     9.12    7.87
-193962.965    40.657     8.00    6.72
-193673.703    40.838     0.62    7.45
-193384.441    39.128    -5.91    8.69
-193095.180    37.448    -5.81    8.73
-192805.918    37.781     1.15    8.88
-192516.655    38.880     3.80    8.81
-192227.393    38.173    -2.44    8.90
-191938.131    38.104    -0.24    8.61
-191648.868    39.276     4.05    8.03
-191359.605    42.002     9.42    8.16
-191070.342    43.466     5.06    8.60
-190781.079    45.485     6.98    8.16
-190491.816    46.480     3.44    8.54
-190202.552    48.983     8.65    8.09
-189913.288    50.969     6.86    7.43
-189624.024    51.002     0.12    7.04
-189334.760    50.240    -2.63    7.93
-189045.496    49.534    -2.44    8.36
-188756.232    47.466    -7.15    9.17
-188466.967    46.399    -3.69    9.45
-188177.702    46.452     0.18    9.91
-187888.437    46.152    -1.04    9.51
-187599.172    46.397     0.85    9.31
-187309.907    45.450    -3.27    9.25
-187020.641    45.394    -0.19    9.41
-186731.375    46.219     2.85    8.83
-186442.109    45.585    -2.19    8.50
-186152.843    45.242    -1.19    8.29
-185863.577    46.152     3.15    8.46
-185574.310    48.060     6.60    7.32
-185285.044    49.019     3.31    7.01
-184995.777    49.755     2.55    5.99
-184706.510    49.469    -0.99    6.46
-184417.242    48.486    -3.40    6.28
-184127.975    47.640    -2.93    6.46
-183838.707    48.085     1.54    6.77
-183549.439    47.448    -2.20    7.17
-183260.171    47.831     1.32    7.97
-182970.903    49.419     5.49    9.04
-182681.634    50.745     4.59    8.78
-182392.365    51.345     2.07    8.56
-182103.096    52.855     5.22    7.74
-181813.827    52.503    -1.22    7.35
-181524.558    52.484    -0.06    5.98
-181235.288    50.902    -5.47    6.51
-180946.018    48.207    -9.32    6.21
-180656.748    47.355    -2.94    6.92
-180367.478    45.619    -6.00    8.04
-180078.207    43.897    -5.95    9.28
-179788.937    41.142    -9.52    9.59
-179499.666    38.620    -8.72    8.69
-179210.395    36.500    -7.33    7.10
-178921.123    34.845    -5.72    6.33
-178631.852    33.880    -3.34    5.26
-178342.580    35.240     4.70    6.98
-178053.308    37.052     6.26    8.17
-177764.035    39.483     8.40    9.09
-177474.763    40.897     4.89    9.16
-177185.490    42.517     5.60    8.71
-176896.217    43.093     1.99    8.09
-176606.944    42.535    -1.93    7.95
-176317.670    42.027    -1.76    7.05
-176028.396    42.482     1.57    6.42
-175739.123    43.052     1.97    6.55
-175449.848    44.219     4.03    6.79
-175160.574    45.433     4.20    6.69
-174871.299    46.635     4.16    5.99
-174582.024    46.464    -0.59    6.24
-174292.749    44.880    -5.48    7.36
-174003.474    42.880    -6.91    7.40
-173714.198    40.586    -7.93    7.10
-173424.922    38.819    -6.11    6.49
-173135.646    36.828    -6.88    5.57
-172846.369    34.823    -6.93    4.77
-172557.093    33.409    -4.89    3.90
-172267.816    33.755     1.20    4.64
-171978.539    34.667     3.15    5.06
-171689.261    34.569    -0.34    5.17
-171399.983    35.402     2.88    5.25
-171110.706    36.376     3.37    4.82
-170821.427    37.077     2.42    4.40
-170532.149    39.052     6.83    7.00
-170242.870    41.535     8.58   10.25
-169953.591    45.778    14.67   12.90
-169664.312    50.177    15.21   13.69
-169375.032    54.302    14.26   11.56
-169085.752    56.991     9.29    9.42
-168796.472    57.358     1.27    8.84
-168507.192    56.019    -4.63   10.31
-168217.911    53.435    -8.93   11.03
-167928.630    48.328   -17.66   10.37
-167639.349    44.070   -14.72    9.56
-167350.068    41.823    -7.77    8.46
-167060.786    39.501    -8.03    7.25
-166771.504    38.765    -2.54    7.25
-166482.222    39.671     3.13    8.39
-166192.939    42.623    10.21   10.03
-165903.656    45.196     8.89   10.48
-165614.373    48.845    12.61   10.02
-165325.090    50.802     6.76    9.25
-165035.806    52.247     4.99    8.83
-164746.522    51.845    -1.39   10.08
-164457.238    49.655    -7.57   11.30
-164167.953    47.000    -9.18   11.61
-163878.668    43.683   -11.47   11.29
-163589.383    40.724   -10.23    9.57
-163300.098    39.349    -4.76    8.50
-163010.812    39.811     1.60    8.26
-162721.526    40.201     1.35    8.42
-162432.240    40.814     2.12    9.06
-162142.953    40.585    -0.79    8.64
-161853.666    39.896    -2.38    9.04
-161564.379    40.445     1.90    8.82
-161275.091    40.328    -0.40    8.87
-160985.803    40.635     1.06    8.94
-160696.515    40.983     1.20    9.08
-160407.227    41.716     2.53    9.75
-160117.938    43.535     6.29    9.26
-159828.649    45.000     5.07    7.87
-159539.360    43.868    -3.91    8.33
-159250.070    41.010    -9.88    9.96
-158960.780    38.369    -9.13   11.01
-158671.489    36.931    -4.97   11.11
-158382.199    35.635    -4.48   11.39
-158092.908    34.748    -3.07   11.49
-157803.617    33.414    -4.61   12.01
-157514.325    32.602    -2.81   12.77
-157225.033    32.671     0.24   12.52
-156935.741    30.404    -7.83   12.22
-156646.448    27.266   -10.85   11.19
-156357.155    23.959   -11.43    9.50
-156067.862    20.293   -12.67    6.35
-155778.569    19.319    -3.37    5.21
-155489.275    17.880    -4.97    3.21
-155199.981    17.569    -1.07    3.19
-154910.686    16.535    -3.57    3.27
-154621.391    15.945    -2.04    3.30
-154332.096    15.568    -1.30    3.27
-154042.801    14.976    -2.05    4.38
-153753.505    14.027    -3.28    4.97
-153464.209    12.966    -3.67    5.32
-153174.912    12.724    -0.83    5.66
-152885.615    11.952    -2.67    6.16
-152596.318    11.431    -1.80    6.61
-152307.020    10.569    -2.98    6.42
-152017.723    10.369    -0.69    6.05
-151728.424    10.105    -0.91    6.14
-151439.126     9.840    -0.92    6.24
-151149.827     9.276    -1.95    6.32
-150860.528     9.169    -0.37    5.89
-150571.228     8.586    -2.01    5.99
-150281.928     8.467    -0.41    5.61
-149992.628     8.190    -0.96    5.37
-149703.327     7.677    -1.77    5.37
-149414.026     8.433     2.61    5.13
-149124.725     9.484     3.63    4.79
-148835.423    10.224     2.56    4.81
-148546.121    10.983     2.62    4.02
-148256.818    12.052     3.69    3.23
-147967.515    12.619     1.96    1.85
-147678.212    12.738     0.41    1.98
-147388.909    12.819     0.28    2.16
-147099.605    12.690    -0.44    2.28
-146810.300    12.397    -1.01    2.46
-146520.996    12.517     0.42    2.83
-146231.691    12.621     0.36    3.38
-145942.385    13.306     2.37    4.02
-145653.080    13.862     1.92    4.42
-145363.774    15.077     4.20    4.75
-145074.467    14.998    -0.27    4.48
-144785.160    14.789    -0.72    4.16
-144495.853    14.875     0.29    4.06
-144206.545    14.976     0.35    3.71
-143917.237    14.857    -0.41    3.61
-143627.929    15.534     2.34    4.10
-143338.620    17.224     5.84    5.80
-143049.311    19.196     6.82    7.51
-142760.001    21.269     7.16    8.59
-142470.692    23.762     8.62    9.30
-142181.381    26.302     8.78    9.44
-141892.071    29.518    11.12    9.13
-141602.760    31.776     7.80    9.64
-141313.448    33.027     4.32    9.68
-141024.136    34.752     5.96    9.53
-140734.824    36.707     6.76    9.31
-140445.511    39.925    11.12    9.83
-140156.198    42.552     9.08    9.44
-139866.885    44.929     8.22    8.35
-139577.571    46.819     6.53    6.42
-139288.257    46.585    -0.81    6.56
-138998.942    45.688    -3.10    8.49
-138709.627    43.516    -7.50    9.97
-138420.312    41.721    -6.20   10.20
-138130.996    37.793   -13.58   10.69
-137841.680    34.402   -11.72   10.14
-137552.363    32.102    -7.95   10.24
-137263.046    30.745    -4.69   10.46
-136973.729    29.328    -4.90    9.99
-136684.411    27.328    -6.91    9.65
-136395.092    25.335    -6.89    9.02
-136105.774    23.908    -4.93    7.85
-135816.455    22.857    -3.63    6.39
-135527.135    21.759    -3.80    5.18
-135237.815    21.727    -0.11    4.96
-134948.495    22.240     1.77    5.74
-134659.174    24.835     8.97    7.60
-134369.853    27.939    10.73    9.27
-134080.531    32.000    14.04   10.48
-133791.209    36.069    14.06   10.79
-133501.887    40.349    14.79   10.08
-133212.564    44.448    14.17    7.93
-132923.241    47.454    10.39    6.54
-132633.917    48.897     4.99    5.94
-132344.686    49.397     1.73    5.94
-132055.456    49.655     0.89    5.84
-131766.227    49.673     0.06    5.07
-131476.997    49.322    -1.21    4.82
-131187.766    48.466    -2.96    4.97
-130898.535    45.969    -8.63    6.52
-130609.303    43.748    -7.68    9.41
-130320.071    39.688   -14.04   12.24
-130030.839    35.814   -13.39   12.25
-129741.606    32.247   -12.33   11.67
-129452.373    30.019    -7.70   10.47
-129163.139    28.113    -6.59   10.28
-128873.905    25.673    -8.44   10.32
-128584.671    21.382   -14.83   10.98
-128295.436    17.452   -13.59    9.45
-128006.200    14.536   -10.08    7.52
-127716.964    12.638    -6.56    6.27
-127427.728    10.335    -7.96    3.97
-127138.491    10.289    -0.16    3.43
-126849.254    10.702     1.43    3.47
-126560.016    10.942     0.83    3.47
-126270.778    11.448     1.75    3.36
-125981.539    11.908     1.59    3.40
-125692.300    12.776     3.00    3.21
-125403.061    13.385     2.11    2.37
-125113.821    13.685     1.04    2.35
-124824.580    14.635     3.28    2.92
-124535.339    15.637     3.46    3.57
-124246.098    16.675     3.59    3.91
-123956.856    17.285     2.11    3.87
-123667.614    18.845     5.39    4.46
-123378.371    20.765     6.64    5.93
-123089.128    24.230    11.98    8.73
-122799.884    28.043    13.18    9.95
-122510.640    31.173    10.82   10.26
-122221.395    34.070    10.02   10.58
-121932.150    36.339     7.84   10.27
-121642.904    39.738    11.75   10.32
-121353.658    40.502     2.64   12.52
-121064.412    39.948    -1.91   13.44
-120775.165    39.499    -1.55   13.09
-120485.917    39.352    -0.51   14.20
-120196.669    38.569    -2.71   12.80
-119907.421    35.669   -10.03   12.26
-119618.172    31.742   -13.58   10.29
-119328.922    30.483    -4.35    9.90
-119039.672    30.224    -0.89    9.48
-118750.422    28.500    -5.96    8.88
-118461.171    27.978    -1.80    8.44
-118171.919    28.052     0.26    8.50
-117882.667    27.931    -0.42    8.54
-117593.415    27.448    -1.67    8.05
-117304.162    26.850    -2.07    7.15
-117014.909    26.735    -0.40    7.31
-116725.655    27.069     1.15    7.20
-116436.400    27.402     1.15    7.43
-116147.146    28.070     2.31    7.47
-115857.890    28.793     2.50    7.70
-115568.634    29.019     0.78    7.87
-115279.378    29.433     1.43    8.88
-114990.121    31.290     6.42   10.46
-114700.864    32.034     2.57   11.19
-114411.606    34.207     7.51   10.95
-114122.347    35.569     4.71   10.45
-113833.088    35.027    -1.88    9.65
-113543.829    35.152     0.43    9.47
-113254.569    34.811    -1.18    9.17
-112965.308    37.235     8.38   10.17
-112676.047    36.885    -1.21   10.10
-112386.786    38.789     6.58   10.63
-112097.524    39.452     2.29   10.93
-111808.261    40.484     3.57   12.30
-111518.998    41.835     4.67   14.52
-111229.735    44.484     9.16   15.26
-110940.471    46.247     6.09   16.34
-110651.206    49.586    11.54   16.58
-110361.941    52.162     8.90   16.22
-110072.675    53.869     5.90   15.30
-109783.409    56.148     7.88   14.08
-109494.142    58.735     8.94   13.89
-109204.875    62.155    11.82   15.38
-108915.607    65.745    12.41   15.10
-108626.339    69.635    13.45   13.07
-108337.070    71.976     8.09    9.70
-108047.801    71.552    -1.46   11.68
-107758.531    71.248    -1.05   12.71
-107469.261    69.402    -6.38   12.48
-107179.990    66.654    -9.50   11.69
-106890.718    65.421    -4.26   10.21
-106601.446    65.242    -0.62    8.88
-106312.173    66.195     3.30    7.16
-106022.900    67.652     5.04    6.36
-105733.627    69.845     7.58    6.44
-105444.352    72.702     9.88    7.08
-105155.078    76.242    12.24    7.65
-104865.802    80.880    16.03    8.25
-104576.526    84.690    13.17    8.82
-104287.250    88.000    11.44    8.59
-103997.973    89.880     6.50    7.03
-103708.695    90.276     1.37    5.92
-103419.417    89.043    -4.26    6.79
-103130.139    86.776    -7.84    7.27
-102840.859    84.104    -9.24    7.73
-102551.580    80.971   -10.83    8.59
-102262.299    79.852    -3.87    7.63
-101973.018    76.437   -11.80    9.37
-101683.737    74.780    -5.73    9.15
-101394.455    74.328    -1.56    8.01
-101105.172    73.213    -3.85    7.20
-100815.889    71.993    -4.22    6.63
-100526.606    70.302    -5.84    6.44
-100237.321    68.414    -6.53    7.32
 -99948.036    65.742    -9.24    8.12
 -99658.751    63.271    -8.54    7.97
 -99369.465    61.840    -4.95    7.75
 -99080.178    60.019    -6.30    7.98
 -98790.891    58.759    -4.35    6.91
 -98501.604    56.349    -8.33    8.21
 -98212.315    54.409    -6.70    8.35
 -97923.026    50.264   -14.33   10.06
 -97633.737    45.302   -17.15   11.68
 -97344.447    41.702   -12.44   11.47
 -97055.156    37.044   -16.10   11.22
 -96765.865    32.445   -15.90   10.65
 -96476.573    29.569    -9.94   10.22
 -96187.281    25.673   -13.47    7.79
 -95897.988    23.552    -7.33    6.56
 -95608.694    21.240    -7.99    5.36
 -95319.400    20.052    -4.11    4.96
 -95030.106    19.785    -0.92    4.61
 -94740.810    19.641    -0.50    4.63
 -94451.514    20.149     1.75    4.38
 -94162.218    19.852    -1.03    4.20
 -93872.921    20.128     0.95    3.60
 -93583.623    19.793    -1.16    3.47
 -93294.325    19.236    -1.93    3.38
 -93005.026    18.671    -1.95    2.94
 -92715.726    18.688     0.06    2.53
 -92426.426    18.665    -0.08    2.44
 -92137.126    19.010     1.19    2.94
 -91847.824    19.677     2.31    3.08
 -91558.522    20.840     4.02    4.13
 -91269.220    24.466    12.53    8.16
 -90979.917    28.913    15.37   10.70
 -90690.613    33.517    15.92   11.70
 -90401.309    38.707    17.94   11.08
 -90112.004    42.173    11.98   10.43
 -89822.698    46.207    13.95    9.89
 -89533.392    48.669     8.51   11.39
 -89244.085    49.976     4.52   12.82
 -88954.778    52.052     7.18   13.52
 -88665.470    54.429     8.22   12.90
 -88376.161    54.845     1.44   13.42
 -88086.852    57.240     8.28   12.06
 -87797.542    59.264     6.99   11.39
 -87508.231    62.128     9.90   10.51
 -87218.920    64.659     8.75    9.13
 -86929.608    65.604     3.26   11.15
 -86640.296    68.027     8.37   11.90
 -86350.983    71.707    12.72   13.76
 -86061.669    75.109    11.76   14.01
 -85772.355    77.345     7.73   12.84
 -85483.040    79.162     6.28   11.54
 -85193.724    80.570     4.87    9.87
 -84904.408    81.535     3.34    9.03
 -84615.091    80.847    -2.38    9.04
 -84325.774    81.086     0.83    7.67
 -84036.455    83.169     7.20    8.42
 -83747.137    86.397    11.16    8.66
 -83457.817    90.586    14.48    8.25
 -83168.497    93.976    11.71    7.90
 -82879.177    94.891     3.16    7.91
 -82589.855    95.142     0.87    8.04
 -82300.533    94.945    -0.68    8.08
 -82011.211    91.885   -10.57   10.62
 -81721.887    90.289    -5.52   11.34
 -81432.563    86.634   -12.63   13.63
 -81143.239    82.835   -13.13   16.72
 -80853.914    82.552    -0.98   17.55
 -80564.588    82.060    -1.70   17.72
 -80275.261    83.498     4.97   17.22
 -79985.934    85.158     5.74   17.77
 -79696.606    87.077     6.63   16.13
 -79407.277    90.402    11.49   13.12
 -79117.948    92.414     6.95    9.94
 -78828.618    92.588     0.60    7.90
 -78539.288    93.219     2.18    6.66
 -78249.957    92.466    -2.60    6.43
 -77960.625    90.969    -5.17    6.53
 -77671.292    89.738    -4.25    7.93
 -77381.959    88.499    -4.28    9.42
 -77092.625    87.862    -2.20    9.83
 -76803.291    88.397     1.85    8.71
 -76513.956    88.224    -0.60    7.79
 -76224.620    87.673    -1.91    6.86
 -75935.283    87.671    -0.01    6.51
 -75645.946    87.173    -1.72    7.30
 -75356.608    84.016   -10.91    9.22
 -75067.270    79.503   -15.60   11.37
 -74777.930    74.002   -19.01   12.53
 -74488.590    66.322   -26.54   13.05
 -74199.250    60.517   -20.06   12.07
 -73909.908    55.362   -17.81   10.41
 -73620.567    52.002   -11.61    9.23
 -73331.224    50.586    -4.89    8.18
 -73041.880    48.896    -5.84    6.60
 -72752.536    47.604    -4.47    5.73
 -72463.192    46.914    -2.38    5.75
 -72173.846    46.483    -1.49    5.43
 -71884.500    45.688    -2.75    5.10
 -71595.153    45.135    -1.91    5.31
 -71305.806    44.931    -0.71    5.07
 -71016.458    45.806     3.02    6.74
 -70727.109    45.480    -1.13    6.18
 -70437.759    45.145    -1.16    6.49
 -70148.518    44.339    -2.79    5.58
 -69859.319    43.840    -1.72    4.45
 -69570.118    43.635    -0.71    4.55
 -69280.917    44.016     1.32    5.22
 -68991.716    45.380     4.71    6.43
 -68702.513    46.315     3.23    9.06
 -68413.310    48.935     9.06   11.14
 -68124.106    50.762     6.32   12.79
 -67834.902    52.973     7.65   13.12
 -67545.697    54.852     6.50   13.61
 -67256.491    55.480     2.17   12.59
 -66967.284    54.858    -2.15   11.79
 -66678.077    52.162    -9.32   11.55
 -66388.868    49.179   -10.31   12.27
 -66099.660    44.897   -14.81   11.18
 -65810.450    40.973   -13.57    8.84
 -65521.240    38.935    -7.05    7.18
 -65232.029    36.925    -6.95    4.66
 -64942.817    35.945    -3.39    2.82
 -64653.605    35.908    -0.13    2.65
 -64364.392    36.088     0.62    2.16
 -64075.178    36.027    -0.21    1.83
 -63785.963    35.776    -0.87    1.80
 -63496.748    35.502    -0.95    1.93
 -63207.532    35.230    -0.94    1.89
 -62918.315    34.840    -1.35    1.65
 -62629.097    34.586    -0.88    1.92
 -62339.879    34.177    -1.42    1.97
 -62050.660    33.704    -1.63    2.17
 -61761.440    33.501    -0.70    2.16
 -61472.220    33.302    -0.69    2.10
 -61182.999    32.897    -1.40    1.90
 -60893.777    32.766    -0.45    1.65
 -60604.554    32.719    -0.16    1.53
 -60315.331    32.840     0.42    1.52
 -60026.107    33.019     0.62    1.44
 -59736.882    33.155     0.47    1.41
 -59447.656    33.069    -0.30    1.51
 -59158.430    32.983    -0.30    1.59
 -58869.203    33.138     0.54    2.30
 -58579.975    34.142     3.47    3.62
 -58290.746    36.035     6.54    5.48
 -58001.517    38.655     9.06    6.92
 -57712.286    41.605    10.20    7.59
 -57423.056    44.776    10.96    7.67
 -57133.824    47.971    11.05    7.38
 -56844.591    51.552    12.38    7.31
 -56555.358    54.332     9.61    6.90
 -56266.124    56.798     8.53    6.26
 -55976.890    58.224     4.93    5.33
 -55687.654    57.235    -3.42    9.09
 -55398.418    53.060   -14.43   15.65
 -55109.181    45.245   -27.02   20.45
 -54819.943    37.677   -26.17   21.31
 -54530.705    29.776   -27.32   19.22
 -54241.465    21.793   -27.60   14.72
 -53952.225    16.896   -16.93    8.18
 -53662.984    15.650    -4.31    6.10
 -53373.743    16.242     2.04    6.42
 -53084.500    17.162     3.18    6.71
 -52795.257    17.447     0.98    6.88
 -52506.013    18.077     2.18    6.26
 -52216.769    17.935    -0.49    6.06
 -51927.523    17.702    -0.81    6.27
 -51638.277    17.721     0.07    5.97
 -51349.030    18.043     1.11    5.49
 -51059.782    17.891    -0.53    5.34
 -50770.533    17.345    -1.89    5.93
 -50481.284    16.027    -4.56    6.56
 -50192.034    14.435    -5.50    7.65
 -49902.783    12.991    -4.99    7.81
 -49613.531    11.948    -3.60    7.96
 -49324.279    11.862    -0.30    8.02
 -49035.025    12.819     3.31    8.20
 -48745.771    15.111     7.93    8.74
 -48456.516    17.365     7.79    8.81
 -48167.260    19.897     8.75    9.60
 -47878.004    23.236    11.54    9.83
 -47588.747    25.831     8.97    9.46
 -47299.488    28.702     9.93    8.04
 -47010.230    30.181     5.11    7.38
 -46720.970    31.431     4.32    6.62
 -46431.709    30.242    -4.11    7.04
 -46142.448    29.654    -2.03    7.04
 -45853.186    29.897     0.84    7.27
 -45563.923    31.175     4.42    8.04
 -45274.659    32.793     5.59    7.61
 -44985.395    34.052     4.35    7.27
 -44696.129    36.017     6.79    6.15
 -44406.863    37.431     4.89    5.48
 -44117.596    38.002     1.97    5.82
 -43828.328    38.173     0.59    6.58
 -43539.060    38.552     1.31    6.92
 -43249.790    40.266     5.93    7.04
 -42960.520    43.604    11.54    9.36
 -42671.249    48.257    16.09   11.19
 -42381.977    52.652    15.19   11.64
 -42092.704    58.995    21.93   11.80
 -41803.431    64.552    19.21   10.40
 -41514.156    69.086    15.68    9.13
 -41224.881    72.586    12.10    7.71
 -40935.605    74.635     7.08    7.10
 -40646.328    76.142     5.21    7.48
 -40357.051    75.345    -2.76    9.31
 -40067.772    74.302    -3.61   11.41
 -39778.493    74.271    -0.11   12.14
 -39489.213    74.952     2.35   12.79
 -39199.932    79.213    14.73   13.86
 -38910.650    82.104     9.99   14.64
 -38621.367    87.823    19.77   14.36
 -38332.084    92.135    14.91   12.12
 -38042.799    95.652    12.16    9.26
 -37753.514    97.621     6.81    5.99
 -37464.228    97.585    -0.12    5.42
 -37174.941    96.019    -5.42    6.27
 -36885.653    94.043    -6.83    6.62
 -36596.365    92.669    -4.75    8.41
 -36307.075    91.535    -3.92    8.91
 -36017.785    90.486    -3.62   12.39
 -35728.494    91.635     3.97   13.50
 -35439.202    94.811    10.98   12.85
 -35149.909    97.655     9.83   13.79
 -34860.616   102.945    18.28   13.84
 -34571.321   107.568    15.98   13.09
 -34282.026   111.264    12.77   11.17
 -33992.730   113.419     7.45    8.68
 -33703.432   114.328     3.14    7.06
 -33414.134   114.534     0.71    6.22
 -33124.836   113.502    -3.57    7.43
 -32835.536   114.397     3.09    6.49
 -32546.235   114.935     1.86    5.71
 -32256.934   115.517     2.01    5.48
 -31967.632   117.121     5.54    5.29
 -31678.329   117.345     0.77    5.20
 -31389.025   115.690    -5.72    6.87
 -31099.720   111.421   -14.76   10.83
 -30810.414   106.604   -16.65   13.96
 -30521.107    99.983   -22.88   15.50
 -30231.800    94.845   -17.76   16.73
 -29942.492    89.673   -17.88   16.39
 -29653.182    85.987   -12.74   17.93
 -29363.872    83.637    -8.13   19.74
 -29074.561    83.002    -2.19   21.38
 -28785.249    81.219    -6.16   20.95
 -28495.937    78.604    -9.04   21.93
 -28206.623    74.869   -12.91   21.27
 -27917.308    71.637   -11.17   20.43
 -27627.993    67.601   -13.95   18.52
 -27338.677    63.302   -14.86   17.55
 -27049.359    60.121   -10.99   15.34
 -26760.041    55.159   -17.15   13.98
 -26470.722    52.569    -8.95   13.48
 -26181.403    53.369     2.76   13.76
 -25892.082    53.742     1.29   14.15
 -25602.760    55.002     4.36   14.75
 -25313.438    55.707     2.44   13.39
 -25024.114    55.902     0.67   13.58
 -24734.790    53.652    -7.78   14.28
 -24445.465    49.702   -13.65   14.90
 -24156.138    44.069   -19.47   13.42
 -23866.811    40.138   -13.58   11.72
 -23577.484    36.535   -12.45    9.65
 -23288.155    32.500   -13.95    6.80
 -22998.825    30.002    -8.63    3.48
 -22709.494    28.935    -3.69    2.51
 -22420.163    28.409    -1.82    1.89
 -22130.830    28.281    -0.44    2.16
 -21841.497    28.017    -0.91    1.97
 -21552.163    27.919    -0.34    1.85
 -21262.827    27.719    -0.69    1.82
 -20973.491    27.789     0.24    1.77
 -20684.154    27.345    -1.54    2.11
 -20394.816    26.850    -1.71    1.99
 -20105.477    26.306    -1.88    2.09
 -19816.138    25.789    -1.79    2.09
 -19526.797    25.568    -0.76    1.92
 -19237.455    25.535    -0.11    1.93
 -18948.113    25.730     0.68    2.01
 -18658.769    26.235     1.74    2.11
 -18369.425    26.690     1.57    1.99
 -18080.080    27.175     1.68    1.73
 -17790.733    27.380     0.71    1.52
 -17501.386    27.276    -0.36    1.51
 -17212.038    27.190    -0.30    1.67
 -16922.689    27.586     1.37    1.72
 -16633.339    27.650     0.22    2.07
 -16343.988    27.569    -0.28    2.19
 -16054.636    27.102    -1.61    2.88
 -15765.283    26.088    -3.51    4.26
 -15475.930    24.264    -6.30    5.95
 -15186.575    21.762    -8.65    7.14
 -14897.219    20.269    -5.16    7.42
 -14607.863    19.175    -3.78    7.32
 -14318.505    18.113    -3.67    7.12
 -14029.147    17.483    -2.18    6.61
 -13739.788    18.010     1.82    6.34
 -13450.427    19.519     5.22    5.46
 -13161.066    20.785     4.38    5.02
 -12871.704    21.655     3.01    4.48
 -12582.341    21.654    -0.01    4.34
 -12292.976    21.748     0.33    3.51
 -12003.611    20.285    -5.06    4.39
 -11714.245    18.273    -6.95    5.44
 -11424.878    16.742    -5.29    5.59
 -11135.510    14.637    -7.27    5.16
 -10846.141    13.190    -5.00    4.32
 -10556.772    11.785    -4.85    3.03
 -10267.401    11.102    -2.36    2.45
  -9978.029    11.369     0.92    2.93
  -9688.656    11.885     1.79    3.05
  -9399.282    12.131     0.85    3.14
  -9109.908    12.735     2.09    3.25
  -8820.532    13.466     2.52    3.58
  -8531.155    14.319     2.95    3.88
  -8241.778    15.352     3.57    3.88
  -7952.498    16.195     2.91    3.55
  -7663.329    16.276     0.28    3.50
  -7374.160    15.784    -1.70    3.74
  -7084.989    15.011    -2.67    4.07
  -6795.818    13.976    -3.58    4.17
  -6506.645    12.569    -4.87    3.73
  -6217.472    11.311    -4.35    2.20
  -5928.297    10.833    -1.65    1.81
  -5639.122    10.819    -0.05    1.92
  -5349.945    10.707    -0.39    1.77
  -5060.768    10.601    -0.37    1.77
  -4771.589    10.552    -0.17    1.92
  -4482.410    10.983     1.49    2.17
  -4193.230    11.448     1.61    2.66
  -3904.048    12.086     2.21    3.41
  -3614.866    12.175     0.31    3.60
  -3325.683    12.086    -0.31    3.89
  -3036.498    11.431    -2.27    5.07
  -2747.313    10.569    -2.98    5.83
  -2458.127     9.166    -4.85    6.30
  -2168.939     7.322    -6.37    6.71
  -1879.751     5.976    -4.66    6.73
  -1590.562     5.002    -3.37    7.16
  -1301.371     3.868    -3.92    6.76
  -1012.180     3.190    -2.34    6.57
   -722.988     2.419    -2.67    5.94
   -433.795     2.094    -1.12    5.42
   -144.600     2.969     3.02    5.77
    144.595     2.820    -0.51    5.15
    433.791     3.173     1.22    4.64
    722.989     3.380     0.72    4.90
   1012.187     3.704     1.12    4.85
   1301.386     4.043     1.17    4.75
   1590.587     4.604     1.94    4.69
   1879.788     6.027     4.92    4.68
   2168.990     7.376     4.67    4.74
   2458.194     8.585     4.18    4.90
   2747.398    10.085     5.19    3.99
   3036.604    10.806     2.49    4.17
   3325.810    11.935     3.90    4.22
   3615.018    12.219     0.98    3.59
   3904.226    12.925     2.44    3.53
   4193.436    12.845    -0.28    3.31
   4482.646    12.976     0.45    2.72
   4771.858    12.719    -0.89    2.48
   5061.070    12.271    -1.55    2.28
   5350.284    11.919    -1.22    2.18
   5639.499    11.463    -1.58    1.97
   5928.714    11.391    -0.25    2.03
   6217.931    10.935    -1.57    1.90
   6507.149    10.620    -1.09    1.98
   6796.368    10.742     0.42    1.99
   7085.587    10.833     0.31    2.11
   7374.808    10.959     0.44    2.27
   7664.030    11.010     0.18    2.23
   7953.253    10.907    -0.36    2.12
   8242.477    11.019     0.39    2.13
   8531.702     9.980    -3.59    3.77
   8820.928     8.789    -4.12    4.67
   9110.155     6.397    -8.27    5.19
   9399.383     4.552    -6.38    5.02
   9688.612     3.069    -5.13    4.50
   9977.843     1.086    -6.86    1.97
  10267.074     0.742    -1.19    0.48
  10556.306     0.897     0.54    0.78
  10845.540     1.035     0.48    1.10
  11134.774     1.207     0.59    1.24
  11424.010     1.669     1.60    1.73
  11713.246     2.622     3.30    2.87
  12002.484     3.727     3.82    3.76
  12291.722     5.667     6.70    4.90
  12580.962     6.902     4.27    5.07
  12870.203     7.552     2.25    4.73
  13159.445     7.429    -0.42    4.42
  13448.688     6.724    -2.44    4.64
  13737.932     5.419    -4.51    4.76
  14027.177     3.880    -5.32    4.13
  14316.423     2.452    -4.94    2.72
  14605.670     1.742    -2.46    1.90
  14894.918     2.315     1.98    2.81
  15184.168     3.201     3.06    3.36
  15473.418     4.169     3.35    3.51
  15762.670     4.969     2.77    3.49
  16051.922     5.811     2.91    3.52
  16341.176     6.735     3.20    3.07
  16630.430     7.482     2.58    2.18
  16919.686     7.517     0.12    1.98
  17208.943     6.891    -2.17    2.08
  17498.201     6.382    -1.76    1.91
  17787.460     5.831    -1.91    1.78
  18076.720     5.516    -1.09    1.80
  18365.981     5.502    -0.05    1.98
  18655.244     5.190    -1.08    2.23
  18944.507     5.342     0.53    2.34
  19233.771     5.652     1.07    2.43
  19523.037     6.603     3.29    3.17
  19812.303     8.604     6.92    5.06
  20101.571    10.713     7.29    5.70
  20390.840    12.335     5.61    5.57
  20680.110    13.857     5.26    4.78
  20969.381    15.252     4.82    3.81
  21258.653    16.586     4.61    3.04
  21547.926    17.123     1.86    2.96
  21837.201    17.835     2.46    3.32
  22126.476    21.431    12.43    8.39
  22415.752    26.885    18.85   13.72
  22705.030    33.619    23.28   16.97
  22994.309    42.104    29.33   18.87
  23283.589    49.845    26.76   19.17
  23572.870    58.983    31.59   16.73
  23862.152    65.224    21.57   10.95
  24151.435    69.500    14.78    6.57
  24440.719    72.128     9.08    5.08
  24730.004    73.724     5.52    4.23
  25019.291    75.605     6.50    5.21
  25308.578    77.224     5.59    6.63
  25597.867    79.052     6.32    6.67
  25887.157    81.002     6.74    6.30
  26176.448    83.499     8.63    6.10
  26465.740    87.035    12.22    6.99
  26755.033    90.252    11.12    8.58
  27044.328    93.789    12.23    9.51
  27333.623    97.749    13.69   10.70
  27622.920   102.224    15.47   11.59
  27912.217   107.811    19.31   11.84
  28201.516   112.483    16.15   12.74
  28490.816   118.785    21.78   12.46
  28780.117   124.885    21.09   11.12
  29069.419   130.086    17.98    8.20
  29358.723   133.789    12.80    6.21
  29648.027   136.248     8.50    4.97
  29937.333   138.179     6.67    5.51
  30226.640   141.667    12.06    6.51
  30515.948   144.230     8.86    7.27
  30805.257   146.985     9.52    7.81
  31094.567   148.891     6.59    7.12
  31383.878   149.772     3.05    6.55
  31673.191   148.069    -5.89    9.08
  31962.504   144.857   -11.10   12.28
  32251.819   138.421   -22.25   17.08
  32541.135   131.820   -22.82   18.88
  32830.452   122.269   -33.01   20.51
  33119.770   109.445   -44.32   21.73
  33409.089   102.858   -22.77   18.77
  33698.410    96.285   -22.72   16.14
  33987.732    95.385    -3.11   15.49
  34277.054    95.914     1.83   17.64
  34566.378   100.724    16.63   20.34
  34855.703   107.298    22.72   22.19
  35145.030   118.416    38.43   21.88
  35434.357   126.439    27.73   17.62
  35723.686   131.738    18.32   15.10
  36013.016   135.338    12.44   13.67
  36302.346   137.043     5.90   14.44
  36591.679   139.707     9.21   14.45
  36881.012   140.601     3.09   14.89
  37170.346   142.017     4.90   14.81
  37459.682   145.776    12.99   12.99
  37749.019   148.776    10.37   11.05
  38038.357   150.833     7.11    8.93
  38327.696   149.652    -4.08    8.90
  38617.036   148.501    -3.98    9.14
  38906.377   146.235    -7.83    9.75
  39195.720   143.850    -8.24   10.74
  39485.064   140.190   -12.65   10.60
  39774.409   135.339   -16.77   11.23
  40063.755   131.196   -14.32   12.73
  40353.102   126.769   -15.30   13.71
  40642.451   120.622   -21.24   15.11
  40931.801   112.448   -28.25   19.26
  41221.152   105.213   -25.01   19.94
  41510.504    98.362   -23.68   18.24
  41799.857    94.503   -13.34   16.47
  42089.211    91.707    -9.66   16.00
  42378.567    92.620     3.15   17.69
  42667.924    92.159    -1.59   17.85
  42957.282    93.402     4.30   18.41
  43246.641    93.052    -1.21   18.49
  43536.002    90.466    -8.94   17.84
  43825.363    89.852    -2.12   17.88
  44114.726    87.862    -6.88   16.61
  44404.090    88.293     1.49   17.32
  44693.455    88.857     1.95   18.44
  44982.822    89.382     1.82   19.04
  45272.189    91.568     7.55   20.38
  45561.558    91.266    -1.04   20.78
  45850.928    90.502    -2.64   19.95
  46140.300    86.655   -13.29   19.40
  46429.672    84.697    -6.77   17.94
  46719.046    85.602     3.13   17.72
  47008.421    85.281    -1.11   19.17
  47297.797    87.414     7.37   20.65
  47587.174    90.177     9.55   23.81
  47876.552    94.716    15.69   25.03
  48165.932   100.484    19.93   23.76
  48455.313   102.285     6.22   24.12
  48744.695   103.655     4.73   23.97
  49034.079   107.945    14.82   23.32
  49323.463   109.352     4.86   23.22
  49612.849   112.966    12.49   20.69
  49902.236   116.019    10.55   21.10
  50191.624   119.802    13.07   20.75
  50481.014   124.483    16.18   19.70
  50770.405   126.931     8.46   19.20
  51059.797   129.293     8.16   17.07
  51349.190   131.568     7.86   17.76
  51638.584   134.224     9.18   16.92
  51927.980   133.942    -0.98   19.35
  52217.377   134.311     1.27   18.79
  52506.775   135.588     4.41   14.35
  52796.174   132.004   -12.38   14.77
  53085.575   125.852   -21.26   20.20
  53374.977   114.752   -38.36   25.19
  53664.380   101.131   -47.07   30.21
  53953.784    86.517   -50.50   31.26
  54243.133    74.179   -42.64   26.02
  54532.272    67.315   -23.74   20.23
  54821.412    62.752   -15.78   14.45
  55110.553    63.086     1.16   13.52
  55399.696    66.828    12.94   14.93
  55688.839    71.880    17.47   14.84
  55977.984    77.352    18.93   14.87
  56267.131    84.535    24.84   18.03
  56556.278    91.190    23.02   20.22
  56845.427   100.315    31.56   23.40
  57134.577   108.623    28.74   24.25
  57423.728   119.264    36.80   25.65
  57712.880   130.335    38.29   22.04
  58002.034   134.264    13.59   18.40
  58291.189   137.339    10.63   14.37
  58580.345   135.998    -4.64   17.59
  58869.503   130.603   -18.66   22.19
  59158.662   118.638   -41.38   26.93
  59447.822   109.634   -31.14   26.66
  59736.983    99.995   -33.34   23.77
  60026.146    92.069   -27.41   21.17
  60315.309    83.219   -30.61   17.99
  60604.474    77.266   -20.58   16.68
  60893.641    72.826   -15.35   14.73
  61182.808    69.755   -10.62   12.86
  61471.977    67.119    -9.12   10.67
  61761.148    64.086   -10.49    7.08
  62050.319    61.850    -7.73    6.67
  62339.492    60.806    -3.61    7.36
  62628.666    60.052    -2.61    8.29
  62917.841    58.470    -5.47    8.73
  63207.018    56.219    -7.79    8.18
  63496.196    53.838    -8.23    7.33
  63785.375    51.840    -6.91    6.08
  64074.555    50.983    -2.96    4.13
  64363.737    50.978    -0.02    3.36
  64652.920    51.724     2.58    3.38
  64942.104    52.155     1.49    3.93
  65231.290    52.966     2.80    4.62
  65520.476    53.657     2.39    4.82
  65809.665    54.635     3.38    5.68
  66098.854    55.085     1.56    6.16
  66388.045    55.437     1.22    7.45
  66677.237    56.429     3.43    7.73
  66966.430    57.500     3.70    8.15
  67255.625    59.069     5.42    8.95
  67544.821    60.993     6.65   10.50
  67834.018    61.880     3.07   11.29
  68123.216    63.780     6.57   11.06
  68412.416    63.897     0.40   10.92
  68701.617    63.673    -0.78   10.43
  68990.820    64.332     2.28   10.15
  69280.023    65.060     2.52   10.10
  69569.228    65.345     0.99    9.84
  69858.435    67.094     6.05    9.60
  70147.642    69.016     6.65   10.33
  70436.851    72.102    10.67   11.08
  70726.062    74.158     7.11   10.63
  71015.273    75.365     4.17   10.31
  71304.486    76.052     2.37    9.77
  71593.700    78.113     7.13    9.48
  71882.916    81.224    10.76    8.91
  72172.133    82.335     3.84    8.85
  72461.351    82.235    -0.35    8.95
  72750.570    81.262    -3.37   10.58
  73039.791    81.516     0.88   10.31
  73329.013    80.602    -3.16   10.45
  73618.237    79.498    -3.82    9.97
  73907.462    81.068     5.43   10.48
  74196.688    82.501     4.95    9.90
  74485.915    83.535     3.57    9.82
  74775.144    84.293     2.62   10.06
  75064.374    83.833    -1.59   11.62
  75353.606    82.019    -6.27   12.18
  75642.838    78.772   -11.22    8.92
  75932.073    75.798   -10.28    6.67
  76221.308    73.335    -8.51    6.81
  76510.545    70.963    -8.20    7.44
  76799.783    68.128    -9.80    6.60
  77089.022    66.328    -6.22    7.13
  77378.263    65.388    -3.25    6.80
  77667.505    64.688    -2.42    6.82
  77956.749    66.450     6.09    8.49
  78245.994    68.948     8.64    9.89
  78535.240    72.780    13.25   11.62
  78824.487    77.732    17.12   13.88
  79113.736    83.671    20.53   17.86
  79402.987    90.891    24.96   21.18
  79692.238   100.311    32.57   23.49
  79981.491   108.938    29.83   22.25
  80270.745   116.093    24.74   19.13
  80560.001   120.835    16.40   19.15
  80849.258   120.152    -2.36   21.01
  81138.516   118.306    -6.38   22.39
  81427.776   114.707   -12.44   21.86
  81717.037   112.621    -7.21   19.20
  82006.300   111.724    -3.10   15.21
  82295.564   114.634    10.06   14.55
  82584.829   117.242     9.01   16.54
  82874.095   126.162    30.84   20.65
  83163.363   131.641    18.94   22.08
  83452.632   141.069    32.59   23.60
  83741.903   147.929    23.72   22.13
  84031.175   152.621    16.22   19.36
  84320.449   157.501    16.87   12.86
  84609.723   158.675     4.06   10.83
  84898.999   158.621    -0.19    9.09
  85188.277   155.802    -9.74   10.85
  85477.556   152.111   -12.76   12.98
  85766.836   146.536   -19.27   16.49
  86056.118   142.891   -12.60   17.31
  86345.401   136.519   -22.03   19.06
  86634.685   133.306   -11.10   18.55
  86923.971   130.404   -10.03   17.64
  87213.258   125.208   -17.96   18.07
  87502.547   121.397   -13.17   17.69
  87791.837   114.806   -22.78   16.06
  88081.128   108.838   -20.63   12.11
  88370.421   106.896    -6.71   10.57
  88659.715   104.467    -8.40    7.75
  88949.011   103.385    -3.74    7.23
  89238.307   102.586    -2.76    6.94
  89527.606   103.230     2.23    7.53
  89816.905   103.298     0.23    8.12
  90106.207   102.759    -1.86    9.14
  90395.509   104.085     4.58   11.41
  90684.813   105.435     4.67   13.07
  90974.118   107.008     5.44   13.93
  91263.425   106.259    -2.59   14.83
  91552.733   102.742   -12.16   15.13
  91842.043   100.355    -8.25   14.56
  92131.354    98.983    -4.74   13.74
  92420.666    95.202   -13.07   12.52
  92709.980    92.017   -11.01   10.09
  92999.295    88.713   -11.42    9.03
  93288.611    88.116    -2.06    8.53
  93577.929    87.535    -2.01    9.24
  93867.249    86.245    -4.46    9.59
  94156.570    86.284     0.13    9.87
  94445.892    86.362     0.27   10.11
  94735.215    86.586     0.77    9.88
  95024.540    87.035     1.55    9.00
  95313.867    86.273    -2.63    8.92
  95603.195    85.897    -1.30    9.01
  95892.524    85.448    -1.55    9.75
  96181.855    85.640     0.66   10.32
  96471.187    85.902     0.91   11.59
  96760.521    86.269     1.27   13.11
  97049.856    86.931     2.29   13.86
  97339.192    87.085     0.53   14.35
  97628.530    87.998     3.16   14.62
  97917.869    85.121    -9.95   15.40
  98207.210    81.939   -11.00   15.38
  98496.552    80.247    -5.85   14.96
  98785.896    78.437    -6.25   14.16
  99075.241    78.016    -1.45   13.73
  99364.588    76.484    -5.30   13.68
  99653.936    76.035    -1.55   13.20
  99943.285    77.273     4.28   13.58
 100232.636    77.175    -0.34   13.49
 100521.988    77.903     2.52   13.09
 100811.342    76.319    -5.48   12.63
 101100.697    76.873     1.92   11.75
 101390.054    78.810     6.69   12.22
 101679.412    80.010     4.15   11.57
 101968.771    80.735     2.51   10.42
 102258.132    80.431    -1.05    9.78
 102547.494    81.780     4.66    9.16
 102836.858    80.857    -3.19    9.41
 103126.224    79.362    -5.17    9.01
 103415.590    76.896    -8.52   10.36
 103704.959    74.352    -8.79   10.64
 103994.328    71.552    -9.68    9.59
 104283.700    69.315    -7.73    9.90
 104573.072    67.690    -5.61    9.98
 104862.446    65.749    -6.71   10.12
 105151.822    64.621    -3.90   10.04
 105441.199    63.138    -5.12    9.66
 105730.577    62.362    -2.68    9.53
 106019.957    61.938    -1.47    9.06
 106309.339    61.785    -0.53    9.20
 106598.721    61.702    -0.29    9.49
 106888.106    62.358     2.27    9.61
 107177.492    63.113     2.61    9.75
 107466.879    64.380     4.38    9.16
 107756.268    63.835    -1.88    8.01
 108045.658    63.772    -0.22    6.12
 108335.050    62.302    -5.08    5.49
 108624.443    61.254    -3.62    5.51
 108913.838    58.707    -8.80    5.94
 109203.234    56.620    -7.21    6.35
 109492.631    53.704   -10.07    7.69
 109782.031    49.880   -13.22    9.86
 110071.431    44.724   -17.81   11.73
 110360.833    38.349   -22.03   11.70
 110650.237    33.980   -15.09   10.99
 110939.642    30.128   -13.31    8.36
 111229.049    28.863    -4.37    7.65
 111518.457    29.298     1.50    8.23
 111807.866    32.169     9.92    9.26
 112097.277    34.991     9.75    9.08
 112386.690    38.637    12.60    8.14
 112676.104    42.823    14.47    6.73
 112965.520    46.365    12.24    6.24
 113254.937    49.455    10.68    9.17
 113544.355    53.236    13.06   11.41
 113833.775    58.169    17.04   11.93
 114123.197    64.499    21.87   12.12
 114412.620    69.455    17.12   11.22
 114702.044    74.535    17.55    8.97
 114991.470    77.285     9.50    7.00
 115280.898    78.431     3.96    6.73
 115570.327    78.695     0.91    6.48
 115859.758    77.654    -3.60    6.91
 116149.190    75.467    -7.55    7.03
 116438.624    73.175    -7.92    8.85
 116727.747    71.485    -5.84    9.89
 117016.857    69.248    -7.74   10.17
 117305.968    68.467    -2.70   11.16
 117595.081    68.173    -1.02   11.23
 117884.195    67.421    -2.60   11.42
 118173.311    66.552    -3.01   10.53
 118462.428    67.431     3.04   10.53
 118751.547    67.948     1.79   10.42
 119040.667    67.604    -1.19    9.99
 119329.789    67.683     0.27    9.22
 119618.913    67.207    -1.65    7.94
 119908.037    68.252     3.61    7.90
 120197.164    68.627     1.30    7.82
 120486.292    68.330    -1.03    7.19
 120775.421    68.471     0.49    7.58
