-152885.919    33.543     0.00    5.71
-152596.635    34.140     2.06    5.55
-152307.350    34.830     2.39    5.69
-152018.065    35.643     2.81    5.78
-151728.780    36.650     3.48    5.51
-151439.495    38.102     5.02    4.24
-151150.211    39.000     3.11    2.54
-150860.926    38.534    -1.61    3.29
-150571.641    37.893    -2.22    3.95
-150282.356    37.400    -1.70    3.93
-149993.071    37.345    -0.19    4.01
-149703.787    36.869    -1.65    3.86
-149414.502    37.017     0.51    3.34
-149125.217    37.000    -0.06    2.76
-148835.932    36.810    -0.66    2.63
-148546.647    36.534    -0.95    2.36
-148257.362    35.820    -2.47    2.04
-147968.077    35.379    -1.52    2.01
-147678.792    35.203    -0.61    2.23
-147389.507    35.052    -0.52    2.37
-147100.222    34.643    -1.41    2.31
-146810.937    34.639    -0.01    2.49
-146521.652    34.400    -0.83    2.31
-146232.367    34.574     0.60    2.64
-145943.082    34.632     0.20    2.91
-145653.797    34.759     0.44    2.90
-145364.512    34.783     0.09    2.80
-145075.227    34.407    -1.30    2.98
-144785.942    34.426     0.07    3.01
-144496.656    34.034    -1.35    2.90
-144207.371    33.586    -1.55    2.51
-143918.086    33.397    -0.66    2.64
-143628.801    33.220    -0.61    2.86
-143339.515    33.213    -0.02    3.23
-143050.230    33.207    -0.02    3.36
-142760.944    33.220     0.05    3.69
-142471.659    32.643    -2.00    3.73
-142182.373    32.683     0.14    4.03
-141893.088    32.393    -1.00    4.10
-141603.802    31.949    -1.54    3.87
-141314.517    31.700    -0.86    3.50
-141025.231    31.702     0.01    3.25
-140735.945    31.224    -1.65    2.82
-140446.659    30.467    -2.62    2.35
-140157.374    29.967    -1.73    2.21
-139868.088    29.710    -0.89    1.90
-139578.802    29.321    -1.34    1.72
-139289.516    28.983    -1.17    1.66
-139000.230    28.857    -0.44    1.61
-138710.944    28.887     0.10    1.64
-138421.657    28.983     0.33    1.59
-138132.371    29.121     0.48    1.55
-137843.085    29.102    -0.07    1.71
-137553.799    29.464     1.25    1.72
-137264.512    29.633     0.58    1.75
-136975.226    29.966     1.15    1.76
-136685.939    30.098     0.46    1.80
-136396.653    30.550     1.56    1.84
-136107.366    31.054     1.74    1.98
-135818.079    31.136     0.28    2.05
-135528.792    31.603     1.62    2.14
-135239.505    31.831     0.78    2.25
-134950.219    32.034     0.70    2.19
-134660.931    32.207     0.60    1.99
-134371.644    32.534     1.13    2.02
-134082.357    33.052     1.79    1.81
-133793.070    33.267     0.74    1.66
-133503.783    33.492     0.78    1.71
-133214.495    33.915     1.46    1.69
-132925.208    33.793    -0.42    1.98
-132635.920    33.667    -0.44    1.90
-132346.632    34.066     1.38    2.31
-132057.345    34.517     1.56    2.71
-131768.057    34.951     1.50    2.83
-131478.769    35.304     1.22    2.99
-131189.481    35.759     1.57    2.78
-130900.193    36.034     0.95    2.68
-130610.904    36.069     0.12    2.78
-130321.616    35.590    -1.66    3.03
-130032.328    34.966    -2.16    3.26
-129743.039    34.086    -3.04    3.26
-129453.751    33.603    -1.67    3.12
-129164.462    32.797    -2.79    2.87
-128875.173    32.483    -1.08    2.72
-128585.884    32.741     0.89    3.05
-128296.595    32.700    -0.14    3.37
-128007.306    32.607    -0.32    3.21
-127718.017    32.328    -0.97    3.21
-127428.728    32.050    -0.96    3.14
-127139.438    31.966    -0.29    3.24
-126850.149    31.767    -0.69    2.96
-126560.859    32.161     1.36    2.90
-126271.569    32.741     2.01    2.84
-125982.280    33.254     1.77    2.77
-125692.990    33.800     1.89    2.82
-125403.700    34.081     0.97    2.69
-125114.409    33.948    -0.46    2.62
-124825.119    34.150     0.70    2.60
-124535.829    33.439    -2.46    2.36
-124246.538    33.066    -1.29    2.21
-123957.247    32.949    -0.40    2.25
-123667.957    32.932    -0.06    2.34
-123378.666    33.102     0.59    2.39
-123089.375    33.466     1.26    2.44
-122800.083    33.467     0.00    2.35
-122510.792    34.293     2.86    2.80
-122221.501    35.117     2.85    2.93
-121932.209    36.083     3.34    2.88
-121642.917    36.965     3.05    3.12
-121353.626    37.695     2.52    3.20
-121064.334    38.638     3.26    2.85
-120775.042    39.250     2.12    2.29
-120485.749    39.237    -0.04    2.40
-120196.457    39.407     0.59    2.61
-119907.165    39.724     1.10    2.27
-119617.872    39.518    -0.71    2.37
-119328.579    39.644     0.44    2.20
-119039.286    39.950     1.06    2.21
-118749.993    40.000     0.17    2.30
-118460.700    40.086     0.30    2.35
-118171.407    40.286     0.69    2.18
-117882.113    40.483     0.68    2.22
-117592.819    40.293    -0.66    2.05
-117303.526    40.183    -0.38    1.98
-117014.232    40.068    -0.40    1.96
-116724.938    39.776    -1.01    1.77
-116435.643    39.310    -1.61    2.32
-116146.349    38.517    -2.74    2.56
-115857.054    38.082    -1.50    2.31
-115567.760    37.466    -2.13    2.20
-115278.465    37.086    -1.31    1.89
-114989.170    37.105     0.07    1.86
-114699.874    37.138     0.11    1.73
-114410.579    37.629     1.70    1.56
-114121.283    37.712     0.29    1.60
-113831.988    37.915     0.70    1.55
-113542.692    37.860    -0.19    1.53
-113253.396    37.948     0.31    1.57
-112964.100    38.200     0.87    1.64
-112674.803    38.288     0.30    1.63
-112385.507    38.131    -0.54    1.94
-112096.233    37.964    -0.58    2.01
-111806.974    37.828    -0.47    1.92
-111517.715    37.732    -0.33    1.97
-111228.456    37.600    -0.46    1.92
-110939.196    37.213    -1.34    1.83
-110649.937    37.052    -0.56    1.92
-110360.677    36.881    -0.59    1.89
-110071.417    36.862    -0.07    2.04
-109782.157    36.683    -0.62    2.10
-109492.896    36.183    -1.73    2.16
-109203.636    35.383    -2.77    2.71
-108914.375    34.250    -3.92    3.20
-108625.114    32.586    -5.75    4.00
-108335.853    30.949    -5.66    3.94
-108046.591    28.534    -8.35    4.16
-107757.330    26.656    -6.49    4.07
-107468.068    24.933    -5.95    3.16
-107178.806    23.875    -3.66    2.64
-106889.544    23.237    -2.20    2.24
-106600.282    23.414     0.61    2.60
-106311.019    23.700     0.99    2.73
-106021.756    24.000     1.04    2.90
-105732.494    24.750     2.59    2.94
-105443.230    25.569     2.83    2.79
-105153.967    26.474     3.13    2.90
-104864.704    27.390     3.17    2.67
-104575.440    28.576     4.10    2.45
-104286.176    29.532     3.30    2.19
-103996.912    30.186     2.26    2.00
-103707.647    30.679     1.70    1.80
-103418.383    30.833     0.54    2.02
-103129.118    30.983     0.52    1.94
-102839.853    30.902    -0.28    2.29
-102550.588    30.914     0.04    2.37
-102261.322    30.810    -0.36    2.62
-101972.057    30.586    -0.77    2.53
-101682.791    30.586     0.00    2.16
-101393.525    30.400    -0.64    2.26
-101104.259    30.690     1.00    2.01
-100814.992    30.783     0.32    2.09
-100525.725    30.607    -0.61    2.02
-100236.458    29.879    -2.52    2.56
 -99947.191    29.410    -1.62    2.92
 -99657.924    28.917    -1.70    3.07
 -99368.656    28.164    -2.60    2.87
 -99079.388    27.614    -1.90    2.71
 -98790.120    27.586    -0.10    2.68
 -98500.852    28.119     1.84    2.77
 -98211.583    28.483     1.26    2.57
 -97922.314    28.867     1.33    2.49
 -97633.045    29.207     1.18    2.05
 -97343.776    28.983    -0.77    2.13
 -97054.507    28.667    -1.09    1.92
 -96765.237    28.700     0.12    1.88
 -96475.967    28.803     0.36    2.04
 -96186.697    29.034     0.80    1.92
 -95897.426    28.847    -0.65    2.22
 -95608.155    28.807    -0.14    2.42
 -95318.884    28.900     0.32    2.54
 -95029.613    29.169     0.93    2.67
 -94740.342    28.750    -1.45    2.81
 -94451.070    28.525    -0.78    2.72
 -94161.798    28.772     0.86    2.43
 -93872.526    29.150     1.31    2.28
 -93583.253    29.483     1.15    2.13
 -93293.981    29.200    -0.98    2.33
 -93004.708    28.550    -2.25    2.84
 -92715.434    27.845    -2.44    3.48
 -92426.161    26.603    -4.29    3.91
 -92136.887    24.911    -5.85    3.58
 -91847.613    23.623    -4.45    3.15
 -91558.339    22.763    -2.97    2.58
 -91269.064    22.033    -2.52    2.09
 -90979.789    21.276    -2.62    2.21
 -90690.514    20.807    -1.62    2.21
 -90401.239    20.542    -0.91    2.26
 -90111.963    19.966    -1.99    2.12
 -89822.688    19.607    -1.24    2.07
 -89533.411    19.475    -0.46    1.78
 -89244.135    19.561     0.30    1.71
 -88954.858    19.724     0.56    1.77
 -88665.581    20.345     2.15    2.22
 -88376.304    21.115     2.66    2.60
 -88087.027    21.793     2.34    2.64
 -87797.749    22.810     3.52    2.79
 -87508.471    23.431     2.15    2.51
 -87219.192    23.966     1.85    2.36
 -86929.914    24.300     1.16    1.96
 -86640.635    24.400     0.35    1.92
 -86351.355    23.933    -1.61    1.82
 -86062.076    23.518    -1.44    1.67
 -85772.796    22.948    -1.97    1.90
 -85483.516    22.367    -2.01    2.00
 -85194.236    22.237    -0.45    1.88
 -84904.955    21.833    -1.40    1.89
 -84615.674    21.421    -1.43    1.80
 -84326.393    21.103    -1.10    1.76
 -84037.111    20.881    -0.77    1.52
 -83747.829    20.831    -0.18    1.42
 -83458.547    20.600    -0.80    1.54
 -83169.265    20.586    -0.05    1.48
 -82879.982    20.339    -0.85    1.18
 -82590.699    20.339     0.00    1.07
 -82301.416    20.136    -0.70    1.06
 -82012.132    20.148     0.04    1.25
 -81722.848    20.085    -0.22    1.25
 -81433.564    19.850    -0.81    1.23
 -81144.279    19.807    -0.15    1.37
 -80854.995    19.793    -0.05    1.59
 -80565.709    19.746    -0.16    1.60
 -80276.424    19.746     0.00    1.59
 -79987.138    19.565    -0.63    1.37
 -79697.852    19.446    -0.41    1.44
 -79408.566    19.167    -0.97    1.49
 -79119.279    19.175     0.03    1.82
 -78829.992    18.871    -1.05    1.65
 -78540.704    18.517    -1.22    1.64
 -78251.417    18.322    -0.67    1.62
 -77962.129    18.086    -0.82    1.60
 -77672.840    18.143     0.20    1.74
 -77383.552    17.733    -1.42    1.38
 -77094.263    17.644    -0.31    1.41
 -76804.973    17.393    -0.87    1.38
 -76515.684    17.203    -0.66    1.44
 -76226.394    17.054    -0.52    1.37
 -75937.103    16.932    -0.42    1.35
 -75647.813    16.776    -0.54    1.23
 -75358.522    16.767    -0.03    1.41
 -75069.230    16.500    -0.92    1.40
 -74779.939    16.448    -0.18    1.37
 -74490.647    16.534     0.30    1.68
 -74201.354    17.052     1.79    2.54
 -73912.062    17.213     0.56    3.07
 -73622.769    17.310     0.34    3.25
 -73333.475    17.746     1.51    3.54
 -73044.182    17.862     0.40    3.31
 -72754.888    17.491    -1.28    2.27
 -72465.593    17.565     0.25    2.51
 -72176.299    17.633     0.24    2.51
 -71887.004    18.164     1.83    2.60
 -71597.708    18.768     2.09    3.00
 -71308.412    19.517     2.59    3.29
 -71019.116    20.068     1.90    3.54
 -70729.820    20.241     0.60    4.31
 -70440.523    20.475     0.81    4.64
 -70151.226    20.328    -0.51    4.36
 -69861.928    19.466    -2.98    4.47
 -69572.630    18.982    -1.67    4.43
 -69283.332    18.333    -2.24    4.18
 -68994.033    17.600    -2.53    3.62
 -68704.734    17.362    -0.82    2.62
 -68415.435    17.050    -1.08    2.44
 -68126.135    17.375     1.12    2.40
 -67836.835    17.661     0.99    2.41
 -67547.535    17.738     0.27    2.45
 -67258.234    17.373    -1.26    2.57
 -66968.933    17.213    -0.55    2.63
 -66679.631    17.518     1.05    3.35
 -66390.329    17.397    -0.42    3.75
 -66101.027    17.305    -0.32    4.32
 -65811.725    17.650     1.19    4.82
 -65522.421    17.258    -1.35    5.19
 -65233.118    16.596    -2.29    5.41
 -64943.814    15.083    -5.23    5.01
 -64654.510    13.982    -3.81    4.81
 -64365.206    13.689    -1.01    4.79
 -64075.901    13.610    -0.27    5.05
 -63786.595    13.949     1.17    5.08
 -63497.290    15.224     4.41    5.48
 -63207.983    16.431     4.17    5.68
 -62918.677    17.667     4.27    5.38
 -62629.370    19.017     4.67    4.72
 -62340.063    19.767     2.59    3.47
 -62050.755    20.034     0.92    2.52
 -61761.447    19.786    -0.86    2.29
 -61472.139    19.898     0.39    2.43
 -61182.830    19.621    -0.96    2.43
 -60893.521    19.050    -1.97    2.75
 -60604.211    18.254    -2.75    3.00
 -60314.901    17.119    -3.93    2.56
 -60025.591    16.621    -1.72    2.13
 -59736.280    16.214    -1.40    1.64
 -59446.969    16.237     0.08    1.79
 -59157.657    16.492     0.88    1.83
 -58868.345    16.533     0.14    1.66
 -58579.033    16.638     0.36    1.63
 -58289.720    16.482    -0.54    1.69
 -58000.406    16.367    -0.40    1.64
 -57711.093    16.068    -1.03    1.38
 -57421.779    15.967    -0.35    1.26
 -57132.464    15.879    -0.30    1.19
 -56843.149    16.017     0.48    1.30
 -56553.834    16.276     0.89    1.23
 -56264.518    16.362     0.30    1.19
 -55975.202    16.410     0.17    1.17
 -55685.886    16.569     0.55    1.26
 -55396.569    16.810     0.83    1.41
 -55107.251    17.161     1.21    1.56
 -54817.933    17.224     0.22    1.73
 -54528.615    17.361     0.47    1.80
 -54239.296    17.362     0.00    1.68
 -53949.977    17.492     0.45    1.85
 -53660.658    17.614     0.42    2.30
 -53371.338    17.897     0.98    2.45
 -53082.017    18.898     3.46    3.00
 -52792.697    19.898     3.46    3.36
 -52503.375    20.452     1.91    3.26
 -52214.054    21.179     2.51    2.86
 -51924.731    21.576     1.37    2.77
 -51635.409    21.862     0.99    2.78
 -51346.086    22.230     1.27    2.89
 -51056.763    22.186    -0.15    2.60
 -50767.439    22.172    -0.05    2.40
 -50478.114    22.271     0.34    2.43
 -50188.790    22.509     0.82    2.53
 -49899.498    22.393    -0.40    2.76
 -49610.270    21.933    -1.59    2.97
 -49321.041    21.373    -1.94    3.15
 -49031.812    20.373    -3.46    3.77
 -48742.583    19.214    -4.01    3.66
 -48453.353    18.610    -2.09    3.23
 -48164.123    18.172    -1.51    3.08
 -47874.892    17.770    -1.39    2.97
 -47585.661    17.550    -0.76    3.05
 -47296.429    17.404    -0.51    2.72
 -47007.197    17.593     0.66    2.94
 -46717.964    18.276     2.36    3.29
 -46428.731    19.117     2.91    3.45
 -46139.498    19.797     2.35    3.65
 -45850.264    20.831     3.57    3.56
 -45561.029    21.690     2.97    3.22
 -45271.795    22.491     2.77    2.97
 -44982.559    23.148     2.27    2.78
 -44693.323    23.717     1.97    2.91
 -44404.087    24.452     2.54    2.94
 -44114.850    25.293     2.91    2.85
 -43825.613    26.138     2.92    2.27
 -43536.376    26.667     1.83    2.38
 -43247.137    27.172     1.75    2.07
 -42957.899    27.082    -0.31    2.01
 -42668.660    26.879    -0.70    1.97
 -42379.420    26.983     0.36    2.16
 -42090.180    27.172     0.66    2.26
 -41800.939    27.207     0.12    2.10
 -41511.698    27.098    -0.38    2.14
 -41222.457    27.328     0.79    1.99
 -40933.215    27.550     0.77    2.02
 -40643.972    27.607     0.20    2.09
 -40354.730    27.458    -0.52    2.05
 -40065.486    27.129    -1.14    2.10
 -39776.242    26.746    -1.33    2.15
 -39486.998    26.233    -1.77    2.18
 -39197.753    25.649    -2.02    2.22
 -38908.507    25.155    -1.71    2.33
 -38619.262    24.729    -1.47    2.56
 -38330.015    24.417    -1.08    2.75
 -38040.768    24.098    -1.10    3.03
 -37751.521    23.517    -2.01    2.88
 -37462.273    23.203    -1.09    2.76
 -37173.025    23.263     0.21    2.30
 -36883.776    23.217    -0.16    2.08
 -36594.526    22.864    -1.22    2.26
 -36305.277    22.776    -0.31    2.65
 -36016.026    22.271    -1.74    2.99
 -35726.775    22.103    -0.58    3.10
 -35437.524    21.167    -3.24    3.43
 -35148.272    19.950    -4.21    3.71
 -34859.020    19.333    -2.13    3.63
 -34569.767    18.000    -4.61    3.17
 -34280.513    17.034    -3.34    2.88
 -33991.259    15.967    -3.69    2.65
 -33702.005    15.172    -2.75    2.46
 -33412.750    14.767    -1.40    2.40
 -33123.494    14.068    -2.42    2.24
 -32834.238    13.714    -1.22    2.18
 -32544.982    13.466    -0.86    2.09
 -32255.725    13.250    -0.75    1.93
 -31966.467    13.098    -0.52    1.69
 -31677.209    13.169     0.25    1.79
 -31387.951    13.667     1.72    2.27
 -31098.691    14.190     1.81    2.56
 -30809.432    15.035     2.92    3.17
 -30520.172    15.600     1.95    3.09
 -30230.911    15.810     0.73    3.43
 -29941.650    15.770    -0.14    3.34
 -29652.388    14.966    -2.78    3.45
 -29363.126    13.362    -5.54    3.79
 -29073.863    12.086    -4.41    3.72
 -28784.599    10.448    -5.66    3.72
 -28495.335     9.475    -3.36    4.07
 -28206.071     8.655    -2.84    4.11
 -27916.806     8.241    -1.43    4.32
 -27627.540     8.534     1.01    4.83
 -27338.274     9.259     2.50    4.83
 -27049.008     9.733     1.64    4.66
 -26759.740    10.034     1.04    3.86
 -26470.473    11.033     3.45    3.44
 -26181.204    11.161     0.44    2.59
 -25891.936    10.776    -1.33    2.81
 -25602.666     9.883    -3.09    3.18
 -25313.396     8.712    -4.05    3.14
 -25024.126     7.633    -3.73    3.22
 -24734.855     6.375    -4.35    3.12
 -24445.583     6.000    -1.30    3.77
 -24156.311     6.719     2.49    5.36
 -23867.039     8.288     5.42    7.47
 -23577.765    10.000     5.92    9.70
 -23288.491    12.586     8.94   11.26
 -22999.217    15.881    11.39   12.50
 -22709.942    18.772     9.99   12.26
 -22420.667    19.850     3.73   11.57
 -22131.391    19.733    -0.40   11.62
 -21842.114    20.068     1.16   10.57
 -21552.837    19.483    -2.02    9.86
 -21263.559    18.424    -3.66    8.38
 -20974.281    17.000    -4.92    7.82
 -20685.002    16.517    -1.67    7.08
 -20395.722    17.102     2.02    6.71
 -20106.442    18.083     3.39    5.46
 -19817.162    18.474     1.35    4.53
 -19527.880    18.167    -1.06    5.07
 -19238.599    16.897    -4.39    5.62
 -18949.316    15.935    -3.32    6.40
 -18660.033    14.600    -4.62    6.13
 -18370.750    13.831    -2.66    6.30
 -18081.466    12.793    -3.59    6.49
 -17792.181    11.036    -6.07    6.44
 -17502.896     9.467    -5.42    6.85
 -17213.610     7.339    -7.35    6.91
 -16924.324     5.426    -6.61    6.66
 -16635.037     3.810    -5.59    5.51
 -16345.749     2.071    -6.01    3.47
 -16056.461     1.383    -2.38    3.06
 -15767.172     0.914    -1.62    1.45
 -15477.883     1.217     1.05    1.47
 -15188.593     1.207    -0.03    1.58
 -14899.302     1.448     0.83    1.57
 -14610.011     1.741     1.01    2.00
 -14320.719     1.845     0.36    2.26
 -14031.427     2.131     0.99    2.69
 -13742.134     1.879    -0.87    2.56
 -13452.840     2.034     0.53    2.76
 -13163.546     2.017    -0.06    2.61
 -12874.251     1.879    -0.48    2.03
 -12584.956     2.468     2.03    2.37
 -12295.660     2.700     0.80    2.16
 -12006.363     3.279     2.00    2.39
 -11717.066     3.411     0.46    2.17
 -11427.768     4.310     3.11    2.80
 -11138.470     4.492     0.63    2.77
 -10849.171     4.288    -0.70    3.03
 -10559.871     4.300     0.04    3.07
 -10270.571     4.431     0.45    3.12
  -9981.270     4.397    -0.12    3.02
  -9691.968     4.772     1.30    3.02
  -9402.666     4.373    -1.38    2.79
  -9113.363     4.583     0.73    2.90
  -8824.060     4.569    -0.05    2.79
  -8534.756     5.103     1.85    3.24
  -8245.451     5.339     0.82    3.46
  -7956.146     5.831     1.70    3.66
  -7666.840     5.400    -1.49    3.63
  -7377.533     4.867    -1.84    3.45
  -7088.226     4.183    -2.36    3.57
  -6798.918     3.554    -2.18    3.29
  -6509.610     2.847    -2.44    2.61
  -6220.301     2.241    -2.09    1.76
  -5930.991     2.033    -0.72    1.23
  -5641.681     1.885    -0.51    1.25
  -5352.370     1.879    -0.02    1.14
  -5063.058     1.883     0.01    1.24
  -4773.746     1.875    -0.03    1.18
  -4484.433     2.016     0.49    1.27
  -4195.120     1.983    -0.11    1.32
  -3905.806     1.966    -0.06    1.30
  -3616.491     1.966    -0.00    1.24
  -3327.175     2.052     0.30    1.29
  -3037.859     2.034    -0.06    1.34
  -2748.542     2.051     0.06    1.46
  -2459.225     2.000    -0.18    1.56
  -2169.907     2.051     0.18    1.87
  -1880.588     1.964    -0.30    2.03
  -1591.269     1.847    -0.40    2.02
  -1301.949     1.586    -0.90    2.03
  -1012.628     1.377    -0.72    2.03
   -723.307     0.966    -1.42    1.74
   -433.985     0.672    -1.01    1.37
   -144.662     0.466    -0.72    1.06
    144.661     0.263    -0.70    0.86
    433.985     0.117    -0.51    0.85
    723.310    -0.153    -0.93    0.45
   1012.635    -0.233    -0.28    0.53
   1301.961    -0.368    -0.47    0.56
   1591.288    -0.448    -0.28    0.57
   1880.615    -0.590    -0.49    0.53
   2169.943    -0.729    -0.48    0.49
   2459.272    -0.780    -0.18    0.46
   2748.601    -0.875    -0.33    0.43
   3037.931    -0.948    -0.25    0.35
   3327.262    -1.000    -0.18    0.26
   3616.593    -0.983     0.06    0.30
   3905.925    -0.950     0.11    0.29
   4195.258    -0.948     0.01    0.29
   4484.592    -0.949    -0.00    0.29
   4773.926    -0.946     0.01    0.23
   5063.260    -0.983    -0.13    0.13
   5352.596    -1.000    -0.06    0.00
   5641.932    -1.017    -0.06    0.13
   5931.269    -1.117    -0.34    0.42
   6220.606    -1.190    -0.25    0.51
   6509.945    -1.241    -0.18    0.54
   6799.284    -1.254    -0.04    0.54
   7088.623    -1.305    -0.18    0.59
   7377.963    -1.262     0.15    0.54
   7667.304    -1.214     0.17    0.46
   7956.646    -1.183     0.11    0.43
   8245.988    -1.155     0.10    0.41
   8535.332    -1.129     0.09    0.38
   8824.675    -1.083     0.16    0.33
   9114.020    -1.017     0.23    0.13
   9403.365    -1.000     0.06    0.00
   9692.711    -1.000     0.00    0.00
   9982.057    -1.000     0.00    0.00
  10271.405    -1.000     0.00    0.00
  10560.753    -1.000     0.00    0.00
  10850.101    -1.000     0.00    0.00
  11139.451    -0.929     0.25    0.53
  11428.801    -0.650     0.96    1.23
  11718.152    -0.293     1.23    1.50
  12007.503    -0.016     0.96    1.67
  12296.846     0.051     0.23    1.71
  12586.045     0.421     1.28    1.77
  12875.244     0.552     0.45    1.79
  13164.444     0.534    -0.06    1.70
  13453.645     0.607     0.25    1.65
  13742.847     0.517    -0.31    1.66
  14032.049     0.797     0.97    1.78
  14321.252     0.690    -0.37    1.88
  14610.456     0.893     0.70    2.02
  14899.661     1.148     0.88    2.09
  15188.866     0.967    -0.63    2.05
  15478.072     1.033     0.23    2.02
  15767.279     1.246     0.74    2.10
  16056.486     1.379     0.46    2.11
  16345.695     1.583     0.71    2.50
  16634.904     1.776     0.67    2.72
  16924.113     2.623     2.93    3.67
  17213.324     2.983     1.24    3.71
  17502.535     3.948     3.34    4.26
  17791.747     5.069     3.87    5.00
  18080.959     7.051     6.85    6.66
  18370.173     9.483     8.41    7.44
  18659.387    11.086     5.54    8.25
  18948.602    13.288     7.61    8.02
  19237.817    13.804     1.78    7.80
  19527.034    15.424     5.60    7.89
  19816.251    15.672     0.86    7.71
  20105.468    14.237    -4.96    8.53
  20394.687    12.067    -7.51    8.73
  20683.906    10.875    -4.12    9.43
  20973.127     8.000    -9.94    9.21
  21262.347     5.627    -8.20    8.09
  21551.569     3.033    -8.97    5.47
  21840.791     2.323    -2.46    3.51
  22130.014     2.684     1.25    3.82
  22419.238     3.483     2.76    3.94
  22708.463     4.518     3.58    4.32
  22997.688     5.194     2.34    4.25
  23286.914     5.492     1.03    4.05
  23576.141     5.746     0.88    3.60
  23865.369     5.569    -0.61    3.74
  24154.598     5.776     0.72    3.96
  24443.827     6.350     1.99    4.57
  24733.057     7.220     3.01    4.93
  25022.287     7.967     2.58    5.24
  25311.519     9.729     6.09    5.87
  25600.751     9.964     0.81    6.10
  25889.984     9.051    -3.16    6.30
  26179.218     7.534    -5.24    6.10
  26468.453     7.050    -1.68    6.07
  26757.688     6.508    -1.87    5.63
  27046.924     4.797    -5.92    3.41
  27336.161     3.931    -2.99    1.93
  27625.399     3.839    -0.32    1.91
  27914.638     4.169     1.14    2.90
  28203.877     4.746     1.99    4.77
  28493.117     6.000     4.34    6.44
  28782.358     7.466     5.07    7.37
  29071.600     9.714     7.77    8.27
  29360.842    13.000    11.36    8.95
  29650.085    15.881     9.96    8.25
  29939.329    18.200     8.02    7.12
  30228.574    20.069     6.46    4.56
  30517.820    20.448     1.31    3.43
  30807.066    20.310    -0.48    3.23
  31096.313    19.810    -1.73    3.08
  31385.561    19.295    -1.78    3.00
  31674.810    19.052    -0.84    3.14
  31964.060    18.828    -0.77    3.30
  32253.310    19.464     2.20    3.19
  32542.561    19.931     1.61    3.07
  32831.813    20.500     1.97    2.79
  33121.066    20.814     1.08    2.58
  33410.320    20.508    -1.05    2.71
  33699.574    20.053    -1.58    2.57
  33988.830    20.000    -0.18    2.53
  34278.086    19.683    -1.09    2.21
  34567.342    19.433    -0.86    2.89
  34856.600    18.855    -2.00    3.56
  35145.859    19.054     0.69    3.58
  35435.118    18.966    -0.30    4.28
  35724.378    19.017     0.18    4.43
  36013.639    18.574    -1.53    4.89
  36302.901    18.148    -1.47    5.37
  36592.163    17.741    -1.40    5.57
  36881.427    15.949    -6.20    6.62
  37170.691    15.474    -1.64    6.60
  37459.956    14.650    -2.85    6.98
  37749.222    15.183     1.84    6.59
  38038.489    15.583     1.38    6.25
  38327.756    16.966     4.78    5.70
  38617.025    17.421     1.57    5.31
  38906.294    18.610     4.11    3.91
  39195.564    18.897     0.99    3.00
  39484.835    18.885    -0.04    2.92
  39774.106    19.033     0.51    2.72
  40063.379    19.123     0.31    2.95
  40352.652    19.569     1.54    2.68
  40641.926    20.000     1.49    2.54
  40931.201    20.433     1.50    2.70
  41220.477    20.525     0.32    2.77
  41509.754    20.339    -0.64    2.67
  41799.032    20.190    -0.52    2.77
  42088.310    19.912    -0.96    2.88
  42377.589    20.000     0.30    2.83
  42666.869    19.933    -0.23    2.80
  42956.150    19.597    -1.16    2.77
  43245.432    19.121    -1.65    2.62
  43534.715    19.448     1.13    2.54
  43823.998    19.424    -0.08    2.63
  44113.283    19.379    -0.15    3.16
  44402.568    19.213    -0.57    3.86
  44691.854    18.621    -2.05    4.22
  44981.141    18.983     1.25    5.07
  45270.429    19.741     2.62    5.14
  45559.717    21.224     5.13    4.32
  45849.007    22.450     4.24    3.44
  46138.297    23.190     2.56    2.63
  46427.588    23.467     0.96    2.66
  46716.881    23.911     1.53    2.57
  47006.173    24.034     0.43    2.52
  47295.467    23.934    -0.35    3.00
  47584.762    23.898    -0.12    3.07
  47874.058    23.836    -0.22    3.22
  48163.354    23.964     0.44    3.24
  48452.651    23.500    -1.60    3.49
  48741.949    23.237    -0.91    3.33
  49031.249    22.667    -1.97    3.06
  49320.548    22.475    -0.66    2.73
  49609.849    22.431    -0.15    2.70
  49899.151    22.167    -0.91    2.42
  50188.454    22.368     0.70    2.21
  50477.757    22.117    -0.87    2.43
  50767.061    22.322     0.71    2.57
  51056.367    22.190    -0.46    2.60
  51345.673    22.610     1.45    2.77
  51634.980    23.367     2.61    2.91
  51924.288    24.083     2.48    3.08
  52213.596    24.466     1.32    2.99
  52502.906    23.983    -1.67    3.90
  52792.216    22.950    -3.57    5.27
  53081.528    21.211    -6.01    6.01
  53370.840    19.900    -4.53    6.12
  53660.153    17.966    -6.69    5.62
  53949.468    16.344    -5.60    5.05
  54238.783    15.271    -3.71    3.97
  54528.099    15.517     0.85    4.23
  54817.415    15.879     1.25    4.47
  55106.733    16.179     1.03    4.42
  55396.052    17.000     2.84    5.39
  55685.371    19.119     7.32    7.34
  55974.692    20.950     6.33    8.25
  56264.013    23.034     7.20    9.07
  56553.335    26.071    10.50    9.42
  56842.658    28.383     7.99    8.69
  57131.982    30.655     7.85    6.90
  57421.307    30.750     0.33    5.94
  57710.633    29.534    -4.20    5.79
  57999.960    28.793    -2.56    5.26
  58289.288    28.155    -2.20    5.17
  58578.617    27.328    -2.86    4.26
  58867.946    27.557     0.79    4.54
  59157.277    27.379    -0.62    4.83
  59446.608    27.414     0.12    4.72
  59735.940    28.552     3.93    5.10
  60025.273    30.621     7.15    6.40
  60314.608    32.113     5.16    6.34
  60603.943    33.559     5.00    6.52
  60893.279    35.390     6.33    6.44
  61182.616    36.053     2.29    6.21
  61471.954    36.207     0.53    6.84
  61761.292    37.350     3.95    7.58
  62050.632    38.576     4.24    7.07
  62339.973    39.230     2.26    6.48
  62629.314    41.250     6.98    7.27
  62918.657    44.172    10.10    8.07
  63208.000    47.107    10.14    8.85
  63497.345    50.483    11.67   11.01
  63786.690    54.833    15.03   12.22
  64076.036    58.603    13.03   12.40
  64365.384    62.883    14.79   11.65
  64654.732    64.121     4.28   10.67
  64944.081    65.203     3.74   10.60
  65233.431    65.133    -0.24   11.22
  65522.782    65.850     2.48   10.57
  65812.134    67.333     5.13   12.49
  66101.487    70.241    10.05   14.02
  66390.841    72.610     8.19   14.11
  66680.196    74.431     6.29   12.81
  66969.551    74.230    -0.70   11.84
  67258.908    72.983    -4.31   11.98
  67548.266    72.339    -2.23   11.99
  67837.624    71.831    -1.76   12.40
  68126.984    72.621     2.73   11.51
  68416.345    73.433     2.81   12.87
  68705.706    77.333    13.48   13.27
  68995.069    80.153     9.74   12.46
  69284.432    82.448     7.93   11.12
  69573.796    82.018    -1.49   11.56
  69863.162    79.049   -10.26   14.26
  70152.528    77.217    -6.33   15.11
  70441.895    74.484    -9.44   15.53
  70731.264    72.051    -8.41   16.03
  71020.633    70.911    -3.94   16.29
  71310.003    73.067     7.45   16.93
  71599.374    76.362    11.39   15.75
  71888.747    77.869     5.21   13.88
  72178.120    76.017    -6.40   14.22
  72467.494    75.017    -3.46   14.53
  72756.869    71.017   -13.82   14.47
  73046.245    68.397    -9.06   13.59
  73335.622    68.393    -0.01   13.06
  73625.000    69.879     5.13   14.37
  73914.379    74.400    15.62   15.31
  74203.759    78.036    12.56   15.77
  74493.140    83.610    19.26   15.84
  74782.354    87.371    13.00   16.21
  75071.525    88.950     5.46   16.60
  75360.696    88.803    -0.51   17.37
  75649.868    90.982     7.54   15.87
  75939.041    87.759   -11.15   18.19
  76228.216    83.400   -15.07   19.04
  76517.391    76.150   -25.07   19.16
  76806.567    69.217   -23.98   17.12
  77095.744    63.379   -20.19   14.51
  77384.922    62.356    -3.54   13.95
  77674.102    64.911     8.83   16.03
  77963.282    65.733     2.84   16.96
  78252.463    66.850     3.86   17.43
  78541.645    68.655     6.24   16.99
  78830.828    72.237    12.39   16.08
  79120.012    74.793     8.84   14.96
  79409.198    76.483     5.84   15.08
  79698.384    81.288    16.61   14.89
  79987.571    87.350    20.96   12.55
  80276.759    90.567    11.12    9.45
  80565.949    91.000     1.50    9.31
  80855.139    89.917    -3.75   11.24
  81144.330    86.707   -11.10   13.03
  81433.522    85.770    -3.24   13.51
  81722.716    83.317    -8.49   13.81
  82011.910    79.517   -13.14   15.17
  82301.105    77.534    -6.86   16.09
  82590.302    77.054    -1.66   17.14
  82879.499    79.098     7.07   18.28
  83168.697    82.356    11.26   17.08
  83457.897    80.850    -5.21   18.83
  83747.097    80.172    -2.34   18.85
  84036.299    79.929    -0.84   18.29
  84325.501    79.083    -2.92   17.49
  84614.705    79.241     0.55   15.33
  84903.909    75.433   -13.17   17.20
  85193.115    69.500   -20.52   19.85
  85482.322    63.207   -21.76   20.90
  85771.529    57.776   -18.78   19.52
  86060.738    53.431   -15.02   16.48
  86349.948    52.705    -2.51   15.73
  86639.159    53.000     1.02   16.30
  86928.370    54.241     4.29   16.97
  87217.583    53.379    -2.98   17.52
  87506.797    48.649   -16.36   17.16
  87796.012    43.645   -17.30   16.59
  88085.228    39.250   -15.20   15.62
  88374.445    34.733   -15.62   12.46
  88663.663    31.789   -10.18   10.29
  88952.882    30.914    -3.03    8.79
  89242.102    32.883     6.81   10.51
  89531.324    35.763     9.96   12.01
  89820.546    40.367    15.92   13.44
  90109.769    45.860    18.99   13.72
  90398.994    50.103    14.67   13.92
  90688.219    51.155     3.64   13.33
  90977.446    52.067     3.15   13.48
  91266.673    53.305     4.28   14.02
  91555.902    54.672     4.73   12.79
  91845.131    57.150     8.57   14.66
  92134.362    58.509     4.70   14.87
  92423.594    61.932    11.84   15.22
  92712.827    62.483     1.91   14.07
  93002.061    60.683    -6.22   14.49
  93291.296    57.767   -10.08   15.79
  93580.532    56.298    -5.08   15.95
  93869.769    53.695    -9.00   15.52
  94159.007    53.810     0.40   15.53
  94448.246    56.617     9.70   17.37
  94737.487    60.459    13.28   18.24
  95026.728    64.719    14.73   18.86
  95315.971    68.050    11.52   16.73
  95605.214    71.607    12.30   15.41
  95894.459    73.935     8.05   14.22
  96183.705    75.033     3.80   12.71
  96472.951    75.966     3.22   11.28
  96762.199    74.414    -5.37   11.87
  97051.448    69.966   -15.38   15.64
  97340.698    66.525   -11.89   16.53
  97629.950    62.898   -12.54   16.35
  97919.202    61.919    -3.38   16.72
  98208.455    61.254    -2.30   16.42
  98497.710    61.518     0.91   16.14
  98786.965    64.814    11.39   16.53
  99076.222    67.621     9.70   16.61
  99365.479    72.066    15.37   16.96
  99654.738    77.138    17.54   16.75
  99943.998    81.517    15.14   16.27
 100233.259    85.431    13.53   13.71
 100522.521    87.672     7.75   10.98
 100811.784    86.933    -2.56   11.41
 101101.049    85.086    -6.39   12.30
 101390.314    82.350    -9.46   12.67
 101679.580    80.232    -7.32   10.88
 101968.848    80.707     1.64   10.95
 102258.117    82.541     6.34   11.86
 102547.387    83.617     3.72   12.09
 102836.657    85.441     6.31   12.21
 103125.929    84.696    -2.57   12.10
 103415.203    82.207    -8.61   11.49
 103704.477    78.667   -12.24   13.17
 103993.752    75.186   -12.03   13.47
 104283.029    71.950   -11.19   11.58
 104572.306    69.655    -7.93   10.43
 104861.585    67.356    -7.95    7.86
 105150.865    66.316    -3.60    6.63
 105440.146    67.267     3.29    6.57
 105729.428    68.567     4.49    6.06
 106018.711    69.966     4.84    6.15
 106307.995    71.133     4.04    5.57
 106597.281    71.448     1.09    5.12
 106886.567    70.881    -1.96    5.39
 107175.855    69.644    -4.28    6.33
 107465.144    68.288    -4.69    6.19
 107754.434    66.803    -5.13    5.62
 108043.725    65.719    -3.75    5.00
 108333.017    65.633    -0.30    4.72
 108622.311    65.741     0.37    4.29
 108911.605    67.048     4.52    5.66
 109200.901    66.767    -0.97    5.75
 109490.198    67.085     1.10    6.16
 109779.496    66.707    -1.31    6.93
 110068.795    65.625    -3.74    6.81
 110358.095    65.233    -1.35    7.14
 110647.396    63.508    -5.96    6.34
 110936.699    62.000    -5.21    4.41
 111226.002    61.552    -1.55    4.09
 111515.307    62.107     1.92    5.27
 111804.613    62.950     2.91    5.46
 112093.920    62.759    -0.66    5.13
 112383.228    63.817     3.66    6.66
 112672.538    63.700    -0.40    6.65
 112961.848    63.241    -1.59    5.73
 113251.160    62.569    -2.32    3.93
 113540.473    62.983     1.43    4.96
 113829.787    62.967    -0.05    5.96
 114119.102    63.466     1.72    7.38
 114408.418    63.576     0.38    8.13
 114697.736    63.741     0.57    8.53
 114987.054    63.196    -1.88    8.38
 115276.374    62.177    -3.52    7.09
 115565.695    60.217    -6.78    6.92
 115855.017    60.500     0.98    7.72
 116144.341    59.930    -1.97    7.19
 116433.665    59.655    -0.95    7.79
 116722.991    59.729     0.25    8.03
 117012.317    59.915     0.64    8.27
 117301.645    59.517    -1.38    8.83
 117590.975    58.155    -4.71    9.74
 117880.305    56.103    -7.09    9.96
 118169.636    54.483    -5.60    9.68
 118458.969    53.050    -4.95    9.41
 118748.303    51.932    -3.86    8.01
 119037.638    52.655     2.50    7.82
 119326.974    54.220     5.41    8.11
 119616.312    53.643    -2.00    7.93
 119905.650    54.576     3.23    8.22
 120194.990    54.017    -1.93    8.16
 120484.331    52.500    -5.24    8.20
 120773.673    50.983    -5.24    8.29
 121063.017    49.857    -3.89    7.99
 121352.361    50.017     0.55    7.78
 121641.707    48.966    -3.63    7.40
 121931.054    47.483    -5.12    7.06
 122220.402    47.148    -1.16    7.25
 122509.751    46.930    -0.75    7.17
 122799.102    48.183     4.33    7.95
 123088.453    47.571    -2.11    7.92
 123377.806    47.903     1.15    7.67
 123667.160    46.700    -4.16    7.08
 123956.516    46.864     0.57    6.67
 124245.872    46.966     0.35    6.91
 124535.230    46.431    -1.85    6.18
 124824.589    45.881    -1.90    6.15
 125113.949    46.305     1.46    6.10
 125403.310    48.113     6.25    7.75
 125692.673    48.085    -0.10    7.85
 125982.037    47.696    -1.34    7.89
 126271.402    47.627    -0.24    7.65
 126560.768    47.448    -0.62    8.92
 126850.135    48.311     2.98    9.87
 127139.504    48.517     0.71   10.29
 127428.874    47.586    -3.22   10.76
 127718.245    45.897    -5.84   10.82
 128007.617    45.259    -2.20   11.09
 128296.990    44.267    -3.43   10.32
 128586.365    42.759    -5.21    9.42
 128875.741    42.900     0.49    9.30
 129165.118    42.964     0.22    9.58
 129454.497    43.810     2.92    9.87
 129743.876    43.525    -0.99    9.91
 130033.257    42.237    -4.45    8.85
 130322.639    42.831     2.05    9.11
 130612.022    42.500    -1.14    8.80
 130901.407    42.207    -1.01    9.45
 131190.793    42.100    -0.37    8.96
 131480.180    42.017    -0.29    9.39
 131769.568    41.550    -1.61    9.66
 132058.957    40.690    -2.97    8.56
 132348.348    41.881     4.12    9.89
 132637.740    41.281    -2.08    9.85
 132927.133    40.317    -3.33    9.40
 133216.528    38.934    -4.78    8.35
 133505.923    38.362    -1.98    8.71
 133795.320    38.300    -0.21    9.42
 134084.718    39.414     3.85   11.20
 134374.118    39.017    -1.37   11.80
 134663.518    40.407     4.80   13.65
 134952.920    41.203     2.75   13.76
 135242.323    41.361     0.54   13.75
 135531.728    41.474     0.39   13.40
 135821.134    40.650    -2.85   12.64
 136110.541    40.362    -0.99   11.53
 136399.949    39.339    -3.54   10.66
 136689.358    38.083    -4.34    9.80
 136978.630    38.133     0.17    9.76
 137267.770    37.448    -2.37    8.92
 137556.912    35.446    -6.92    7.41
 137846.055    34.683    -2.64    7.17
 138135.200    33.068    -5.59    6.94
 138424.345    31.350    -5.94    7.70
 138713.492    29.741    -5.56    7.64
 139002.641    28.839    -3.12    7.36
 139291.790    28.567    -0.94    6.96
 139580.941    28.362    -0.71    6.51
 139870.093    28.483     0.42    6.37
 140159.246    28.233    -0.86    6.47
 140448.401    27.707    -1.82    6.12
 140737.556    26.483    -4.23    6.78
 141026.714    25.379    -3.82    6.85
 141315.872    24.623    -2.62    6.72
 141605.032    23.862    -2.63    6.60
 141894.192    23.780    -0.28    6.84
 142183.355    25.000     4.22    7.45
 142472.518    27.052     7.10    7.32
 142761.683    29.790     9.47    7.68
 143050.849    30.000     0.73    7.00
 143340.016    29.867    -0.46    7.16
 143629.185    31.930     7.13    8.87
 143918.355    35.621    12.76   11.05
 144207.526    36.763     3.95   10.49
 144496.699    38.712     6.74   11.03
 144785.872    40.667     6.76   10.93
 145075.047    43.259     8.96    9.87
 145364.224    43.569     1.07    9.66
 145653.401    42.684    -3.06   11.09
 145942.580    42.133    -1.90   11.44
 146231.761    43.267     3.92   11.29
 146520.942    43.552     0.99   10.26
 146810.125    44.100     1.90   10.37
 147099.309    45.679     5.46    9.55
 147388.495    46.068     1.35    9.85
 147677.681    45.305    -2.64   10.04
 147966.869    46.167     2.98   10.39
 148256.059    44.033    -7.38   11.19
 148545.249    44.143     0.38   11.84
 148834.441    46.644     8.65   11.30
 149123.635    44.810    -6.34   10.80
 149412.829    42.883    -6.66   11.29
 149702.025    40.295    -8.95   11.21
 149991.222    38.172    -7.34   11.53
 150280.421    35.593    -8.92   10.39
 150569.621    31.554   -13.97    7.88
 150858.822    28.806    -9.50    7.55
 151148.024    27.034    -6.13    6.85
 151437.228    27.100     0.23    6.68
 151726.433    27.569     1.62    7.46
 152015.640    29.125     5.38    9.17
 152304.848    31.407     7.89   11.72
 152594.057    32.862     5.03   11.47
 152883.267    33.574     2.46   10.91
 153172.479    33.746     0.59   11.50
 153461.692    33.596    -0.52   11.98
 153750.906    33.672     0.26   12.45
 154040.122    35.793     7.33   13.10
 154329.339    38.934    10.86   12.45
 154618.558    41.845    10.06   11.96
 154907.777    45.881    13.96   12.12
 155196.999    48.276     8.28   12.85
 155486.221    50.333     7.11   13.56
 155775.445    52.410     7.18   14.12
 156064.670    54.267     6.42   14.37
 156353.896    57.633    11.64   13.86
 156643.124    56.912    -2.49   14.63
 156932.353    54.155    -9.53   14.95
 157221.584    49.831   -14.95   15.02
 157510.815    45.712   -14.24   14.46
 157800.049    43.918    -6.20   13.85
 158089.283    41.552    -8.18   13.11
 158378.519    37.655   -13.47    9.96
 158667.756    34.983    -9.24    9.17
 158956.995    34.441    -1.88    9.97
 159246.235    35.100     2.28   11.16
 159535.476    36.103     3.47   11.21
 159824.719    36.712     2.10   12.20
 160113.963    37.321     2.11   11.76
 160403.208    36.814    -1.76   11.22
 160692.455    34.098    -9.39   11.56
 160981.703    31.932    -7.49   10.62
 161270.952    28.450   -12.04   10.06
 161560.203    26.000    -8.47    8.99
 161849.455    26.186     0.64    9.42
 162138.709    24.638    -5.35    7.07
 162427.964    24.150    -1.69    6.44
 162717.220    23.311    -2.90    4.91
 163006.478    22.893    -1.45    4.92
 163295.737    24.050     4.00    6.85
 163584.997    24.500     1.56    7.07
 163874.259    25.452     3.29    7.78
 164163.522    25.797     1.19    7.66
 164452.787    25.083    -2.47    6.37
 164742.052    24.345    -2.55    6.57
 165031.320    23.707    -2.21    6.79
 165320.588    21.831    -6.49    7.64
 165609.858    19.339    -8.61    8.44
 165899.130    19.032    -1.06    9.71
 166188.403    18.695    -1.17   11.88
 166477.677    19.768     3.71   14.96
 166766.952    22.254     8.60   18.01
 167056.229    22.966     2.46   17.35
 167345.508    23.967     3.46   17.01
 167634.788    23.103    -2.99   15.88
 167924.069    20.534    -8.88   12.83
 168213.351    19.259    -4.41    9.90
 168502.635    17.404    -6.41    8.13
 168791.920    15.800    -5.54    7.07
 169081.207    14.966    -2.88    6.61
 169370.495    14.983     0.06    7.67
 169659.785    15.333     1.21    7.37
 169949.076    15.483     0.52    7.69
 170238.368    17.689     7.62    8.39
 170527.662    20.068     8.22    9.41
 170816.957    24.983    16.99   11.27
 171106.254    29.839    16.79   10.96
 171395.552    33.362    12.18    9.50
 171684.851    35.492     7.36    8.30
 171974.152    35.672     0.63    7.57
 172263.454    34.754    -3.17    8.23
 172552.757    33.552    -4.16    9.28
 172842.062    31.525    -7.00    9.67
 173131.369    30.161    -4.72   10.60
 173420.677    28.339    -6.30   11.00
 173709.986    26.100    -7.74   11.69
 173999.297    23.237    -9.90   11.88
 174288.609    21.017    -7.68   11.65
 174577.922    19.000    -6.97   10.91
 174867.237    16.328    -9.24    9.30
 175156.554    13.458    -9.92    8.29
 175445.871    11.119    -8.08    5.64
 175735.191    11.161     0.15    5.87
 176024.511    11.821     2.28    7.08
 176313.833    15.767    13.64   11.28
 176603.157    19.912    14.33   12.04
 176892.482    23.371    11.95   11.83
 177181.808    26.867    12.08    9.63
 177471.136    27.150     0.98    8.09
 177760.465    26.034    -3.86    8.20
 178049.796    23.839    -7.59    8.75
 178339.128    21.350    -8.60    8.97
 178628.462    18.373   -10.29    8.66
 178917.797    16.016    -8.14    7.13
 179207.133    14.119    -6.56    5.78
 179496.471    13.089    -3.56    5.47
 179785.810    13.746     2.27    6.87
 180075.151    12.345    -4.84    6.77
 180364.493    12.117    -0.79    7.11
 180653.837    11.237    -3.04    7.22
 180943.182     9.948    -4.46    5.93
 181232.529     9.310    -2.20    5.04
 181521.877     9.534     0.77    5.32
 181811.226    11.049     5.23    7.22
 182100.577    13.897     9.84    9.40
 182389.930    17.644    12.95   12.06
 182679.284    20.828    11.00   12.83
 182968.639    24.948    14.24   11.83
 183257.996    27.607     9.19   11.61
 183547.354    29.600     6.89   10.64
 183836.714    30.433     2.88   11.33
 184126.075    30.175    -0.89   10.93
 184415.437    29.190    -3.41   10.93
 184704.801    26.833    -8.14   11.38
 184994.167    23.879   -10.21   11.70
 185283.534    20.067   -13.18   11.32
 185572.903    15.914   -14.35   11.15
 185862.272    10.172   -19.84    9.45
 186151.644     7.211   -10.24    8.11
 186441.017     4.250   -10.23    6.23
 186730.391     2.017    -7.72    4.55
 187019.767     0.603    -4.88    2.46
 187309.144    -0.167    -2.66    1.34
 187598.523    -0.250    -0.29    1.31
 187887.904    -0.169     0.28    1.30
 188177.285    -0.153     0.06    1.24
 188466.669    -0.167    -0.05    1.18
 188756.053    -0.115     0.18    1.07
 189045.440     0.018     0.46    0.94
 189334.827     0.034     0.06    1.00
 189624.217    -0.103    -0.47    1.00
 189913.607    -0.131    -0.10    1.15
 190202.999    -0.131     0.00    1.12
 190492.393     0.086     0.75    1.25
 190781.788     0.186     0.35    1.24
 191071.185     0.536     1.21    1.26
 191360.583     1.097     1.94    1.67
 191649.983     2.356     4.35    3.16
 191939.384     4.050     5.85    4.87
 192228.787     6.534     8.59    6.38
 192518.191     9.772    11.19    7.49
 192807.597    12.542     9.57    7.81
 193097.004    16.086    12.25    7.89
 193386.412    18.328     7.75    7.82
 193675.823    19.814     5.13    8.53
 193965.234    19.931     0.41    9.85
 194254.648    19.897    -0.12   10.67
 194544.062    19.328    -1.97   11.14
 194833.478    17.820    -5.21   10.57
 195122.896    15.638    -7.54    8.63
 195412.315    15.172    -1.61    7.46
 195701.736    14.793    -1.31    6.34
 195991.158    14.086    -2.44    5.28
 196280.582    16.082     6.90    7.42
 196570.008    17.667     5.48    8.18
 196859.434    20.200     8.75    9.39
 197148.863    21.439     4.28    9.62
 197438.293    24.138     9.33   10.60
 197727.724    27.783    12.60   11.69
 198017.157    30.729    10.18   11.48
 198306.591    33.733    10.38   11.01
 198596.027    37.196    11.97   10.75
 198885.465    40.603    11.77    9.32
 199174.826    42.741     7.39    7.78
 199463.938    43.000     0.89    7.98
 199753.051    43.200     0.69    8.16
 200042.166    42.793    -1.41    8.31
 200331.282    41.150    -5.68    8.92
 200620.400    40.842    -1.06    8.80
 200909.520    39.617    -4.24    8.43
 201198.641    39.483    -0.46    7.64
 201487.763    39.850     1.27    7.44
 201776.887    40.967     3.86    6.91
 202066.013    42.105     3.94    6.30
 202355.140    42.288     0.63    5.98
 202644.269    40.983    -4.51    6.42
 202933.399    40.333    -2.25    6.37
 203222.531    40.230    -0.36    5.88
 203511.664    39.754    -1.64    5.84
 203800.799    40.650     3.10    6.41
 204089.936    41.375     2.51    7.40
 204379.074    42.242     3.00    8.10
 204668.213    43.317     3.72    8.06
 204957.354    44.695     4.77    7.70
 205246.497    46.448     6.06    7.75
 205535.641    49.172     9.42    8.14
 205824.787    51.339     7.49    8.37
 206113.934    54.254    10.08    8.78
 206403.083    57.065     9.72    8.24
 206692.233    60.085    10.45    7.13
 206981.385    62.964     9.96    5.00
 207270.539    64.542     5.46    3.76
 207559.694    65.793     4.33    3.13
 207848.851    66.492     2.42    2.58
 208138.009    66.638     0.51    2.12
 208427.169    66.207    -1.49    2.72
 208716.330    65.052    -3.99    3.85
 209005.493    63.207    -6.38    5.54
 209294.657    61.650    -5.38    5.86
 209583.824    59.879    -6.12    6.31
 209872.991    58.200    -5.81    6.97
 210162.160    57.696    -1.74    6.84
 210451.331    57.793     0.33    6.80
 210740.504    57.750    -0.15    6.50
 211029.678    57.237    -1.77    6.02
 211318.853    56.746    -1.70    5.74
 211608.030    56.321    -1.47    5.49
 211897.209    54.586    -6.00    6.05
 212186.389    53.136    -5.02    6.42
 212475.571    51.678    -5.04    6.80
 212764.755    49.200    -8.57    7.81
 213053.940    47.172    -7.01    8.58
 213343.126    45.525    -5.70    9.13
 213632.314    43.632    -6.55    8.37
 213921.504    42.271    -4.70    7.93
 214210.696    40.967    -4.51    6.81
 214499.889    40.593    -1.29    6.70
 214789.083    41.150     1.93    7.14
 215078.280    41.211     0.21    7.15
 215367.477    40.983    -0.79    6.78
 215656.677    42.052     3.70    6.89
 215945.878    42.627     1.99    7.00
 216235.080    43.567     3.25    5.99
 216524.285    44.386     2.83    6.14
 216813.490    45.250     2.99    6.16
 217102.698    46.193     3.26    5.91
 217391.907    46.435     0.84    6.41
 217681.117    44.917    -5.25    7.64
 217970.330    42.949    -6.80    8.43
 218259.543    40.362    -8.95    8.52
 218548.759    38.825    -5.32    8.28
 218837.976    37.864    -3.32    7.72
 219127.195    37.119    -2.58    7.69
 219416.415    35.484    -5.65    7.56
 219705.637    34.700    -2.71    7.50
 219994.860    34.357    -1.19    7.46
 220284.086    32.831    -5.28    7.63
 220573.312    31.707    -3.88    7.35
 220862.541    30.049    -5.73    7.08
 221151.771    28.552    -5.18    6.46
 221441.002    27.017    -5.31    6.99
 221730.236    26.534    -1.67    7.61
 222019.471    25.328    -4.17    7.26
 222308.707    24.250    -3.73    7.57
 222597.945    23.517    -2.53    7.28
 222887.185    22.850    -2.31    7.17
 223176.427    22.246    -2.09    7.04
 223465.670    21.000    -4.31    6.63
 223754.914    19.426    -5.44    6.58
 224044.161    18.017    -4.87    6.91
 224333.409    17.237    -2.69    6.61
 224622.658    16.339    -3.10    6.41
 224911.909    15.707    -2.19    6.34
 225201.162    14.817    -3.08    6.39
 225490.417    13.068    -6.05    5.73
 225779.673    12.967    -0.35    5.55
 226068.931    12.431    -1.85    4.91
 226358.190    11.780    -2.25    4.44
 226647.451    11.754    -0.09    3.97
 226936.714    12.350     2.06    3.97
 227225.979    13.197     2.93    3.89
 227515.245    13.138    -0.20    3.65
 227804.512    12.917    -0.76    3.96
 228093.782    12.707    -0.73    3.92
 228383.053    11.847    -2.97    3.89
 228672.325    10.932    -3.16    4.08
 228961.600    10.373    -1.93    3.99
 229250.876     9.250    -3.88    3.63
 229540.154     8.965    -0.99    3.72
 229829.433     8.600    -1.26    4.01
 230118.714     8.310    -1.00    4.05
 230407.996     7.887    -1.46    3.62
 230697.281     7.367    -1.80    3.16
 230986.567     6.797    -1.97    2.28
 231275.854     7.638     2.91    4.01
 231565.144     9.750     7.30    5.78
 231854.435    10.683     3.23    5.81
 232143.727    12.017     4.61    6.26
 232433.022    14.492     8.56    6.47
 232722.318    16.483     6.88    5.70
 233011.615    17.911     4.94    5.24
 233300.915    17.583    -1.13    5.71
 233590.216    18.086     1.74    6.27
 233879.519    17.917    -0.59    6.65
 234168.823    17.259    -2.27    6.94
 234458.129    15.517    -6.02    7.25
 234747.437    14.034    -5.13    6.57
 235036.746    13.224    -2.80    6.28
 235326.057    13.361     0.47    6.01
 235615.370    13.966     2.09    6.01
 235904.685    15.650     5.82    6.90
 236194.001    16.845     4.13    8.00
 236483.319    18.746     6.57    8.12
 236772.639    20.258     5.23    7.54
 237061.960    21.417     4.00    6.55
 237351.283    22.377     3.32    5.79
 237640.607    23.000     2.15    5.45
 237929.934    24.397     4.83    4.98
 238219.262    25.475     3.73    4.97
 238508.592    27.767     7.92    5.39
 238797.923    30.233     8.53    5.28
 239087.256    32.293     7.12    4.76
 239376.591    34.542     7.77    4.22
 239665.928    34.719     0.61    4.30
 239955.266    34.917     0.68    4.54
 240244.606    34.689    -0.79    4.71
 240533.948    34.224    -1.61    4.74
 240823.291    33.593    -2.18    4.77
 241112.636    34.136     1.87    4.90
 241401.983    34.350     0.74    4.65
 241691.332    35.068     2.48    4.40
 241980.682    35.850     2.70    4.76
 242270.034    36.883     3.57    4.51
 242559.388    37.807     3.19    4.39
 242848.743    38.317     1.76    4.42
 243138.100    39.431     3.85    4.29
 243427.459    40.230     2.76    4.88
 243716.820    40.650     1.45    5.57
 244006.182    41.569     3.18    6.45
 244295.546    42.207     2.20    7.14
 244584.912    42.304     0.33    8.15
 244874.280    42.067    -0.82    8.10
 245163.649    41.627    -1.52    7.84
 245453.020    40.967    -2.28    8.24
 245742.392    40.224    -2.57    7.51
 246031.767    38.375    -6.39    6.58
 246321.143    36.483    -6.54    6.60
 246610.521    33.897    -8.94    6.40
 246899.901    31.933    -6.78    6.65
 247189.282    29.525    -8.32    6.75
 247478.665    27.224    -7.95    6.69
 247768.050    25.690    -5.30    6.03
 248057.437    23.966    -5.96    4.99
 248346.825    23.426    -1.86    4.56
 248636.215    22.603    -2.84    2.80
 248925.607    22.621     0.06    2.50
 249215.000    22.621     0.00    2.25
 249504.396    22.862     0.83    2.06
 249793.793    23.210     1.20    2.61
 250083.192    23.169    -0.14    2.77
 250372.592    23.373     0.70    3.23
 250661.995    23.140    -0.80    3.58
 250951.399    23.086    -0.19    3.68
 251240.805    22.633    -1.56    3.71
 251530.212    21.932    -2.42    4.12
 251819.622    21.869    -0.22    4.40
 252109.033    21.696    -0.60    4.74
 252398.446    22.356     2.28    5.27
 252687.860    22.789     1.50    5.26
 252977.277    23.267     1.65    5.67
 253266.695    23.721     1.57    4.91
 253556.115    23.483    -0.82    5.08
 253845.537    23.220    -0.91    5.02
 254134.960    22.404    -2.82    5.34
 254424.385    21.817    -2.03    5.21
 254713.812    21.700    -0.40    4.90
 255003.241    21.450    -0.86    5.14
 255292.672    21.576     0.44    5.63
 255582.104    21.825     0.86    5.44
 255871.538    22.133     1.07    5.38
 256160.974    22.586     1.56    5.55
 256450.412    22.317    -0.93    5.26
 256739.851    21.650    -2.30    5.11
 257029.293    20.879    -2.66    4.63
 257318.736    20.448    -1.49    4.76
 257608.181    20.328    -0.42    4.87
 257897.627    20.767     1.52    4.91
 258187.076    21.237     1.63    5.03
 258476.526    22.033     2.75    4.95
 258765.978    23.224     4.11    4.34
 259055.432    24.298     3.71    3.05
 259344.887    23.951    -1.20    3.06
 259634.345    23.183    -2.65    2.67
 259923.804    22.758    -1.47    2.17
 260213.265    22.625    -0.46    1.92
 260502.727    22.259    -1.27    1.84
 260792.192    21.983    -0.95    2.16
 261081.658    21.483    -1.73    2.56
 261371.127    20.639    -2.91    3.04
 261660.221    19.897    -2.57    3.48
 261949.303    18.500    -4.83    3.70
 262238.387    17.310    -4.12    3.32
 262527.472    17.593     0.98    4.84
 262816.559    18.672     3.73    5.87
 263105.648    20.103     4.95    6.48
 263394.739    22.100     6.91    6.60
 263683.831    24.518     8.36    6.72
 263972.925    28.000    12.05    7.03
 264262.022    31.817    13.20    7.20
 264551.120    34.780    10.25    6.92
 264840.219    37.871    10.69    6.90
 265129.321    40.393     8.72    4.69
 265418.424    40.390    -0.01    4.68
 265707.530    38.948    -4.99    5.73
 265996.637    36.081    -9.92    7.11
 266285.745    33.262    -9.75    7.83
 266574.856    31.552    -5.92    7.76
 266863.969    28.576   -10.29    8.02
 267153.083    27.474    -3.81    7.87
 267442.199    27.475     0.01    7.44
 267731.317    27.750     0.95    7.98
 268020.437    28.300     1.90    8.29
 268309.558    28.814     1.78    8.02
 268598.682    28.667    -0.51    7.75
 268887.807    29.250     2.02    7.93
 269176.934    27.741    -5.22    7.38
 269466.063    27.150    -2.05    7.30
 269755.194    26.733    -1.44    7.15
 270044.326    26.483    -0.87    7.16
 270333.461    26.931     1.55    6.98
 270622.597    27.534     2.09    6.58
 270911.735    28.583     3.63    6.58
 271200.875    29.949     4.72    6.94
 271490.017    31.949     6.92    6.96
 271779.161    33.879     6.68    6.97
 272068.306    35.175     4.48    6.04
 272357.453    36.049     3.02    5.17
 272646.603    36.283     0.81    4.82
 272935.754    36.903     2.14    4.30
 273224.906    37.089     0.64    4.71
 273514.061    36.914    -0.61    4.96
 273803.218    37.707     2.74    5.10
 274092.376    39.017     4.53    4.90
 274381.536    39.049     0.11    5.50
 274670.698    39.345     1.02    5.16
 274959.862    38.638    -2.44    5.20
 275249.028    38.121    -1.79    5.37
 275538.196    37.881    -0.83    5.49
 275827.366    37.836    -0.16    5.09
 276116.537    37.259    -2.00    4.63
 276405.710    36.780    -1.66    4.46
 276694.885    36.246    -1.85    4.47
 276984.062    36.310     0.22    4.50
 277273.241    36.817     1.75    4.38
 277562.422    37.250     1.50    4.62
 277851.605    38.161     3.15    5.28
 278140.789    39.304     3.95    5.53
 278429.976    40.763     5.05    4.84
 278719.164    41.414     2.25    5.01
 279008.354    42.213     2.76    5.38
 279297.546    42.787     1.98    5.01
 279586.740    43.621     2.88    4.59
 279875.935    43.847     0.78    4.32
 280165.133    43.737    -0.38    4.19
 280454.333    43.639    -0.34    4.29
 280743.534    43.150    -1.69    4.25
 281032.737    43.017    -0.46    4.27
 281321.942    42.542    -1.64    4.79
 281611.149    42.839     1.03    4.72
 281900.358    42.750    -0.31    4.66
 282189.569    44.155     4.86    4.45
 282478.782    44.700     1.88    4.39
 282767.996    45.883     4.09    4.58
 283057.213    46.879     3.44    4.13
 283346.431    48.293     4.89    4.36
 283635.652    48.983     2.38    4.51
 283924.874    49.333     1.21    4.61
 284214.098    49.610     0.96    4.60
 284503.324    49.576    -0.12    4.80
 284792.552    49.966     1.35    4.70
 285081.781    50.105     0.48    4.70
 285371.013    50.213     0.37    4.16
 285660.247    50.800     2.03    3.99
 285949.482    51.435     2.20    3.73
 286238.720    52.429     3.43    3.99
 286527.959    53.362     3.23    4.09
 286817.200    54.458     3.79    4.07
 287106.443    55.948     5.15    3.27
 287395.688    56.656     2.45    2.85
 287684.935    56.552    -0.36    3.09
 287974.184    56.103    -1.55    3.74
 288263.435    55.632    -1.63    4.75
 288552.688    55.373    -0.89    4.94
 288841.942    55.213    -0.55    5.01
 289131.199    55.431     0.75    5.38
 289420.457    57.034     5.54    5.60
 289709.717    58.421     4.80    5.66
 289998.980    60.172     6.05    5.90
 290288.244    61.574     4.84    5.84
 290577.510    63.119     5.34    5.17
 290866.778    64.355     4.27    4.67
 291156.048    64.821     1.61    4.37
 291445.320    64.847     0.09    3.91
 291734.594    65.138     1.00    4.15
 292023.870    65.672     1.85    4.40
 292313.148    66.934     4.36    4.57
 292602.427    67.621     2.37    5.19
 292891.709    68.220     2.07    5.60
 293180.992    68.500     0.97    5.70
 293470.278    69.033     1.84    5.47
 293759.565    69.033     0.00    5.44
 294048.855    68.934    -0.34    5.11
 294338.146    68.847    -0.30    4.36
 294627.439    69.161     1.08    4.36
 294916.734    70.283     3.88    4.57
 295206.031    71.310     3.55    5.31
 295495.331    71.721     1.42    7.04
 295784.632    73.083     4.71    8.88
 296073.935    75.807     9.42   11.30
 296363.240    78.241     8.41   12.33
 296652.546    81.276    10.49   13.25
 296941.855    83.393     7.32   13.00
 297231.166    85.879     8.59   13.23
 297520.479    88.817    10.15   13.14
 297809.794    91.052     7.73   13.57
 298099.110    94.140    10.68   13.08
 298388.429    97.387    11.22   12.38
 298677.749    99.783     8.28   10.67
 298967.072   101.672     6.53    8.30
 299256.396   104.911    11.19    4.50
 299545.723   105.741     2.87    4.19
 299835.051   104.983    -2.62    5.16
 300124.382   103.948    -3.58    7.90
 300413.714   102.738    -4.18    8.84
 300703.049   102.466    -0.94    9.12
 300992.385   101.293    -4.05    9.89
 301281.723    99.825    -5.08   10.01
 301571.064    98.467    -4.69    9.63
 301860.406    98.951     1.67    9.12
 302149.750    99.241     1.00   10.13
 302439.096    99.831     2.04   11.01
 302728.444   102.054     7.68   10.98
 303017.795   105.034    10.30   11.01
 303307.147   108.186    10.89   10.60
 303596.501   110.433     7.77    9.14
 303885.857   109.770    -2.29    9.59
 304175.215   109.054    -2.48    9.75
 304464.575   103.333   -19.77   14.24
 304753.937    97.052   -21.71   14.90
 305043.302    94.355    -9.32   13.56
 305332.668    92.443    -6.61   11.33
 305622.036    92.638     0.67   10.71
 305911.406    94.949     7.99   11.02
 306200.778    98.821    13.38    8.44
 306490.152   100.581     6.08    6.00
 306779.528   101.339     2.62    4.69
 307068.906   100.850    -1.69    4.85
 307358.286    98.862    -6.87    4.57
 307647.668    96.714    -7.42    4.08
 307937.052    94.533    -7.54    4.76
 308226.438    92.276    -7.80    5.49
 308515.826    91.230    -3.62    5.52
 308805.216    91.300     0.24    6.26
 309094.608    92.500     4.15    8.14
 309384.003    94.086     5.48    9.01
 309673.399    96.224     7.39    8.61
 309962.797    97.934     5.91    7.26
 310252.197    99.276     4.64    6.04
 310541.599    98.949    -1.13    5.72
 310831.003    98.414    -1.85    4.88
 311120.409    98.509     0.33    4.27
 311409.818    99.565     3.65    4.02
 311699.228    99.833     0.93    3.67
 311988.640   100.117     0.98    3.16
 312278.054   100.421     1.05    2.90
 312567.471   101.397     3.37    3.67
 312856.889   104.717    11.47    8.86
 313146.309   107.831    10.76   11.26
 313435.732   110.300     8.53   11.66
 313725.156   110.603     1.05   11.73
 314014.582   111.534     3.22   11.79
 314304.011   113.684     7.43   12.08
 314593.441   114.433     2.59   13.26
 314882.874   116.197     6.09   14.86
 315172.309   116.845     2.24   15.28
 315461.745   120.780    13.60   15.36
 315751.184   121.431     2.25   15.56
 316040.624   123.600     7.49   14.02
 316330.067   123.917     1.09   11.56
 316619.512   122.850    -3.69   10.45
 316908.959   121.283    -5.41    8.47
 317198.408   120.121    -4.02    7.36
 317487.858   118.655    -5.07    6.06
 317777.311   117.881    -2.67    4.39
 318066.766   117.257    -2.16    3.28
