#    1.601  -0.309   9.485 ;Mean Elev.(m), Avg Gradient(m/km), RMS Gradient(m/km) - SRTM1     
#    3.485  -1.706   9.958 ;Mean Elev.(m), Avg Gradient(m/km), RMS Gradient(m/km) - ASTER GDEM
#    2.039  -0.308   9.617 ;Mean Elev.(m), Avg Gradient(m/km), RMS Gradient(m/km) - GMTED2010 
   1  12.794060  -6.019557     1.177     1.222 12 54659.81827463 27.227
   2  12.792546  -6.021479     1.615     1.585 13 54669.73392023 36.551
   3  12.791344  -6.021839   -47.949   -48.293 13 54679.64956393 12.795
   4  12.792067  -6.020525     1.606     1.550 13 54689.56520657 50.386
   5  12.795182  -6.020004   -47.088   -46.875 13 54699.48084766 15.172
   6  12.796109  -6.018618     1.431     1.456 14 54709.39649209 41.806
   7  12.793916  -6.020577   -51.794   -52.344 13 54719.31214403  9.695
   8  12.790182  -6.021034     2.007     1.901 13 54729.22779281 52.476
   9  12.788030  -6.024350     2.260     2.257 11 54739.14344056 53.195
  10  12.785827  -6.022484     2.034     2.044 11 54749.05908695 41.845
  11  12.786131  -6.023893     1.959     1.914 11 54758.97473387 44.901
  12  12.787104  -6.023054     1.920     1.904 12 54768.89037805 47.868
  13  12.788399  -6.021366     2.097     2.111 12 54778.80601877 50.667
  14  12.790090  -6.021975    59.648    59.596 11 54788.72165770 10.203
  15  12.790543  -6.020826     2.257     2.215 12 54798.63729549 30.577
  16  12.792277  -6.020925     2.367     2.356 12 54808.55293400 30.982
  17  12.795041  -6.020390     2.629     2.634 13 54818.46857211 50.726
  18  12.793108  -6.019435     2.436     2.414 13 54828.38422381 52.785
  19  12.790349  -6.021313     2.256     2.267 13 54838.29986353 49.528
  20  12.786508  -6.022748     2.169     2.179 12 54848.21551322 53.698
  21  12.783543  -6.022476     2.244     2.243 11 54858.13116186 54.895
  22  12.783290  -6.024192     2.220     2.270 11 54868.04681099 54.063
  23  12.783506  -6.022621     2.063     1.962 11 54877.96245857 49.614
  24  12.785545  -6.023351     1.881     1.823 12 54887.87810363 35.789
  25  12.785319  -6.022791     1.710     1.669 11 54897.79374483 53.595
  26  12.784548  -6.024244     1.654     1.581 11 54907.70938402 30.359
  27  12.783904  -6.022846     1.924     1.964 11 54917.62502162 33.677
  28  12.786060  -6.023562     2.009     2.011 11 54927.54066000 52.288
  29  12.789230  -6.022252     1.887     1.831 13 54937.45629750 45.728
  30  12.793001  -6.021167     1.795     1.771 13 54947.37193333 52.650
  31  12.796025  -6.019931     1.570     1.559 13 54957.28756816 52.124
  32  12.793708  -6.020667     1.794     1.795 13 54967.20321676 50.904
  33  12.791574  -6.021502     1.979     1.956 13 54977.11886406 53.389
  34  12.790360  -6.022284   -62.443   -62.423 12 54987.03451122 14.104
  35  12.790254  -6.022232     1.782     1.683 13 54996.95015835 44.249
  36  12.790007  -6.021515     1.677     1.697 13 55006.86580358 30.379
  37  12.789617  -6.021950     1.338     1.348 13 55016.78144689 29.406
  38  12.788218  -6.021320     1.402     1.427 12 55026.69708865 29.382
  39  12.787631  -6.021753     1.457     1.419 12 55036.61273048 34.140
  40  12.789613  -6.022613     1.401     1.440 12 55046.52837194 32.211
  41  12.792976  -6.021175     1.611     1.572 13 55056.44401134 44.568
  42  12.795772  -6.019403     1.713     1.710 13 55066.35964837 48.535
  43  12.792908  -6.019617     1.270     1.204 13 55076.27529801 52.231
  44  12.789503  -6.022459     1.449     1.328 12 55086.19094613 48.842
  45  12.786684  -6.023449     1.455     1.386 11 55096.10659208 33.707
  46  12.786316  -6.023872     1.937     1.811 11 55106.02223765 50.327
  47  12.787318  -6.023461     1.905     1.957 12 55115.93788275 34.783
  48  12.788263  -6.021557     2.113     2.112 12 55125.85352516 33.845
  49  12.789253  -6.021334     2.049     2.033 12 55135.76916550 32.233
  50  12.790112  -6.022273     1.988     1.989 12 55145.68480424 31.515
  51  12.790356  -6.021369     2.067     2.005 13 55155.60044219 33.749
  52  12.791762  -6.021682     2.349     2.305 13 55165.51608094 30.483
  53  12.793442  -6.019922     2.615     2.562 12 55175.43171917 47.323
  54  12.794805  -6.019115     2.682     2.684 13 55185.34736070 49.927
  55  12.792203  -6.021222     2.655     2.654 13 55195.26301263 53.204
  56  12.788593  -6.022995     2.338     2.365 12 55205.17866288 52.741
  57  12.786100  -6.023833     2.332     2.355 11 55215.09431216 53.302
  58  12.784587  -6.022481     2.388     2.391 11 55225.00996032 52.302
  59  12.785567  -6.023704     2.159     2.177 11 55234.92560717 46.508
  60  12.786817  -6.022866     2.092     2.059 12 55244.84125026 32.005
  61  12.786744  -6.022946     2.026     2.095 11 55254.75689058 32.587
  62  12.785487  -6.023252     1.733     1.685 11 55264.67252939 36.762
  63  12.785669  -6.024102     1.570     1.597 11 55274.58816777 30.076
  64  12.787538  -6.022397     1.720     1.653 11 55284.50380531 50.949
  65  12.791628  -6.021751     2.014     2.013 13 55294.41944172 50.693
  66  12.793586  -6.019744     2.265     2.259 13 55304.33507989 53.539
  67  12.791638  -6.020473     2.334     2.340 13 55314.25072755 50.442
  68  12.790068  -6.021858     2.052     2.021 12 55324.16637317 49.531
  69  12.788737  -6.021091     1.734     1.713 12 55334.08201676 41.363
  70  12.788975  -6.022298     1.554     1.484 12 55343.99766047 43.662
  71  12.789510  -6.022035     1.502     1.596 13 55353.91330323 30.303
  72  12.790310  -6.021649     1.888     1.904 13 55363.82894387 31.183
  73  12.791182  -6.021760     1.712     1.725 12 55373.74458294 29.337
  74  12.792043  -6.021078     1.363     1.348 12 55383.66022082 28.081
  75  12.793182  -6.020148     1.298     1.273 13 55393.57585806 33.969
  76  12.795795  -6.019579     1.372     1.381 13 55403.49149511 50.253
  77  12.793698  -6.018891     1.629     1.664 13 55413.40714677 46.931
  78  12.792339  -6.020659     1.923     1.861 12 55423.32279617 53.030
  79  12.790427  -6.021110     1.913     1.931 12 55433.23844251 43.470
  80  12.788557  -6.023047     1.472     1.414 12 55443.15408717 37.396
  81  12.787301  -6.023036     1.247     1.297 11 55453.06972985 45.697
  82  12.787687  -6.021294     1.438     1.417 12 55462.98537139 30.995
  83  12.790805  -6.022108     1.668     1.696 13 55472.90101161 31.277
  84  12.793009  -6.020552     1.729     1.724 12 55482.81664847 29.045
  85  12.794353  -6.019617     2.019     2.016 12 55492.73228336 30.029
  86  12.795924  -6.019725     1.975     2.012 13 55502.64791727 24.503
  87  12.793699  -6.018704     1.908     1.925 13 55512.56356326 27.716
  88  12.792152  -6.020012     2.071     2.068 13 55522.47921348 36.718
  89  12.790963  -6.021230     2.102     2.133 13 55532.39486239 30.802
  90  12.789438  -6.021124     2.328     2.290 12 55542.31050933 54.537
  91  12.788399  -6.022086     2.668     2.669 12 55552.22615440 53.913
  92  12.789838  -6.029429     2.452     2.454  7 55562.14179941 52.891
  93  12.788284  -6.023371     2.100     2.161 12 55572.05744050 52.299
  94  12.789506  -6.021680     1.781     1.753 13 55581.97308132 54.947
  95  12.791815  -6.021298     1.755     1.792 13 55591.88871924 47.562
  96  12.793962  -6.019779     1.709     1.619 13 55601.80435358 30.332
  97  12.795466  -6.018201     2.080     2.144 13 55611.71998593 27.045
  98  12.797009  -6.018077     1.831     1.903 13 55621.63561955 22.211
  99  12.793581  -6.019582     1.323     1.295 13 55631.55127287 46.965
 100  12.792459  -6.021199     1.228     1.228 13 55641.46692441 49.056
 101  12.791931  -6.021142     1.386     1.368 12 55651.38257290 48.737
 102  12.791290  -6.021321     1.735     1.735 13 55661.29821755 49.159
 103  12.790312  -6.022055     2.057     2.018 12 55671.21385881 48.391
 104  12.789751  -6.021310     1.752     1.636 12 55681.12949784 42.734
 105  12.791672  -6.020770     1.385     1.266 13 55691.04513509 54.574
 106  12.794222  -6.018563     1.009     0.973 13 55700.96077026 43.506
 107  12.796149  -6.019491     0.935     0.897 13 55710.87641060 35.580
 108  12.793391  -6.019803     1.226     1.249 12 55720.79205977 27.837
 109  12.790932  -6.020943     1.474     1.424 12 55730.70770712 28.652
 110  12.790021  -6.022245     1.417     1.459 13 55740.62335359 29.244
 111  12.789632  -6.021605     1.197     1.186 13 55750.53899868 32.844
 112  12.790915  -6.021829     1.050     1.048 13 55760.45464190 51.600
 113  12.791875  -6.020587     1.043     1.071 12 55770.37028193 45.907
 114  12.792585  -6.019554     1.222     1.179 13 55780.28591865 37.965
 115  12.794215  -6.019874     1.441     1.382 13 55790.20155292 31.658
 116  12.796309  -6.018443     1.590     1.519 14 55800.11718546 30.479
 117  12.794829  -6.018227     1.535     1.515 13 55810.03283272 44.038
 118  12.794752  -6.019424     1.216     1.145 12 55819.94848130 40.287
 119  12.795610  -6.019223     0.918     0.898 13 55829.86412511 32.752
 120  12.796554  -6.019578     1.367     1.369 13 55839.77976458 29.431
 121  12.796165  -6.018519     1.849     1.853 13 55849.69540081 27.685
 122  12.797055  -6.018900     2.254     2.264 13 55859.61103581 27.361
 123  12.794588  -6.018992     2.140     2.129 13 55869.52668573 50.396
 124  12.793999  -6.020640     2.036     2.075 13 55879.44233773 50.979
 125  12.793754  -6.019868     2.077     2.070 12 55889.35798263 52.849
 126  12.794198  -6.019771     2.302     2.316 12 55899.27362191 36.939
 127  12.795056  -6.017916     2.529     2.601 13 55909.18925583 47.550
 128  12.792524  -6.021061     2.760     2.794 13 55919.10490678 52.378
 129  12.790492  -6.021694     2.242     2.289 13 55929.02055949 47.861
 130  12.790548  -6.022109     2.030     1.982 12 55938.93620860 44.474
 131  12.790181  -6.021092     1.828     1.805 13 55948.85185253 41.512
 132  12.790212  -6.022036     1.642     1.689 13 55958.76749246 28.422
 133  12.789978  -6.021562     1.662     1.696 12 55968.68312995 28.998
 134  12.791363  -6.021491     1.531     1.567 13 55978.59876705 28.247
 135  12.794297  -6.020439     1.564     1.552 13 55988.51440357 27.263
 136  12.796225  -6.019953     1.393     1.491 13 55998.43004523 42.909
 137  12.793628  -6.018886     1.380     1.409 13 56008.34569647 50.726
 138  12.791502  -6.020186     1.376     1.386 13 56018.26134394 48.336
 139  12.789279  -6.022056     1.556     1.488 13 56028.17698828 31.852
 140  12.788028  -6.022391     1.774     1.698 11 56038.09263035 48.490
 141  12.789619  -6.022024     1.838     1.830 13 56048.00827036 50.224
 142  12.792577  -6.020821     1.563     1.489 13 56057.92390744 41.136
 143  12.796232  -6.017417     1.238     1.356 13 56067.83953975 31.034
 144  12.794229  -6.020222     1.160     1.075 13 56077.75518982 49.531
 145  12.791027  -6.021625     1.315     1.377 12 56087.67083822 30.232
 146  12.789504  -6.022187     1.449     1.501 12 56097.58648432 32.079
 147  12.790008  -6.021757     1.576     1.568 13 56107.50212840 29.013
 148  12.791875  -6.021038     1.537     1.496 12 56117.41775822 39.100
 149  12.793629  -6.018643     1.289     1.338 13 56127.33339560 50.351
 150  12.795347  -6.018291     1.032     0.996 13 56137.24902959 52.944
 151  12.793774  -6.020704     1.127     1.090 13 56147.16467499 53.969
 152  12.791686  -6.021441     1.316     1.278 12 56157.08032383 36.651
 153  12.791370  -6.021824     1.452     1.480 13 56166.99597170 34.408
 154  12.791630  -6.020148     1.426     1.315 13 56176.91161665 31.765
 155  12.792987  -6.019774     1.412     1.361 13 56186.82725716 29.023
 156  12.794042  -6.020366     1.445     1.441 13 56196.74289423 27.538
 157  12.794070  -6.018394     1.567     1.582 13 56206.65852802 28.993
 158  12.796111  -6.019096     1.824     1.823 13 56216.57416136 26.780
 159  12.796951  -6.018769     1.996     1.981 13 56226.48980294 27.264
 160  12.794652  -6.017974     2.066     1.998 13 56236.40545807 27.543
 161  12.793421  -6.019963     2.268     2.290 13 56246.32111002 48.605
 162  12.791918  -6.020991     2.288     2.284 13 56256.23675663 50.979
 163  12.790597  -6.020969     2.397     2.421 12 56266.15239907 53.490
 164  12.790425  -6.021201     2.443     2.420 12 56276.06803979 53.514
 165  12.790515  -6.022145     2.492     2.515 12 56285.98368633 51.528
 166  12.790035  -6.021575     2.668     2.676 12 56295.89933617 53.914
 167  12.789608  -6.021573     2.762     2.773 13 56305.81498201 52.579
 168  12.788898  -6.022289     2.098     2.085 13 56315.73062480 32.575
 169  12.788125  -6.022389     1.929     1.928 11 56325.64626596 32.198
 170  12.789104  -6.022243     1.749     1.712 12 56335.56190655 49.827
 171  12.791278  -6.020486     1.853     1.834 13 56345.47754591 50.291
 172  12.794418  -6.019697     2.170     2.175 13 56355.39318321 51.161
 173  12.793225  -6.020024     2.109     2.112 12 56365.30882965 53.676
 174  12.790340  -6.021857     1.728     1.693 12 56375.22447900 52.317
 176  12.786731  -6.022595     1.594     1.538 12 56395.05576828 53.925
 177  12.788053  -6.021886     1.850     1.864 12 56404.97140958 44.026
 178  12.790771  -6.020785     1.869     1.856 12 56414.88704771 31.444
 179  12.794868  -6.019583     1.841     1.791 13 56424.80268109 29.226
 180  12.793636  -6.020214     1.727     1.714 13 56434.71832764 28.129
 181  12.789881  -6.022195     1.604     1.562 13 56444.63397958 33.199
 182  12.787358  -6.022599     1.433     1.434 11 56454.54962898 54.091
 183  12.787146  -6.023467     1.552     1.550 11 56464.46527599 49.789
 184  12.788213  -6.023084     1.618     1.597 12 56474.38091933 53.469
 185  12.789879  -6.022117     1.744     1.805 12 56484.29655920 48.887
 186  12.790955  -6.020705     1.656     1.684 13 56494.21219553 51.752
 187  12.792945  -6.020004     1.217     1.217 13 56504.12782973 53.185
 188  12.796386  -6.017822     0.975     0.984 13 56514.04346197 51.030
 189  12.795538  -6.017962     0.955     0.928 13 56523.95911220 50.553
 190  12.794218  -6.018929     1.275     1.212 13 56533.87476325 31.973
 192  12.790896  -6.021172     1.886     1.813 12 56553.70605491 37.119
 193  12.790133  -6.022132     1.314     1.201 12 56563.62169772 27.320
 194  12.790393  -6.021604     1.489     1.379 12 56573.53733931 28.199
 195  12.792367  -6.020512     1.488     1.439 12 56583.45297878 30.908
 196  12.796457  -6.019485     2.017     2.035 13 56593.36861397 43.073
 197  12.793540  -6.019836     2.206     2.216 13 56603.28426673 33.081
 198  12.790914  -6.020698     2.509     2.536 12 56613.19991598 54.033
 199  12.790331  -6.022346     2.165     2.110 12 56623.11556118 47.573
 200  12.790124  -6.021145     2.115     2.113 13 56633.03120279 52.252
 201  12.792608  -6.019925     2.309     2.298 13 56642.94683989 52.578
 202  12.791856  -6.021274     2.480     2.524 13 56652.86249060 53.781
 203  12.790193  -6.021648     2.302     2.300 13 56662.77813975 31.275
 204  12.788658  -6.021985     2.292     2.274 12 56672.69378635 48.169
 205  12.787490  -6.021504     1.715     1.725 12 56682.60943160 49.101
 206  12.788726  -6.022347     1.782     1.795 12 56692.52507543 30.293
 207  12.791101  -6.020568     1.519     1.535 13 56702.44071486 52.062
 208  12.794437  -6.019957     1.659     1.650 13 56712.35634953 53.647
 209  12.791968  -6.020726   -59.094   -58.846 13 56722.27199653 11.716
 210  12.787669  -6.021975     2.115     2.133 12 56732.18764801 52.601
 211  12.785513  -6.022481     1.610     1.559 11 56742.10329558 31.219
 212  12.786850  -6.023605     1.443     1.442 11 56752.01893902 52.462
 213  12.790078  -6.021851     1.428     1.437 13 56761.93457666 52.342
 214  12.794615  -6.019860     1.853     1.828 13 56771.85020753 53.293
 215  12.790526  -6.021588     1.948     1.907 13 56781.76586349 31.219
 216  12.786642  -6.023419     2.399     2.311 11 56791.68151773 32.227
 217  12.783384  -6.023916     2.081     2.077 11 56801.59716900 56.090
 218  12.783347  -6.022635     1.756     1.755 11 56811.51281311 51.926
 219  12.786014  -6.023851     1.560     1.582 11 56821.42845377 53.413
 220  12.789131  -6.023204   -60.520   -60.494 12 56831.34408990 12.825
 221  12.791977  -6.020295     1.896     1.909 13 56841.25972216 50.238
 222  12.793894  -6.020397     2.187     2.152 13 56851.17535917 49.681
 223  12.790747  -6.021435     1.634     1.593 13 56861.09101308 45.476
 224  12.789285  -6.022679     1.162     1.043 12 56871.00666634 49.934
 225  12.788000  -6.021119     1.187     0.996 12 56880.92231612 37.360
 226  12.787733  -6.022503     1.170     1.134 12 56890.83796296 30.966
 227  12.786234  -6.023047     1.563     1.583 11 56900.75360665 31.054
 228  12.784592  -6.023745     1.889     1.873 11 56910.66924857 32.361
 229  12.784772  -6.022453     1.885     1.843 11 56920.58488897 32.965
 230  12.787871  -6.021465     1.949     2.009 12 56930.50052779 48.753
 231  12.792831  -6.020705     1.923     1.966 12 56940.41616210 53.610
 232  12.794949  -6.019265     1.973     1.999 12 56950.33180105 54.351
 233  12.791708  -6.021296     2.225     2.220 13 56960.24745351 49.337
 234  12.788947  -6.022129     2.546     2.534 13 56970.16310052 53.734
 235  12.788851  -6.021952     2.539     2.516 13 56980.07874343 53.481
 236  12.791507  -6.021469     2.629     2.624 13 56989.99438192 53.262
 237  12.796078  -6.018851     2.688     2.704 13 56999.91001375 53.031
 238  12.793965  -6.020561     2.364     2.343 13 57009.82566758 40.868
 239  12.790766  -6.020645     2.238     2.244 13 57019.74131950 30.432
 240  12.789020  -6.022864     2.336     2.312 12 57029.65696929 34.250
 241  12.787535  -6.021799     2.194     2.159 12 57039.57261701 30.961
 242  12.788026  -6.021399     2.028     2.040 12 57049.48826294 54.305
 243  12.790556  -6.021901     1.695     1.746 13 57059.40390529 52.969
 244  12.792418  -6.020019     1.304     1.338 13 57069.31954135 53.635
 245  12.794263  -6.019989     1.387     1.428 13 57079.23517338 48.783
 246  12.794204  -6.019585     1.814     1.785 12 57089.15081051 53.421
 247  12.789906  -6.021848     2.204     2.226 12 57099.06646868 53.622
 248  12.788115  -6.022472     1.712     1.627 12 57108.98212354 30.957
 249  12.788495  -6.021127     1.541     1.489 12 57118.89777279 46.754
 250  12.789362  -6.021556     1.471     1.443 13 57128.81341643 49.254
 251  12.789856  -6.021836     1.712     1.701 13 57138.72905452 28.695
 252  12.790874  -6.020872     1.803     1.756 13 57148.64468894 27.961
 253  12.794145  -6.019816     2.155     2.124 12 57158.56032104 52.742
 254  12.794270  -6.020730     2.042     2.007 13 57168.47597016 52.431
 255  12.791641  -6.020272     1.780     1.803 13 57178.39162613 52.978
 256  12.790048  -6.022156     1.378     1.380 13 57188.30727854 52.528
 257  12.787993  -6.021692     1.267     1.283 12 57198.22292626 47.751
 258  12.787176  -6.022382     1.366     1.356 11 57208.13856035 39.442
 259  12.787536  -6.022255     1.507     1.530 12 57218.05420435 38.142
 260  12.789011  -6.021240     1.496     1.515 12 57227.96984715 38.981
 261  12.791062  -6.020514     1.446     1.379 13 57237.88548789 30.372
 262  12.792825  -6.019380     1.158     1.157 13 57247.80112524 32.337
 263  12.794182  -6.019200     1.022     0.990 13 57257.71676031 31.083
 264  12.795380  -6.018956     1.332     1.317 13 57267.63239445 29.687
 265  12.794471  -6.019963     1.400     1.350 13 57277.54804211 25.305
 266  12.792260  -6.019652     1.528     1.486 13 57287.46369853 28.159
 267  12.791218  -6.021016     1.949     1.906 12 57297.37935261 44.073
 268  12.790057  -6.021431     1.684     1.633 12 57307.29500287 36.252
 269  12.787912  -6.022364     1.522     1.493 11 57317.21064938 52.959
 270  12.785999  -6.022803     1.622     1.615 12 57327.12629227 34.697
 271  12.786646  -6.023035     2.023     2.013 11 57337.04193307 48.066
 272  12.787015  -6.022891     2.314     2.326 11 57346.95758037 46.661
 273  12.787653  -6.022233     2.534     2.531 12 57356.87322694 54.012
 274  12.788345  -6.021183     2.596     2.469 12 57366.78886995 35.688
 275  12.789423  -6.022059     2.500     2.463 12 57376.70451042 33.920
 276  12.790788  -6.022081     2.398     2.402 12 57386.62014926 30.941
 277  12.792672  -6.020303     2.416     2.400 13 57396.53578733 33.948
 278  12.795296  -6.017854     2.746     2.700 13 57406.45142432 40.688
 279  12.794665  -6.020364     2.352     2.370 13 57416.36707595 49.843
 280  12.791822  -6.020958     2.129     2.108 12 57426.28272758 53.629
 281  12.788841  -6.022685     2.108     2.116 12 57436.19837633 52.455
 282  12.786854  -6.023205     1.633     1.691 11 57446.11402293 49.641
 283  12.786741  -6.023365     1.911     1.947 12 57456.02966853 50.760
 284  12.788808  -6.023292     1.783     1.718 12 57465.94531191 50.755
 285  12.791546  -6.020317     1.950     1.896 13 57475.86095087 27.964
 286  12.794441  -6.020465     2.134     2.088 13 57485.77658708 32.387
 287  12.795617  -6.019037     2.170     2.213 13 57495.69222039 45.378
 288  12.797276  -6.019035     1.872     1.879 13 57505.60785454 49.348
 289  12.793304  -6.020886     1.621     1.649 13 57515.52351114 33.799
 290  12.791456  -6.021291     1.669     1.710 12 57525.43916528 26.768
 291  12.790405  -6.020848     2.086     2.138 13 57535.35481692 39.351
 292  12.789754  -6.022755     2.184     2.230 12 57545.27046614 53.024
 293  12.788397  -6.022855     1.987     2.008 12 57555.18611257 52.494
 294  12.788090  -6.023226     1.627     1.653 12 57565.10175736 52.618
 295  12.788423  -6.022441     1.317     1.356 12 57575.01740116 52.784
 296  12.789447  -6.022052     1.459     1.398 13 57584.93304435 48.450
 297  12.790615  -6.021981     1.533     1.513 12 57594.84868556 26.924
