#  338.433  -1.176   3.161 ;Mean Elev.(m), Avg Gradient(m/km), RMS Gradient(m/km) - SRTM1     
#  351.729  -1.081   3.357 ;Mean Elev.(m), Avg Gradient(m/km), RMS Gradient(m/km) - ASTER GDEM
#  339.448  -1.189   3.286 ;Mean Elev.(m), Avg Gradient(m/km), RMS Gradient(m/km) - GMTED2010 
   8  21.256729   1.975645   337.581   337.581  2 54734.65312047 49.612
   9  21.252156   1.973012   337.705   337.694  7 54744.56876709 53.402
  10  21.250481   1.972369   337.745   337.757  9 54754.48441405 45.887
  11  21.251631   1.973234   338.190   338.162  9 54764.40006066 53.687
  12  21.253482   1.973772   338.479   338.479  6 54774.31570446 53.679
  13  21.254922   1.974835   338.702   338.678  4 54784.23134557 52.358
  14  21.255961   1.975117   339.357   339.348  3 54794.14698432 51.556
  19  21.254370   1.973707   337.695   337.743  5 54843.72519264 52.013
  20  21.251383   1.973242   337.616   337.613  9 54853.64084159 53.741
  21  21.248159   1.968992   338.025   338.083  8 54863.55648966 54.453
  22  21.247630   1.969482   338.058   338.083  8 54873.47213879 50.354
  23  21.247636   1.968182   338.035   338.027  7 54883.38778521 54.572
  24  21.248702   1.969687   337.866   337.817  7 54893.30342873 55.438
  25  21.248098   1.968835   337.704   337.700  8 54903.21906868 54.655
  26  21.247170   1.966579   337.633   337.608  6 54913.13470666 54.726
  27  21.249701   1.971701   337.668   337.695  9 54923.05034544 54.402
  28  21.253067   1.973443   337.779   337.723  7 54932.96598278 53.542
  35  21.257518   1.975988   337.410   337.410  2 55002.37548532 44.494
  36  21.255739   1.974443   337.442   337.452  3 55012.29112953 50.080
  37  21.255018   1.974785   337.533   337.548  5 55022.20677265 52.563
  38  21.254910   1.975091   336.961   336.908  5 55032.12241472 53.327
  39  21.256169   1.975757   336.916   336.918  3 55042.03805618 51.750
  44  21.255098   1.975078   337.170   337.104  4 55091.61627195 52.732
  45  21.252514   1.973589   337.497   337.445  7 55101.53191844 53.089
  46  21.251896   1.973082   337.512   337.538  8 55111.44756494 38.179
  47  21.253613   1.974638   337.611   337.526  6 55121.36320997 30.672
  48  21.254972   1.974904   338.329   338.363  5 55131.27885180 53.126
  49  21.255155   1.974642   338.284   338.262  4 55141.19449122 51.791
  50  21.255617   1.975586   338.604   338.543  4 55151.11012990 53.105
  55  21.256569   1.976048   338.696   338.635  3 55200.68834188 52.541
  56  21.252625   1.973707   338.687   338.609  8 55210.60399110 54.245
  57  21.251566   1.973130   338.419   338.376  8 55220.51964055 53.539
  58  21.251095   1.972340   338.297   338.198  8 55230.43528900 54.263
  59  21.251870   1.973393   337.924   337.944  7 55240.35093460 54.194
  60  21.250961   1.972663   338.005   337.980  9 55250.26657591 55.600
  61  21.249102   1.970681   338.085   338.069  8 55260.18221427 55.281
  62  21.249490   1.970752   338.643   338.539  9 55270.09785211 54.051
  63  21.252964   1.974547   338.479   338.442  7 55280.01349077 54.450
  68  21.256426   1.975197   338.586   338.588  3 55329.59169656 47.655
  69  21.255614   1.974807   338.583   338.584  3 55339.50734104 51.242
  70  21.257220   1.976412   338.321   338.321  2 55349.42298583 51.470
  79  21.255903   1.975072   336.937   336.937  3 55438.66376700 40.119
  80  21.253918   1.974571   337.419   337.478  6 55448.57941041 23.944
  81  21.254109   1.974120   337.969   337.896  5 55458.49505382 52.954
  82  21.256497   1.976081   337.646   337.629  3 55468.41069721 50.121
  90  21.256470   1.974550   338.146   338.146  2 55547.73583656 49.337
  91  21.254256   1.974255   338.049   337.997  5 55557.65148003 52.359
  92  21.252854   1.973201   338.177   338.178  7 55567.56712274 52.623
  93  21.254541   1.974281   337.958   337.990  5 55577.48276545 51.290
 111  21.256566   1.975112   336.838   336.838  2 55755.96432402 48.535
 129  21.256544   1.975896   338.724   338.707  3 55934.44589054 52.953
 130  21.255580   1.974456   338.231   338.171  3 55944.36153679 52.394
 131  21.256043   1.974827   337.938   337.826  3 55954.27717904 51.719
 132  21.256777   1.976046   337.313   337.313  2 55964.19281831 51.574
 133  21.257227   1.975923   337.255   337.255  2 55974.10845537 40.817
 139  21.255882   1.975242   337.055   337.026  3 56033.60231200 23.622
 140  21.257106   1.976380   337.503   337.503  2 56043.51795375 48.213
 166  21.255558   1.975320   339.192   339.124  4 56301.32466647 54.214
 167  21.254080   1.974307   338.507   338.510  5 56311.24031000 49.721
 169  21.254278   1.974118   337.902   337.934  5 56331.07159171 49.228
 175  21.252809   1.973484   338.222   338.264  7 56390.56544865 53.151
 176  21.254601   1.974492   338.430   338.408  4 56400.48109247 53.164
 181  21.254623   1.975328   337.761   337.826  5 56450.05930879 53.451
 182  21.254215   1.974409   337.136   337.172  5 56459.97495644 53.522
 183  21.254758   1.973647   337.370   337.395  4 56469.89060093 26.474
 184  21.256763   1.975996   337.180   337.180  2 56479.80624244 48.589
 192  21.256181   1.975278   337.415   337.438  3 56559.13138265 46.139
 193  21.255730   1.975388   337.894   337.890  4 56569.04702440 52.944
 198  21.257278   1.976237   338.585   338.585  2 56618.62524350 50.559
 199  21.255709   1.974234   338.891   338.792  3 56628.54088639 50.052
 203  21.254596   1.974442   337.964   338.041  5 56668.20347101 51.848
 204  21.253042   1.973947   338.057   338.036  6 56678.11911562 54.872
 205  21.253465   1.973587   337.772   337.737  6 56688.03475886 51.304
 206  21.256384   1.974938   337.797   337.797  2 56697.95040035 47.688
 210  21.252852   1.973297   338.035   337.998  7 56737.61297456 46.385
 211  21.251270   1.972607   337.848   337.827  8 56747.52861981 50.326
 212  21.254142   1.973406   337.859   337.922  5 56757.44426122 23.949
 215  21.255412   1.975285   338.665   338.655  4 56787.19119692 52.468
 216  21.249305   1.971315   338.402   338.404  9 56797.10684769 53.595
 217  21.246467   1.968496   338.383   338.341  9 56807.02249374 50.559
 218  21.249600   1.970877   337.929   337.927  9 56816.93813520 53.354
 219  21.254422   1.974002   338.114   338.004  5 56826.85377351 53.175
 223  21.257428   1.976095   337.486   337.486  2 56866.51634319 47.631
 224  21.255634   1.975729   337.362   337.365  4 56876.43199539 19.316
 225  21.254093   1.974737   337.520   337.516  6 56886.34764435 53.478
 226  21.252598   1.973742   337.386   337.395  8 56896.26329039 29.838
 227  21.251009   1.973134   337.683   337.667  8 56906.17893331 53.958
 228  21.249739   1.971543   338.162   338.180  9 56916.09457368 53.296
 229  21.251963   1.972855   337.651   337.661  8 56926.01021298 54.800
 230  21.257196   1.975728   338.142   338.142  2 56935.92584965 48.564
 234  21.256141   1.975419   339.300   339.219  3 56975.58842672 51.302
 235  21.256858   1.976217   339.041   339.041  2 56985.50406789 52.241
 239  21.255555   1.974735   338.380   338.306  3 57025.16665195 52.571
 240  21.253891   1.974729   338.084   338.055  6 57035.08230016 54.460
 241  21.254025   1.973791   337.325   337.229  5 57044.99794567 52.982
 242  21.256467   1.975550   337.136   337.136  2 57054.91358891 49.688
 247  21.256285   1.974993   337.028   337.028  2 57104.49180074 41.439
 248  21.254849   1.974559   337.123   337.118  4 57114.40745317 30.793
 249  21.255211   1.974721   338.318   338.300  4 57124.32309960 46.999
 250  21.255892   1.975391   338.258   338.182  3 57134.23874057 52.372
 256  21.256509   1.975073   337.725   337.725  2 57193.73260418 50.084
 257  21.254811   1.974457   337.909   337.890  4 57203.64825111 51.942
 258  21.253958   1.973313   337.845   337.872  5 57213.56388495 51.790
 259  21.256181   1.975725   337.008   337.047  3 57223.47952976 35.896
 268  21.255509   1.975031   337.488   337.424  3 57312.72032974 48.060
 269  21.253031   1.973852   338.219   338.186  6 57322.63597392 28.972
 270  21.252623   1.973588   338.649   338.604  8 57332.55161659 34.505
 271  21.255021   1.975211   339.417   339.396  4 57342.46725799 53.430
 272  21.252255   1.972510   339.995   340.063  7 57352.38290999 52.259
 273  21.253467   1.974267   340.026   339.952  6 57362.29855534 53.889
 274  21.254221   1.974215   339.780   339.703  5 57372.21419682 53.189
 275  21.255351   1.974561   339.464   339.454  3 57382.12983620 52.264
 280  21.256625   1.975020   338.029   338.029  2 57431.70805541 50.391
 281  21.253247   1.973806   338.081   338.100  7 57441.62370244 48.314
 282  21.252808   1.973246   338.184   338.103  7 57451.53934922 52.825
 283  21.254853   1.975202   338.054   338.083  5 57461.45499514 48.101
 292  21.256236   1.975454   338.521   338.521  2 57550.69579127 50.807
 293  21.254942   1.975072   337.782   337.791  4 57560.61143654 52.658
 294  21.254663   1.974719   337.979   337.978  4 57570.52708162 52.227
 295  21.255928   1.975125   337.084   337.193  3 57580.44272684 32.554
