-243138.808    34.592     0.00    6.67
-242849.524    35.628     3.58    7.30
-242560.241    36.190     1.94    7.23
-242270.957    35.408    -2.71    7.45
-241981.674    36.732     4.58    6.58
-241692.390    38.292     5.39    6.59
-241403.107    38.694     1.39    6.42
-241113.823    39.313     2.14    5.84
-240824.540    39.308    -0.01    5.96
-240535.256    39.614     1.06    5.91
-240245.973    39.429    -0.64    6.09
-239956.689    39.087    -1.18    6.24
-239667.406    37.821    -4.38    6.75
-239378.122    35.749    -7.16    7.13
-239088.839    34.384    -4.72    7.21
-238799.555    33.432    -3.29    7.42
-238510.272    33.963     1.84    7.46
-238220.988    33.746    -0.75    7.56
-237931.704    33.580    -0.57    7.15
-237642.421    34.866     4.45    7.20
-237353.137    36.597     5.98    7.75
-237063.854    37.890     4.47    7.72
-236774.570    39.153     4.36    7.65
-236485.286    39.851     2.41    7.43
-236196.002    41.045     4.13    7.07
-235906.719    40.511    -1.85    7.41
-235617.435    39.925    -2.03    6.96
-235328.151    40.382     1.58    7.17
-235038.867    41.666     4.44    7.34
-234749.584    43.796     7.36    7.93
-234460.300    45.735     6.70    7.96
-234171.016    46.896     4.01    7.84
-233881.732    47.792     3.10    6.86
-233592.448    48.079     0.99    6.57
-233303.164    47.874    -0.71    6.49
-233013.880    48.218     1.19    6.30
-232724.596    48.683     1.61    6.44
-232435.312    48.529    -0.53    6.40
-232146.028    49.342     2.81    6.82
-231856.743    50.005     2.29    7.29
-231567.459    51.735     5.98    7.24
-231278.175    52.218     1.67    7.16
-230988.890    53.304     3.75    6.96
-230699.606    54.614     4.53    6.12
-230410.322    55.104     1.69    5.76
-230121.037    53.683    -4.91    6.86
-229831.753    51.241    -8.44    6.69
-229542.468    50.063    -4.07    6.99
-229253.183    48.529    -5.30    7.41
-228963.899    47.366    -4.02    7.63
-228674.614    45.800    -5.41    7.79
-228385.329    45.105    -2.40    7.49
-228096.044    44.738    -1.27    7.61
-227806.759    45.408     2.31    7.79
-227517.474    46.813     4.86    7.38
-227228.189    46.646    -0.58    7.00
-226938.904    46.708     0.21    7.04
-226649.619    45.902    -2.79    6.72
-226360.334    44.463    -4.98    7.28
-226071.049    43.598    -2.99    7.79
-225781.763    42.382    -4.20    8.15
-225492.478    41.885    -1.72    8.06
-225203.192    41.614    -0.93    8.17
-224913.907    42.495     3.04    7.63
-224624.621    43.991     5.17    7.46
-224335.335    45.763     6.12    7.13
-224046.049    47.885     7.34    6.36
-223756.764    48.196     1.08    6.83
-223467.478    48.817     2.15    6.95
-223178.192    48.795    -0.08    7.25
-222888.905    47.698    -3.79    7.35
-222599.619    47.976     0.96    7.87
-222310.333    48.597     2.14    8.00
-222021.047    49.046     1.55    7.98
-221731.760    48.597    -1.55    7.22
-221442.474    49.373     2.68    7.45
-221153.187    50.373     3.46    7.08
-220863.900    51.763     4.80    6.41
-220574.613    53.020     4.35    6.23
-220285.326    54.868     6.39    6.76
-219996.039    56.373     5.20    6.63
-219706.752    56.808     1.50    6.32
-219417.465    57.063     0.88    6.94
-219128.178    57.263     0.69    7.17
-218838.891    57.014    -0.86    7.46
-218549.603    55.402    -5.57    7.92
-218260.315    54.080    -4.57    7.38
-217971.028    54.664     2.02    7.39
-217681.740    54.649    -0.05    8.10
-217392.452    53.218    -4.94    8.80
-217103.164    52.994    -0.78    8.75
-216813.876    53.183     0.66    8.75
-216524.588    52.097    -3.75    8.71
-216235.299    49.696    -8.30    7.95
-215946.011    49.229    -1.61    8.19
-215656.722    48.890    -1.17    8.24
-215367.434    46.779    -7.30    9.05
-215078.145    45.545    -4.27    9.57
-214788.856    42.649   -10.01    9.50
-214499.567    40.113    -8.77   10.12
-214210.278    37.629    -8.58    9.94
-213920.989    35.153    -8.56    9.14
-213631.699    32.045   -10.74    7.05
-213342.410    32.166     0.42    7.08
-213053.120    32.752     2.03    7.48
-212763.830    34.396     5.68    7.98
-212474.540    35.104     2.45    8.17
-212185.250    35.701     2.06    7.82
-211895.960    38.163     8.51    7.05
-211606.670    39.966     6.23    6.60
-211317.380    41.413     5.00    6.67
-211028.089    40.563    -2.94    7.14
-210738.798    39.718    -2.92    7.45
-210449.508    39.919     0.69    7.26
-210160.217    40.496     2.00    6.91
-209870.926    40.996     1.73    6.19
-209581.634    40.183    -2.81    5.84
-209292.343    38.479    -5.89    6.80
-209003.052    37.763    -2.48    6.80
-208713.760    35.756    -6.94    7.88
-208424.468    33.292    -8.52    8.16
-208135.176    30.752    -8.78    8.09
-207845.884    28.113    -9.12    7.30
-207556.592    25.746    -8.18    6.32
-207267.300    23.890    -6.41    5.05
-206978.007    22.545    -4.65    4.12
-206688.714    22.098    -1.55    4.19
-206399.422    23.796     5.87    6.17
-206110.129    26.546     9.50    7.96
-205820.835    29.746    11.06    9.46
-205531.566    33.580    13.25    9.68
-205242.305    36.063     8.58    8.15
-204953.044    38.463     8.30    7.42
-204663.782    39.511     3.62    7.29
-204374.521    38.846    -2.30    8.37
-204085.259    37.054    -6.19    8.79
-203795.997    36.476    -2.00    9.03
-203506.735    37.097     2.15    8.88
-203217.473    37.494     1.37    8.84
-202928.210    37.300    -0.67    8.61
-202638.948    37.976     2.34    8.30
-202349.685    40.425     8.46    7.81
-202060.422    42.028     5.54    8.36
-201771.159    43.649     5.60    8.64
-201481.896    44.869     4.22    8.26
-201192.633    47.393     8.73    8.21
-200903.369    49.258     6.45    7.75
-200614.105    50.019     2.63    7.26
-200324.841    50.063     0.15    7.33
-200035.577    48.863    -4.15    8.18
-199746.313    47.393    -5.08    8.81
-199457.048    45.813    -5.46    9.25
-199167.784    45.366    -1.54    9.65
-198878.519    45.063    -1.05    9.76
-198589.254    46.098     3.58    9.05
-198299.989    44.563    -5.31    9.55
-198010.723    44.646     0.29    8.96
-197721.458    45.476     2.87    9.24
-197432.192    44.613    -2.99    8.71
-197142.926    44.142    -1.63    8.22
-196853.660    44.179     0.13    8.45
-196564.393    45.896     5.93    8.21
-196275.127    47.979     7.20    7.10
-195985.860    48.396     1.44    6.92
-195696.593    48.683     0.99    6.17
-195407.326    47.986    -2.41    6.60
-195118.058    46.804    -4.09    6.38
-194828.791    47.037     0.81    6.83
-194539.523    46.546    -1.70    6.99
-194250.255    46.703     0.54    7.58
-193960.987    46.796     0.32    8.48
-193671.718    49.218     8.37    9.15
-193382.450    49.530     1.08    8.79
-193093.181    51.263     5.99    7.79
-192803.912    51.902     2.21    7.23
-192514.642    50.942    -3.32    7.15
-192225.373    50.563    -1.31    6.35
-191936.103    48.953    -5.57    5.99
-191646.833    47.292    -5.74    6.50
-191357.563    45.321    -6.81    7.45
-191068.293    43.646    -5.79    8.61
-190779.022    41.670    -6.83    9.65
-190489.752    38.746   -10.11    9.42
-190200.481    36.545    -7.61    8.02
-189911.209    34.759    -6.17    6.82
-189621.938    33.114    -5.69    5.37
-189332.666    33.425     1.07    6.11
-189043.394    34.701     4.41    7.55
-188754.122    36.787     7.21    8.44
-188464.850    39.218     8.41    9.06
-188175.577    40.994     6.14    9.10
-187886.304    42.346     4.67    8.15
-187597.031    41.476    -3.01    8.13
-187307.758    41.063    -1.43    7.72
-187018.484    41.218     0.54    6.95
-186729.211    42.229     3.49    6.52
-186439.936    42.956     2.51    6.68
-186150.662    43.580     2.16    6.91
-185861.388    45.408     6.32    6.16
-185572.113    45.444     0.13    6.17
-185282.838    44.614    -2.87    6.74
-184993.563    43.146    -5.07    7.56
-184704.287    40.476    -9.23    7.37
-184415.011    38.183    -7.93    6.59
-184125.735    36.668    -5.24    5.92
-183836.459    34.696    -6.82    5.53
-183547.183    32.963    -5.99    4.15
-183257.906    32.442    -1.80    3.93
-182968.629    33.413     3.36    5.02
-182679.352    33.527     0.40    5.27
-182390.074    33.851     1.12    5.39
-182100.796    35.020     4.04    4.90
-181811.518    35.479     1.59    4.58
-181522.240    37.055     5.45    5.78
-181232.961    38.384     4.60    8.14
-180943.683    42.275    13.45   11.27
-180654.404    47.580    18.34   13.68
-180365.124    51.579    13.83   12.96
-180075.845    54.448     9.92   10.60
-179786.565    56.132     5.82    9.09
-179497.284    55.986    -0.50    9.35
-179208.004    53.688    -7.95   10.80
-178918.723    49.998   -12.75   11.16
-178629.442    45.749   -14.69   10.00
-178340.161    41.953   -13.12    9.22
-178050.880    39.528    -8.38    7.94
-177761.598    37.808    -5.95    6.61
-177472.316    38.054     0.85    7.65
-177183.033    39.942     6.53    9.00
-176893.751    42.940    10.36   10.52
-176604.468    46.173    11.18   10.32
-176315.184    49.045     9.93    9.86
-176025.901    50.511     5.07    8.99
-175736.617    51.580     3.70    8.83
-175447.333    49.579    -6.92   10.82
-175158.049    46.821    -9.53   11.76
-174868.764    43.632   -11.03   11.62
-174579.479    41.666    -6.79   10.90
-174290.194    39.287    -8.22    9.36
-174000.908    38.496    -2.73    8.28
-173711.622    39.105     2.11    8.27
-173422.336    39.989     3.06    8.90
-173133.050    40.384     1.37    8.59
-172843.763    39.201    -4.09    9.03
-172554.476    39.029    -0.59    9.13
-172265.189    39.732     2.43    8.73
-171975.901    39.963     0.80    8.76
-171686.613    39.387    -1.99    9.04
-171397.325    40.235     2.93    9.63
-171108.037    41.632     4.83    9.46
-170818.748    44.011     8.22    7.89
-170529.458    43.169    -2.91    8.33
-170240.169    41.218    -6.75    9.38
-169950.879    38.156   -10.58   10.96
-169661.589    36.616    -5.32   11.36
-169372.299    34.580    -7.04   11.13
-169083.008    33.923    -2.27   11.25
-168793.717    33.647    -0.95   11.62
-168504.426    32.376    -4.39   12.68
-168215.134    31.873    -1.74   12.67
-167925.842    31.166    -2.44   12.64
-167636.550    27.292   -13.39   11.30
-167347.257    24.546    -9.49   10.23
-167057.964    21.337   -11.09    8.20
-166768.671    19.116    -7.68    6.22
-166479.377    17.479    -5.66    4.26
-166190.083    16.598    -3.05    3.21
-165900.789    15.809    -2.73    3.32
-165611.494    15.063    -2.58    3.31
-165322.199    14.890    -0.60    3.38
-165032.904    14.393    -1.72    3.35
-164743.608    13.081    -4.54    4.73
-164454.312    12.497    -2.02    5.05
-164165.016    11.749    -2.59    5.58
-163875.719    11.263    -1.68    6.13
-163586.423    10.986    -0.95    6.24
-163297.125    10.420    -1.96    6.40
-163007.828     9.698    -2.49    6.22
-162718.530     9.028    -2.32    6.24
-162429.231     8.946    -0.28    6.24
-162139.933     8.763    -0.63    6.43
-161850.634     8.177    -2.03    5.97
-161561.334     7.890    -0.99    5.68
-161272.034     7.476    -1.43    5.77
-160982.734     7.382    -0.33    5.36
-160693.434     7.011    -1.28    5.50
-160404.133     7.229     0.75    5.25
-160114.832     7.873     2.22    4.99
-159825.531     8.759     3.06    4.76
-159536.229     9.696     3.24    4.22
-159246.926    10.546     2.94    4.01
-158957.624    11.353     2.79    2.67
-158668.321    11.791     1.51    1.81
-158379.018    11.821     0.11    2.16
-158089.714    11.783    -0.13    2.24
-157800.410    11.649    -0.46    2.33
-157511.106    11.399    -0.86    2.47
-157221.801    11.666     0.92    3.33
-156932.496    11.994     1.13    3.79
-156643.190    12.511     1.79    4.30
-156353.884    13.325     2.82    4.53
-156064.578    13.913     2.03    4.43
-155775.272    13.873    -0.14    4.32
-155485.965    13.763    -0.38    4.08
-155196.657    13.741    -0.07    3.79
-154907.350    14.003     0.91    3.71
-154618.041    14.268     0.91    3.57
-154328.733    15.292     3.54    5.04
-154039.424    17.446     7.45    6.70
-153750.115    19.152     5.90    7.92
-153460.805    21.442     7.92    8.93
-153171.495    24.263     9.75    9.53
-152882.185    26.529     7.83    9.31
-152592.874    29.869    11.54    9.41
-152303.563    30.808     3.25    9.67
-152014.251    32.563     6.06    9.68
-151724.939    35.036     8.55    9.35
-151435.627    37.246     7.64    9.40
-151146.314    40.647    11.76    9.20
-150857.001    42.614     6.80    9.44
-150567.687    44.681     7.14    7.78
-150278.373    45.984     4.50    6.10
-149989.059    45.629    -1.22    7.35
-149699.744    43.647    -6.85    9.62
-149410.429    41.514    -7.38   10.40
-149121.114    38.614   -10.02   10.53
-148831.798    34.966   -12.61   10.30
-148542.481    32.664    -7.96   10.24
-148253.165    29.959    -9.35   10.58
-147963.847    29.079    -3.04   10.04
-147674.530    27.817    -4.36    9.59
-147385.212    25.114    -9.34    9.46
-147095.894    23.390    -5.96    8.36
-146806.575    22.277    -3.85    7.09
-146517.255    21.346    -3.22    5.83
-146227.936    20.851    -1.71    5.22
-145938.616    20.796    -0.19    5.11
-145649.295    22.080     4.44    6.42
-145359.974    24.777     9.32    7.85
-145070.653    28.429    12.62    9.57
-144781.331    33.013    15.84   11.17
-144492.009    37.363    15.04   10.52
-144202.687    41.821    15.41    8.97
-143913.364    45.787    13.71    6.54
-143624.040    47.097     4.53    6.18
-143334.762    47.839     2.56    5.97
-143045.533    48.415     1.99    5.87
-142756.304    49.321     3.13    5.15
-142467.074    48.425    -3.10    5.03
-142177.844    48.321    -0.36    4.28
-141888.613    46.308    -6.96    5.57
-141599.382    43.792    -8.70    7.94
-141310.150    40.701   -10.69   10.94
-141020.918    36.359   -15.01   12.65
-140731.686    32.896   -11.97   11.82
-140442.453    30.097    -9.68   10.85
-140153.219    27.963    -7.38   10.49
-139863.986    25.478    -8.59   10.49
-139574.751    22.350   -10.82   10.80
-139285.517    18.884   -11.98   10.37
-138996.281    14.994   -13.45    8.51
-138707.046    12.387    -9.01    6.88
-138417.810    10.313    -7.17    4.99
-138128.573     9.479    -2.88    3.95
-137839.336     9.459    -0.07    3.46
-137550.099     9.829     1.28    3.42
-137260.861    10.142     1.08    3.61
-136971.623    10.841     2.42    3.43
-136682.384    11.113     0.94    3.51
-136393.145    11.936     2.84    3.11
-136103.905    12.629     2.40    2.23
-135814.665    12.821     0.66    2.42
-135525.424    13.919     3.79    3.00
-135236.183    15.183     4.37    3.77
-134946.942    16.087     3.13    3.94
-134657.700    16.863     2.68    3.97
-134368.457    19.107     7.76    4.71
-134079.214    21.037     6.68    6.85
-133789.971    25.476    15.35    9.37
-133500.727    28.296     9.75   10.04
-133211.483    31.263    10.26   10.72
-132922.238    34.427    10.94   10.30
-132632.993    37.235     9.71   10.39
-132343.747    38.984     6.05   11.54
-132054.501    39.841     2.97   12.82
-131765.254    39.013    -2.86   13.12
-131476.007    38.079    -3.23   14.07
-131186.759    37.444    -2.19   13.89
-130897.511    36.438    -3.48   12.76
-130608.262    32.546   -13.45   11.53
-130319.013    30.252    -7.93   10.10
-130029.764    29.317    -3.23    9.17
-129740.513    29.097    -0.76    9.09
-129451.263    26.770    -8.05    8.53
-129162.012    26.856     0.30    8.45
-128872.760    26.683    -0.60    8.64
-128583.508    26.759     0.26    8.17
-128294.256    26.218    -1.87    7.67
-128005.003    25.896    -1.11    7.45
-127715.749    26.134     0.82    7.35
-127426.495    26.953     2.83    7.49
-127137.241    26.659    -1.01    7.54
-126847.985    27.113     1.57    7.43
-126558.730    27.923     2.80    7.38
-126269.474    28.001     0.27    8.33
-125980.217    30.114     7.31   10.19
-125690.960    30.512     1.37   10.87
-125401.703    31.461     3.28   10.89
-125112.445    34.296     9.80   11.03
-124823.186    34.270    -0.09   10.20
-124533.927    34.020    -0.86    9.52
-124244.668    33.670    -1.21    9.20
-123955.407    34.213     1.88    9.21
-123666.147    36.530     8.01   10.08
-123376.886    36.839     1.07   10.22
-123087.624    38.325     5.14   10.27
-122798.362    37.683    -2.22   10.49
-122509.099    39.946     7.82   13.22
-122219.836    42.496     8.82   15.48
-121930.572    44.913     8.35   16.36
-121641.308    47.382     8.54   16.42
-121352.043    50.352    10.27   16.25
-121062.778    52.817     8.52   15.63
-120773.512    53.942     3.89   14.34
-120484.246    56.196     7.79   14.37
-120194.979    58.645     8.46   14.91
-119905.712    63.223    15.83   15.22
-119616.444    66.545    11.48   14.88
-119327.175    70.527    13.76   10.46
-119037.906    70.497    -0.10   10.93
-118748.637    70.325    -0.59   12.25
-118459.367    69.346    -3.39   12.52
-118170.096    67.114    -7.71   12.21
-117880.825    64.352    -9.55   11.12
-117591.553    63.664    -2.38    9.79
-117302.281    63.902     0.82    8.35
-117013.008    66.289     8.25    6.77
-116723.735    67.735     5.00    6.20
-116434.461    70.177     8.44    6.18
-116145.187    73.097    10.10    7.10
-115855.912    77.752    16.09    8.78
-115566.636    81.809    14.02    8.92
-115277.360    85.235    11.85    8.78
-114988.084    88.752    12.16    7.20
-114698.806    89.304     1.91    6.81
-114409.529    89.132    -0.60    5.94
-114120.250    87.079    -7.09    6.93
-113830.972    84.580    -8.64    7.14
-113541.692    81.013   -12.33    8.76
-113252.412    79.902    -3.84    7.44
-112963.132    77.011    -9.99    8.81
-112673.851    74.746    -7.83    9.21
-112384.569    73.986    -2.63    8.28
-112095.287    72.902    -3.75    7.27
-111806.004    71.848    -3.64    6.79
-111516.721    70.045    -6.23    6.17
-111227.437    68.649    -4.83    7.00
-110938.153    66.529    -7.33    7.97
-110648.868    63.746    -9.62    8.18
-110359.582    61.804    -6.71    7.74
-110070.296    59.969    -6.34    8.20
-109781.009    58.510    -5.04    6.84
-109491.722    56.513    -6.90    7.63
-109202.434    53.710    -9.69    8.38
-108913.146    51.580    -7.36    9.08
-108623.856    46.413   -17.86   11.79
-108334.567    43.218   -11.04   11.24
-108045.277    38.207   -17.32   11.48
-107755.986    33.105   -17.64   11.21
-107466.695    30.308    -9.67   10.26
-107177.403    26.661   -12.61    9.43
-106888.110    24.159    -8.65    7.57
-106598.817    21.363    -9.67    5.41
-106309.523    19.563    -6.22    4.87
-106020.229    18.837    -2.51    4.80
-105730.934    19.163     1.13    4.80
-105441.638    18.713    -1.56    4.57
-105152.342    19.097     1.33    4.28
-104863.046    18.973    -0.43    4.04
-104573.748    18.979     0.02    3.84
-104284.451    18.664    -1.09    3.51
-103995.152    18.087    -1.99    3.25
-103705.853    17.821    -0.92    2.56
-103416.553    17.706    -0.40    2.53
-103127.253    17.746     0.14    2.51
-102837.952    18.270     1.81    3.09
-102548.651    19.413     3.95    4.18
-102259.349    21.179     6.11    5.89
-101970.046    25.632    15.39    9.32
-101680.743    29.890    14.72   11.30
-101391.439    35.218    18.42   11.72
-101102.134    39.514    14.85   11.15
-100812.829    43.425    13.52   10.16
-100523.523    46.732    11.43   10.43
-100234.217    48.649     6.63   12.07
 -99944.910    49.831     4.08   13.29
 -99655.602    51.821     6.88   13.61
 -99366.294    53.996     7.52   12.83
 -99076.985    54.796     2.77   12.49
 -98787.676    57.313     8.70   11.31
 -98498.366    59.632     8.02   10.99
 -98209.055    62.597    10.25    9.57
 -97919.743    63.546     3.28   10.51
 -97630.432    65.546     6.91   11.30
 -97341.119    68.839    11.38   12.79
 -97051.806    72.770    13.59   14.25
 -96762.492    75.925    10.91   12.86
 -96473.177    76.796     3.01   12.59
 -96183.862    79.241     8.45    9.77
 -95894.546    80.028     2.72    9.20
 -95605.230    79.664    -1.26    9.23
 -95315.913    79.831     0.57    7.67
 -95026.595    80.647     2.82    7.98
 -94737.277    84.163    12.15    8.37
 -94447.958    87.647    12.04    8.31
 -94158.638    91.529    13.42    8.32
 -93869.318    93.581     7.09    7.95
 -93579.997    94.546     3.34    7.65
 -93290.676    94.390    -0.54    7.81
 -93001.354    92.529    -6.43    9.33
 -92712.031    90.218    -7.99   10.90
 -92422.707    88.317    -6.57   10.92
 -92133.383    82.446   -20.29   16.02
 -91844.058    80.848    -5.52   17.36
 -91554.733    80.966     0.41   17.61
 -91265.407    81.037     0.25   17.73
 -90976.080    83.596     8.84   17.48
 -90686.753    85.994     8.29   16.31
 -90397.425    88.045     7.09   13.94
 -90108.096    89.919     6.47   11.95
 -89818.767    90.800     3.05    9.69
 -89529.437    91.891     3.77    6.97
 -89240.106    92.444     1.91    6.59
 -88950.774    90.848    -5.51    6.31
 -88661.442    89.597    -4.33    7.55
 -88372.110    88.183    -4.88    8.60
 -88082.776    87.268    -3.17    9.67
 -87793.442    86.597    -2.32    9.28
 -87504.108    87.304     2.44    8.58
 -87214.772    87.390     0.30    7.22
 -86925.436    86.896    -1.71    6.65
 -86636.099    86.096    -2.76    7.03
 -86346.762    84.071    -7.00    8.81
 -86057.424    80.379   -12.76   10.58
 -85768.085    76.097   -14.80   11.77
 -85478.746    70.247   -20.22   11.61
 -85189.406    62.809   -25.71   12.66
 -84900.065    57.129   -19.63   11.93
 -84610.723    53.013   -14.23   10.26
 -84321.381    50.036   -10.29    8.22
 -84032.038    48.183    -6.40    7.35
 -83742.695    47.179    -3.47    6.32
 -83453.350    46.356    -2.85    5.86
 -83164.006    45.874    -1.66    5.61
 -82874.660    44.804    -3.70    4.94
 -82585.314    44.359    -1.54    5.46
 -82295.967    44.081    -0.96    5.32
 -82006.619    44.629     1.90    6.35
 -81717.270    44.923     1.02    6.70
 -81427.921    44.149    -2.68    6.31
 -81138.606    43.427    -2.49    5.75
 -80849.407    43.159    -0.93    5.01
 -80560.207    42.614    -1.88    4.49
 -80271.007    42.796     0.63    4.89
 -79981.805    44.003     4.17    5.94
 -79692.603    44.776     2.67    8.02
 -79403.401    46.563     6.18    9.63
 -79114.197    48.342     6.15   11.83
 -78824.993    50.994     9.17   12.79
 -78535.789    52.891     6.56   13.38
 -78246.583    53.907     3.51   13.26
 -77957.377    54.976     3.70   11.96
 -77668.170    53.359    -5.59   11.70
 -77378.963    49.563   -13.13   11.81
 -77089.754    46.218   -11.56   12.03
 -76800.545    42.029   -14.48   10.27
 -76511.336    39.122   -10.05    8.21
 -76222.125    36.425    -9.33    5.70
 -75932.914    35.295    -3.91    3.44
 -75643.702    35.003    -1.01    2.63
 -75354.489    35.114     0.38    2.43
 -75065.276    35.096    -0.06    1.94
 -74776.062    34.834    -0.91    1.78
 -74486.847    34.616    -0.75    1.85
 -74197.632    34.304    -1.08    1.88
 -73908.415    34.028    -0.95    1.85
 -73619.198    33.813    -0.75    1.77
 -73329.981    33.356    -1.58    1.98
 -73040.762    32.896    -1.59    2.02
 -72751.543    32.563    -1.15    2.21
 -72462.323    32.405    -0.55    2.23
 -72173.102    32.146    -0.89    1.93
 -71883.881    31.863    -0.98    1.67
 -71594.659    31.694    -0.58    1.63
 -71305.436    31.770     0.26    1.50
 -71016.212    31.839     0.24    1.52
 -70726.988    32.088     0.86    1.42
 -70437.763    32.132     0.15    1.52
 -70148.537    32.038    -0.32    1.59
 -69859.310    32.166     0.44    1.96
 -69570.083    32.373     0.72    2.72
 -69280.855    33.649     4.41    4.28
 -68991.626    36.183     8.76    6.18
 -68702.396    39.046     9.90    7.65
 -68413.166    42.408    11.62    7.90
 -68123.935    45.546    10.85    7.61
 -67834.703    48.688    10.86    6.88
 -67545.470    51.478     9.65    7.05
 -67256.237    54.415    10.16    6.66
 -66967.003    56.749     8.07    5.75
 -66677.768    57.579     2.87    5.25
 -66388.532    55.491    -7.22   10.83
 -66099.296    49.511   -20.68   17.93
 -65810.058    39.846   -33.42   21.34
 -65520.820    32.646   -24.89   20.60
 -65231.582    24.998   -26.44   17.39
 -64942.342    18.373   -22.91   12.23
 -64653.102    14.646   -12.89    5.83
 -64363.861    15.282     2.20    6.12
 -64074.619    15.779     1.72    6.52
 -63785.376    16.410     2.18    6.74
 -63496.133    16.649     0.83    6.78
 -63206.889    16.936     0.99    6.29
 -62917.644    16.773    -0.56    6.08
 -62628.398    16.929     0.54    5.89
 -62339.152    16.902    -0.10    5.77
 -62049.904    16.679    -0.77    5.61
 -61760.656    16.868     0.65    5.28
 -61471.408    15.791    -3.72    6.32
 -61182.158    14.681    -3.84    6.78
 -60892.907    12.856    -6.31    7.75
 -60603.656    11.263    -5.51    7.96
 -60314.404    10.936    -1.13    7.98
 -60025.152    10.994     0.20    8.25
 -59735.898    12.494     5.19    8.49
 -59446.644    15.259     9.56    8.58
 -59157.388    17.946     9.29    9.40
 -58868.132    20.885    10.16   10.03
 -58578.876    23.679     9.66    9.45
 -58289.618    26.235     8.84    8.81
 -58000.360    28.616     8.23    7.78
 -57711.101    29.846     4.25    6.95
 -57421.841    30.201     1.23    6.75
 -57132.580    28.979    -4.22    7.15
 -56843.318    28.752    -0.78    7.18
 -56554.056    29.614     2.98    7.92
 -56264.793    30.632     3.52    8.33
 -55975.529    31.839     4.17    7.70
 -55686.264    34.153     8.00    6.71
 -55396.998    35.735     5.47    6.20
 -55107.732    36.942     4.17    5.78
 -54818.465    36.649    -1.01    6.20
 -54529.197    37.390     2.56    6.69
 -54239.928    38.401     3.50    7.08
 -53950.658    40.890     8.60    8.08
 -53661.388    45.054    14.39   10.38
 -53372.116    49.387    14.98   11.06
 -53082.844    54.873    18.96   11.35
 -52793.571    60.646    19.96   11.45
 -52504.298    65.308    16.12   10.18
 -52215.023    70.186    16.86    8.43
 -51925.748    73.134    10.19    6.89
 -51636.471    75.063     6.67    6.78
 -51347.194    74.896    -0.58    8.34
 -51057.916    73.146    -6.05   10.36
 -50768.638    72.796    -1.21   11.61
 -50479.358    72.856     0.21   11.99
 -50190.078    75.529     9.24   13.61
 -49900.796    79.370    13.28   14.20
 -49611.514    83.776    15.23   15.11
 -49322.231    89.229    18.85   13.11
 -49032.948    92.763    12.21   10.81
 -48743.663    95.796    10.49    7.46
 -48454.378    96.856     3.66    5.11
 -48165.091    95.953    -3.12    5.87
 -47875.804    94.028    -6.65    6.51
 -47586.516    92.645    -4.78    7.94
 -47297.227    91.296    -4.66    8.64
 -47007.938    90.142    -3.99    9.03
 -46718.647    89.647    -1.71   12.67
 -46429.356    93.080    11.87   12.45
 -46140.064    95.246     7.49   14.28
 -45850.771    98.919    12.70   14.72
 -45561.477   104.275    18.51   13.43
 -45272.182   109.132    16.79   11.36
 -44982.886   111.791     9.19    9.82
 -44693.590   112.497     2.44    8.54
 -44404.292   113.013     1.78    6.86
 -44114.994   112.579    -1.50    7.36
 -43825.695   113.241     2.29    6.62
 -43536.395   113.134    -0.37    6.51
 -43247.094   114.379     4.30    6.00
 -42957.793   114.976     2.06    5.19
 -42668.490   116.284     4.52    5.16
 -42379.187   115.908    -1.30    5.67
 -42089.883   112.511   -11.74    9.43
 -41800.577   108.597   -13.53   12.22
 -41511.271   103.063   -19.13   14.22
 -41221.965    96.727   -21.90   16.18
 -40932.657    91.304   -18.74   16.79
 -40643.348    86.596   -16.27   17.00
 -40354.039    83.473   -10.79   19.26
 -40064.728    81.325    -7.42   20.76
 -39775.417    81.047    -0.96   21.41
 -39486.105    79.363    -5.82   21.06
 -39196.792    75.595   -13.02   21.48
 -38907.478    72.282   -11.45   20.70
 -38618.163    69.183   -10.71   19.56
 -38328.848    64.528   -16.09   18.12
 -38039.531    60.279   -14.69   16.57
 -37750.214    56.146   -14.29   15.06
 -37460.895    52.804   -11.55   13.66
 -37171.576    52.241    -1.95   13.95
 -36882.256    52.277     0.13   14.30
 -36592.935    53.429     3.98   14.54
 -36303.613    55.139     5.91   14.24
 -36014.290    54.528    -2.11   13.09
 -35724.966    53.427    -3.81   13.44
 -35435.642    50.080   -11.57   14.25
 -35146.316    46.696   -11.70   14.60
 -34856.990    41.513   -17.92   12.97
 -34567.663    36.913   -15.90   10.44
 -34278.334    33.396   -12.15    8.47
 -33989.005    30.080   -11.46    5.31
 -33699.675    28.463    -5.59    2.83
 -33410.344    27.718    -2.57    2.34
 -33121.013    27.399    -1.10    1.91
 -32831.680    27.246    -0.53    2.02
 -32542.346    26.925    -1.11    1.95
 -32253.012    26.735    -0.66    1.79
 -31963.676    26.848     0.39    1.77
 -31674.340    26.448    -1.38    2.06
 -31385.003    26.054    -1.36    2.05
 -31095.664    25.596    -1.58    2.03
 -30806.325    24.994    -2.08    2.13
 -30516.985    24.580    -1.43    2.00
 -30227.644    24.429    -0.52    1.77
 -29938.302    24.632     0.70    2.01
 -29648.959    25.129     1.72    2.12
 -29359.616    25.476     1.20    2.08
 -29070.271    26.114     2.20    1.83
 -28780.925    26.321     0.72    1.53
 -28491.579    26.235    -0.30    1.41
 -28202.231    26.300     0.23    1.49
 -27912.883    26.356     0.19    1.79
 -27623.534    26.597     0.83    1.99
 -27334.183    26.666     0.24    2.08
 -27044.832    26.352    -1.09    2.56
 -26755.480    25.496    -2.96    3.87
 -26466.127    24.045    -5.01    5.46
 -26176.773    21.663    -8.23    7.02
 -25887.418    19.831    -6.33    7.55
 -25598.062    18.459    -4.74    7.22
 -25308.705    17.679    -2.70    7.33
 -25019.348    17.190    -1.69    6.98
 -24729.989    16.694    -1.71    6.51
 -24440.629    17.902     4.18    6.17
 -24151.269    19.201     4.49    5.28
 -23861.907    20.218     3.52    4.82
 -23572.545    20.629     1.42    4.63
 -23283.181    20.694     0.22    4.01
 -22993.817    20.287    -1.41    3.74
 -22704.451    18.079    -7.63    4.89
 -22415.085    16.476    -5.54    5.54
 -22125.718    14.779    -5.86    5.41
 -21836.350    12.929    -6.39    4.75
 -21546.980    11.580    -4.66    3.70
 -21257.610    10.313    -4.38    2.40
 -20968.239    10.097    -0.74    2.41
 -20678.867    10.800     2.43    2.99
 -20389.494    10.925     0.43    3.03
 -20100.120    11.563     2.20    3.25
 -19810.745    12.196     2.19    3.47
 -19521.369    12.973     2.69    3.61
 -19231.992    14.003     3.56    4.04
 -18942.614    14.770     2.65    3.71
 -18653.441    15.096     1.13    3.44
 -18364.272    15.029    -0.23    3.61
 -18075.102    14.476    -1.91    3.98
 -17785.931    13.580    -3.10    4.17
 -17496.759    12.247    -4.61    4.04
 -17207.586    11.153    -3.78    3.33
 -16918.412    10.163    -3.42    2.14
 -16629.238     9.885    -0.96    1.78
 -16340.062     9.614    -0.94    1.79
 -16050.885     9.795     0.63    1.84
 -15761.708     9.563    -0.80    1.82
 -15472.529     9.925     1.25    2.09
 -15183.349    10.333     1.41    2.53
 -14894.169    10.666     1.15    3.07
 -14604.987    11.218     1.91    3.46
 -14315.804    11.425     0.72    3.68
 -14026.621    10.580    -2.92    4.81
 -13737.436     9.841    -2.55    5.65
 -13448.250     8.821    -3.53    6.11
 -13159.064     7.113    -5.91    6.46
 -12869.876     5.563    -5.36    6.67
 -12580.688     4.902    -2.29    7.06
 -12291.498     3.530    -4.74    7.09
 -12002.307     2.363    -4.04    6.57
 -11713.116     1.776    -2.03    6.22
 -11423.923     1.247    -1.83    5.69
 -11134.730     1.511     0.91    5.76
 -10845.535     1.800     1.00    5.39
 -10556.339     1.698    -0.35    4.58
 -10267.143     2.463     2.64    4.80
  -9977.945     2.597     0.47    4.90
  -9688.747     3.308     2.46    4.97
  -9399.547     3.194    -0.39    4.73
  -9110.346     4.129     3.23    4.82
  -8821.145     5.268     3.94    4.57
  -8531.942     6.976     5.91    4.85
  -8242.738     8.495     5.25    4.29
  -7953.534     9.773     4.42    4.26
  -7664.328    10.313     1.87    4.13
  -7375.121    11.003     2.39    3.92
  -7085.913    11.763     2.63    3.62
  -6796.705    11.940     0.61    3.37
  -6507.495    12.107     0.58    3.16
  -6218.284    12.079    -0.09    2.59
  -5929.072    11.442    -2.20    2.34
  -5639.859    11.136    -1.06    2.25
  -5350.645    10.763    -1.29    2.02
  -5061.430    10.528    -0.81    1.96
  -4772.214    10.201    -1.13    1.91
  -4482.997     9.831    -1.28    1.85
  -4193.779     9.677    -0.53    2.02
  -3904.560     9.664    -0.05    2.05
  -3615.340     9.946     0.97    2.23
  -3326.119    10.132     0.64    2.35
  -3036.897    10.027    -0.36    2.21
  -2747.673     9.996    -0.11    2.06
  -2458.449     9.459    -1.86    3.05
  -2169.224     8.300    -4.01    4.27
  -1879.998     6.529    -6.13    5.18
  -1590.770     4.270    -7.81    5.10
  -1301.542     2.804    -5.07    4.80
  -1012.312     1.114    -5.84    3.62
   -723.082    -0.060    -4.06    1.47
   -433.850    -0.110    -0.17    0.73
   -144.617     0.028     0.48    1.03
    144.616     0.063     0.12    1.11
    433.851     0.331     0.93    1.33
    723.087     1.120     2.73    2.41
   1012.324     2.379     4.35    3.68
   1301.562     4.136     6.07    4.79
   1590.801     5.405     4.39    5.26
   1880.041     6.183     2.69    5.05
   2169.282     6.479     1.02    4.71
   2458.524     5.986    -1.70    4.64
   2747.767     4.929    -3.65    4.64
   3037.011     3.597    -4.61    4.51
   3326.257     1.959    -5.66    3.18
   3615.503     1.063    -3.10    2.27
   3904.751     0.902    -0.56    2.39
   4193.999     1.681     2.70    2.99
   4483.249     2.701     3.52    3.43
   4772.500     3.664     3.33    3.55
   5061.751     4.348     2.36    3.55
   5351.004     5.071     2.50    3.47
   5640.258     5.979     3.14    2.85
   5929.513     6.461     1.67    1.86
   6218.769     6.096    -1.26    1.93
   6508.026     5.688    -1.41    2.05
   6797.285     5.105    -2.01    1.76
   7086.544     4.528    -1.99    1.74
   7375.804     4.597     0.24    1.96
   7665.066     4.481    -0.40    2.04
   7954.329     4.264    -0.75    2.25
   8243.592     4.529     0.92    2.36
   8532.857     4.902     1.29    2.48
   8822.123     6.627     5.96    4.41
   9111.390     8.679     7.09    5.50
   9400.658    10.429     6.05    5.77
   9689.927    12.528     7.26    5.12
   9979.197    13.633     3.82    4.16
  10268.469    14.732     3.80    3.45
  10557.741    15.885     3.98    2.88
  10847.014    16.611     2.51    3.09
  11136.289    18.834     7.68    6.69
  11425.565    23.081    14.68   11.51
  11714.842    28.563    18.95   14.89
  12004.120    36.804    28.49   18.40
  12293.399    45.055    28.52   19.32
  12582.679    53.683    29.83   18.75
  12871.960    62.476    30.40   12.17
  13161.242    66.787    14.90    8.28
  13450.526    70.080    11.38    5.67
  13739.810    71.763     5.82    4.75
  14029.096    74.028     7.83    5.01
  14318.383    75.546     5.25    6.27
  14607.671    77.177     5.64    6.73
  14896.960    78.787     5.57    6.47
  15186.250    81.087     7.95    6.34
  15475.541    84.129    10.52    6.75
  15764.834    87.529    11.75    7.80
  16054.127    91.124    12.43    8.66
  16343.422    95.028    13.50   10.22
  16632.718    99.163    14.29   10.95
  16922.015   103.528    15.09   11.58
  17211.313   109.479    20.57   12.76
  17500.612   114.976    19.00   12.89
  17789.912   121.224    21.59   11.92
  18079.214   126.634    18.70    9.85
  18368.516   130.913    14.79    7.19
  18657.820   134.096    11.00    5.94
  18947.125   136.218     7.33    4.97
  19236.431   138.846     9.08    5.84
  19525.738   141.511     9.21    6.53
  19815.046   144.442    10.13    7.59
  20104.355   147.003     8.85    7.70
  20393.666   148.325     4.57    6.68
  20682.977   148.268    -0.20    7.28
  20972.290   146.759    -5.21    9.88
  21261.604   141.263   -19.00   14.33
  21550.919   133.494   -26.85   18.26
  21840.235   126.014   -25.85   20.34
  22129.553   114.679   -39.18   22.83
  22418.871   105.342   -32.27   21.78
  22708.191    96.787   -29.57   16.70
  22997.512    92.831   -13.67   14.53
  23286.834    93.896     3.68   16.22
  23576.157    96.546     9.16   18.79
  23865.481   103.146    22.81   21.82
  24154.807   113.976    37.43   21.13
  24444.133   121.706    26.71   18.17
  24733.461   127.829    21.17   15.70
  25022.790   132.408    15.82   14.51
  25312.120   134.879     8.54   13.92
  25601.452   137.063     7.55   14.51
  25890.784   138.752     5.84   14.97
  26180.118   140.166     4.89   14.63
  26469.452   143.080    10.07   13.71
  26758.788   145.956     9.94   12.35
  27048.125   148.890    10.14    9.97
  27337.464   149.393     1.74    8.52
  27626.803   148.683    -2.45    8.64
  27916.144   147.134    -5.35    9.19
  28205.486   143.805   -11.51   10.39
  28494.829   140.996    -9.71   11.26
  28784.173   136.563   -15.32   11.10
  29073.518   132.510   -14.01   11.18
  29362.865   127.683   -16.68   12.65
  29652.212   122.885   -16.58   14.22
  29941.561   116.546   -21.91   18.11
  30230.911   107.846   -30.07   20.83
  30520.262   100.080   -26.84   19.25
  30809.615    94.666   -18.71   16.90
  31098.969    92.252    -8.34   15.72
  31388.323    91.413    -2.90   16.17
  31677.679    90.546    -3.00   17.72
  31967.037    91.097     1.91   18.25
  32256.395    93.020     6.65   18.59
  32545.755    90.170    -9.85   17.94
  32835.115    89.308    -2.98   17.74
  33124.477    87.396    -6.61   16.86
  33413.840    86.393    -3.47   16.34
  33703.205    88.096     5.88   17.92
  33992.570    87.920    -0.61   18.76
  34281.937    89.885     6.79   20.20
  34571.305    90.321     1.51   20.34
  34860.674    89.715    -2.09   19.18
  35150.045    87.399    -8.01   19.47
  35439.416    84.089   -11.44   19.21
  35728.789    83.163    -3.20   17.19
  36018.163    84.313     3.97   18.62
  36307.538    85.159     2.93   19.36
  36596.915    88.379    11.13   21.65
  36886.293    90.529     7.43   24.46
  37175.671    96.839    21.80   25.01
  37465.052   100.218    11.68   24.11
  37754.433   103.020     9.68   23.62
  38043.815   105.580     8.84   23.20
  38333.199   106.966     4.79   23.66
  38622.584   109.207     7.74   23.32
  38911.970   113.277    14.07   20.99
  39201.358   115.953     9.25   21.82
  39490.746   120.718    16.47   19.25
  39780.136   124.792    14.08   19.39
  40069.527   128.959    14.40   16.58
  40358.920   130.218     4.35   17.59
  40648.313   131.045     2.86   18.17
  40937.708   131.476     1.49   19.34
  41227.104   133.596     7.32   18.94
  41516.501   135.252     5.72   14.99
  41805.900   132.663    -8.95   14.08
  42095.299   128.843   -13.20   14.82
  42384.700   121.563   -25.16   20.97
  42674.103   107.694   -47.92   28.84
  42963.506    92.746   -51.65   33.04
  43252.911    79.190   -46.84   29.73
  43542.125    67.633   -39.96   22.23
  43831.264    62.132   -19.03   15.61
  44120.404    61.046    -3.75   13.14
  44409.546    63.080     7.03   14.25
  44698.689    68.013    17.06   14.28
  44987.833    73.563    19.19   14.19
  45276.978    80.308    23.33   16.82
  45566.125    87.773    25.82   19.02
  45855.273    94.896    24.63   21.78
  46144.422   105.113    35.33   24.14
  46433.572   113.321    28.39   25.49
  46722.724   124.246    37.78   25.02
  47011.876   131.339    24.53   21.07
  47301.030   135.649    14.91   16.45
  47590.186   136.308     2.28   14.99
  47879.342   131.681   -16.00   20.35
  48168.500   123.940   -26.77   25.62
  48457.659   113.598   -35.76   26.52
  48746.820   104.413   -31.77   24.43
  49035.982    93.528   -37.64   21.69
  49325.144    87.208   -21.86   19.74
  49614.309    79.879   -25.34   17.28
  49903.474    74.224   -19.56   15.60
  50192.641    69.632   -15.88   13.78
  50481.809    67.134    -8.64   11.16
  50770.978    65.022    -7.31    9.35
  51060.149    62.156    -9.91    7.48
  51349.321    60.300    -6.42    7.05
  51638.494    59.258    -3.61    7.96
  51927.668    57.813    -5.00    8.50
  52216.844    56.529    -4.44    8.42
  52506.021    53.787    -9.48    7.72
  52795.199    51.563    -7.69    6.19
  53084.378    50.629    -3.23    5.17
  53373.559    49.718    -3.15    3.59
  53662.741    50.494     2.68    3.14
  53951.925    51.011     1.79    3.54
  54241.109    51.759     2.59    4.22
  54530.295    52.132     1.29    4.75
  54819.482    53.444     4.54    5.21
  55108.671    54.028     2.02    6.05
  55397.861    54.528     1.73    6.89
  55687.052    54.874     1.20    7.59
  55976.244    56.113     4.28    8.22
  56265.438    57.432     4.56    8.68
  56554.633    58.791     4.70    9.70
  56843.829    59.959     4.04   11.15
  57133.027    62.029     7.16   11.05
  57422.226    63.166     3.93   11.01
  57711.426    62.776    -1.35   10.47
  58000.627    62.804     0.10   10.20
  58289.830    63.787     3.40   10.18
  58579.034    64.438     2.25   10.04
  58868.240    64.664     0.78    9.66
  59157.447    67.136     8.55    9.85
  59446.655    70.045    10.06   10.72
  59735.864    72.190     7.41   10.62
  60025.075    73.223     3.57   10.59
  60314.287    73.976     2.60   10.23
  60603.500    76.396     8.37    9.52
  60892.714    79.446    10.55    9.07
  61181.930    80.956     5.22    8.65
  61471.148    81.563     2.10    8.47
  61760.366    81.088    -1.64    9.70
  62049.586    79.976    -3.84   10.52
  62338.807    79.809    -0.58   10.59
  62628.030    79.218    -2.04   10.03
  62917.254    78.666    -1.91    9.83
  63206.479    80.647     6.85   10.45
  63495.705    82.438     6.19    9.23
  63784.933    83.399     3.32   10.22
  64074.162    82.713    -2.37   10.15
  64363.393    81.196    -5.24   12.00
  64652.625    79.580    -5.59   11.67
  64941.858    76.134   -11.91    8.21
  65231.092    74.088    -7.07    6.68
  65520.328    71.270    -9.74    7.04
  65809.565    68.366   -10.04    6.94
  66098.804    65.698    -9.22    7.08
  66388.044    64.402    -4.48    6.58
  66677.285    63.701    -2.42    6.54
  66966.528    63.821     0.42    7.08
  67255.771    66.727    10.04    9.50
  67545.017    70.425    12.79   11.41
  67834.263    74.429    13.85   13.44
  68123.511    78.994    15.78   15.07
  68412.761    85.475    22.41   18.64
  68702.011    95.595    34.99   23.33
  68991.263   104.646    31.29   23.64
  69280.516   112.694    27.82   20.75
  69569.771   119.124    22.23   19.30
  69859.027   119.614     1.70   19.63
  70148.285   118.146    -5.08   21.56
  70437.543   116.649    -5.18   22.30
  70726.804   112.694   -13.67   20.73
  71016.065   109.390   -11.42   16.35
  71305.328   112.252     9.89   14.34
  71594.592   114.580     8.05   15.13
  71883.858   120.139    19.22   18.98
  72173.125   127.213    24.45   21.55
  72462.393   134.632    25.65   22.90
  72751.663   144.580    34.39   22.82
  73040.934   148.545    13.71   20.82
  73330.206   154.715    21.33   16.10
  73619.480   157.218     8.65   12.26
  73908.755   158.631     4.88    8.78
  74198.032   156.096    -8.76    9.94
  74487.310   153.545    -8.82   11.13
  74776.589   148.207   -18.45   15.15
  75065.869   143.308   -16.93   17.41
  75355.152   139.629   -12.72   18.22
  75644.435   133.885   -19.86   18.59
  75933.720   130.896   -10.33   17.98
  76223.006   126.479   -15.27   17.71
  76512.294   121.509   -17.18   18.34
  76801.583   116.450   -17.49   17.17
  77090.873   110.681   -19.94   14.01
  77380.165   107.207   -12.01   11.82
  77669.458   104.321    -9.97    9.10
  77958.752   103.080    -4.29    6.77
  78248.048   102.363    -2.48    7.19
  78537.346   101.393    -3.35    7.20
  78826.644   101.934     1.87    8.04
  79115.944   102.071     0.48    8.67
  79405.246   102.152     0.28    9.67
  79694.549   103.325     4.06   12.37
  79983.853   104.925     5.53   13.78
  80273.159   106.218     4.47   14.12
  80562.466   104.373    -6.38   14.95
  80851.775   100.545   -13.23   15.10
  81141.085    98.718    -6.32   14.26
  81430.396    96.264    -8.48   12.94
  81719.709    92.196   -14.06   11.67
  82009.023    89.444    -9.51   10.28
  82298.338    88.087    -4.69    8.40
  82587.655    86.804    -4.44    8.94
  82876.974    85.218    -5.48    9.08
  83166.294    84.825    -1.36    9.71
  83455.615    85.563     2.55   10.01
  83744.937    85.729     0.58    9.63
  84034.261    85.966     0.82    9.60
  84323.587    85.476    -1.69    9.18
  84612.914    85.373    -0.36    8.77
  84902.242    85.063    -1.07    9.44
  85191.572    84.497    -1.95   10.03
  85480.903    84.735     0.82   10.53
  85770.236    84.614    -0.42   12.20
  86059.570    84.938     1.12   13.34
  86348.905    85.681     2.57   14.01
  86638.242    85.676    -0.02   14.51
  86927.580    84.986    -2.38   15.17
  87216.920    81.946   -10.51   15.49
  87506.261    80.080    -6.45   15.19
  87795.604    77.545    -8.76   14.41
  88084.948    76.241    -4.51   13.69
  88374.293    76.325     0.29   13.81
  88663.640    75.240    -3.75   13.39
  88952.989    75.848     2.10   13.34
  89242.338    76.263     1.43   13.75
  89531.690    76.545     0.98   13.25
  89821.042    75.369    -4.06   12.97
  90110.397    74.913    -1.58   12.53
  90399.752    77.088     7.52   11.55
  90689.109    78.766     5.80   11.93
  90978.468    79.670     3.12   10.35
  91267.828    79.169    -1.73   10.66
  91557.189    80.054     3.06    9.66
  91846.552    80.317     0.91    9.27
  92135.916    79.105    -4.19    9.40
  92425.282    77.991    -3.85    8.94
  92714.649    74.885   -10.74   10.95
  93004.018    72.201    -9.28   10.29
  93293.388    69.346    -9.86    9.90
  93582.759    67.146    -7.60    9.74
  93872.133    65.235    -6.60   10.33
  94161.507    64.425    -2.80   10.16
  94450.883    62.580    -6.38    9.88
  94740.260    61.907    -2.33    9.64
  95029.639    61.270    -2.20    9.58
  95319.020    60.546    -2.50    8.87
  95608.402    61.028     1.67    9.56
  95897.785    60.668    -1.24    9.47
  96187.170    62.208     5.32    9.61
  96476.556    62.563     1.23    9.42
  96765.944    63.029     1.61    8.48
  97055.333    62.956    -0.26    6.82
  97344.724    62.235    -2.49    5.82
  97634.116    60.896    -4.63    5.56
  97923.509    59.097    -6.22    5.64
  98212.904    56.563    -8.76    6.25
  98502.301    53.994    -8.88    6.90
  98791.699    51.045   -10.19    8.43
  99081.099    46.510   -15.67   10.84
  99370.500    40.817   -19.67   12.30
  99659.902    35.029   -20.00   11.10
  99949.306    31.166   -13.35    9.97
 100238.712    27.683   -12.03    7.17
 100528.119    27.152    -1.84    7.23
 100817.527    28.834     5.81    8.74
 101106.937    32.696    13.35    9.35
 101396.349    36.046    11.58    8.52
 101685.762    40.014    13.71    7.34
 101975.176    43.563    12.26    5.15
 102264.592    46.325     9.55    7.36
 102554.010    50.476    14.34   10.80
 102843.429    54.796    14.93   12.00
 103132.849    60.333    19.13   12.60
 103422.271    65.476    17.77   11.89
 103711.695    71.224    19.86   10.16
 104001.120    75.545    14.93    7.27
 104290.547    77.256     5.91    6.43
 104579.975    77.813     1.92    6.41
 104869.404    77.146    -2.30    6.54
 105158.835    75.149    -6.90    7.06
 105448.268    73.335    -6.27    7.09
 105737.552    71.308    -7.00    9.20
 106026.661    69.494    -6.28   10.30
 106315.771    68.071    -4.92   10.85
 106604.883    67.173    -3.11   11.17
 106893.996    66.247    -3.20   11.62
 107183.111    66.390     0.50   11.72
 107472.227    66.028    -1.25   10.95
 107761.345    67.071     3.61   10.28
 108050.464    65.821    -4.32    9.95
 108339.585    66.821     3.46    9.56
 108628.707    67.011     0.66    8.93
 108917.831    66.633    -1.31    7.77
 109206.956    67.268     2.20    7.72
 109496.083    67.896     2.17    8.01
 109785.211    69.579     5.82    8.94
 110074.341    72.054     8.56    9.83
 110363.473    76.425    15.12   11.03
 110652.606    79.646    11.14   10.94
 110941.740    83.071    11.85    9.27
 111230.876    85.496     8.39    8.24
 111520.014    88.166     9.23    6.98
 111809.153    89.666     5.19    6.50
 112098.294    91.218     5.37    6.20
 112387.436    92.986     6.12    7.53
 112676.580    95.766     9.61    8.56
 112965.725    98.201     8.42    8.99
 113254.872   100.986     9.63    7.99
 113544.020   102.741     6.07    6.88
 113833.170   104.681     6.71    5.55
 114122.321   105.296     2.13    5.04
 114411.474   106.139     2.92    4.61
 114700.629   105.696    -1.53    5.13
 114989.785   104.027    -5.77    8.34
 115278.943   100.580   -11.92   11.16
 115568.102    96.925   -12.64   13.99
 115857.263    94.020   -10.04   14.74
 116146.425    91.153    -9.92   13.81
 116435.589    88.019   -10.84   11.83
 116724.755    88.563     1.88   10.54
 117013.922    89.813     4.32   10.67
 117303.090    92.692     9.96    9.91
 117592.260    93.463     2.67    9.46
 117881.432    94.746     4.44    8.47
 118170.605    96.390     5.69    7.42
 118459.780    96.080    -1.07    6.43
 118748.957    96.444     1.26    6.18
 119038.134    96.376    -0.23    5.31
 119327.314    97.176     2.76    5.28
 119616.495    98.241     3.68    5.47
 119905.678    99.473     4.26    5.08
 120194.862   100.427     3.30    5.81
 120484.048   101.494     3.69    6.74
 120773.235   103.104     5.57    7.48
 121062.424   105.735     9.10    6.93
 121351.615   107.908     7.51    6.53
 121640.807   109.442     5.31    6.94
 121930.001   110.597     3.99    7.79
 122219.196   111.263     2.30    7.68
 122508.393   110.020    -4.30    7.50
 122797.592   108.579    -4.98    8.09
 123086.792   106.098    -8.58    7.70
 123375.993   104.132    -6.80    8.54
 123665.197   103.963    -0.58   10.16
 123954.401   104.919     3.31   11.71
 124243.608   105.479     1.94   13.16
 124532.816   106.598     3.87   13.32
 124822.025   108.925     8.05   13.06
 125111.237   110.936     6.95   11.16
 125400.450   112.885     6.74    8.77
 125689.664   112.546    -1.17    8.48
 125978.880   110.976    -5.43    8.46
 126268.098   106.885   -14.15   13.15
 126557.317   101.116   -19.95   18.03
 126846.538    95.296   -20.12   19.09
 127135.760    93.448    -6.39   17.70
 127424.984    93.173    -0.95   17.18
 127714.210    96.096    10.11   17.52
 128003.437   100.510    15.26   16.67
 128292.666   107.308    23.51   14.69
 128581.896   115.114    26.99    8.75
 128871.128   118.834    12.86    7.37
 129160.362   122.821    13.78    6.98
 129449.597   126.633    13.18    6.17
 129738.834   129.613    10.30    5.62
 130028.073   132.563    10.20    5.49
 130317.313   134.514     6.75    4.84
 130606.555   136.446     6.68    4.22
 130895.798   137.946     5.19    3.84
 131185.043   139.132     4.10    4.33
 131474.290   140.352     4.22    4.37
 131763.538   140.732     1.31    3.98
 132052.788   140.834     0.35    3.62
 132342.040   140.982     0.51    3.34
 132631.293   140.868    -0.40    3.43
 132920.548   139.991    -3.03    4.03
 133209.804   138.953    -3.59    4.65
 133499.062   135.597   -11.60    6.74
 133788.322   130.645   -17.12   12.02
 134077.583   123.132   -25.97   18.27
 134366.846   116.011   -24.62   19.18
 134656.111   113.563    -8.46   18.59
 134945.377   114.563     3.46   19.41
 135234.645   116.963     8.30   20.34
 135523.914   121.478    15.61   20.15
 135813.186   129.429    27.49   13.16
 136102.458   132.229     9.68    7.41
 136391.733   130.683    -5.34   10.40
 136681.009   125.923   -16.46   14.80
 136970.287   120.190   -19.82   18.10
 137259.566   114.563   -19.45   18.46
 137548.847   110.116   -15.37   16.63
 137838.130   108.614    -5.19   15.74
 138127.414   109.003     1.34   15.63
 138416.700   111.275     7.85   14.93
 138705.988   114.396    10.79   14.64
 138995.277   118.770    15.12   12.12
 139284.568   123.122    15.05    9.01
 139573.861   125.650     8.74    6.55
 139863.155   127.829     7.53    5.99
 140152.451   130.218     8.26    5.43
 140441.749   132.390     7.51    6.90
 140731.048   134.646     7.80    7.30
 141020.349   137.132     8.59    8.32
 141309.652   139.410     7.88    8.76
 141598.956   143.308    13.47    9.36
 141888.262   146.292    10.31    9.34
 142177.570   147.858     5.41    9.34
 142466.879   148.756     3.10    8.68
 142756.190   148.513    -0.84    8.67
 143045.503   147.718    -2.75    8.14
 143334.817   146.111    -5.55    8.65
 143624.133   144.979    -3.91    7.65
 143913.451   144.113    -3.00    6.21
 144202.770   142.942    -4.05    4.41
 144492.091   143.223     0.97    3.06
 144781.414   143.979     2.61    3.61
 145070.738   145.546     5.41    4.42
 145360.064   147.382     6.35    5.75
 145649.392   150.139     9.53    7.06
 145938.722   152.581     8.44    7.22
 146228.053   155.479    10.02    8.39
 146517.386   159.373    13.46    9.98
 146806.720   163.296    13.56   10.93
 147096.057   167.270    13.73   11.82
 147385.395   173.356    21.04   11.65
 147674.734   177.339    13.77   11.86
 147964.076   182.528    17.94   11.46
 148253.419   186.202    12.70   10.34
 148542.763   188.683     8.58    8.52
 148832.110   190.313     5.63    8.28
 149121.458   192.011     5.87    8.03
 149410.808   191.908    -0.36    8.11
 149700.159   192.643     2.54    7.59
 149989.513   192.646     0.01    6.18
 150278.868   192.153    -1.70    5.67
 150568.224   191.563    -2.04    5.34
 150857.583   190.114    -5.01    6.27
 151146.943   187.834    -7.88    8.21
 151436.304   184.003   -13.24    9.87
 151725.668   179.713   -14.83   10.40
 152015.033   176.028   -12.73   10.49
 152304.400   172.105   -13.56    9.98
 152593.769   168.756   -11.58   10.13
 152883.139   165.413   -11.55    9.24
 153172.511   162.169   -11.21    9.65
 153461.885   159.494    -9.25    9.14
 153751.261   156.020   -12.00    8.76
 154040.638   153.156    -9.90    8.56
 154330.017   150.029   -10.80    8.62
 154619.398   144.359   -19.59    9.89
 154908.780   137.913   -22.28   13.58
 155198.164   130.218   -26.59   16.45
 155487.550   123.019   -24.88   17.97
 155776.938   116.563   -22.31   17.20
 156066.327   110.339   -21.51   15.21
 156355.718   107.530    -9.71   13.09
 156645.111   107.813     0.98   14.44
 156934.506   111.218    11.77   17.27
 157223.902   117.614    22.10   20.14
 157513.300   125.295    26.54   22.71
 157802.700   133.546    28.51   21.09
 158092.102   143.122    33.09   15.87
 158381.505   149.196    20.99   11.99
 158670.910   154.270    17.53   10.30
 158960.317   158.402    14.28   10.29
 159249.725   161.546    10.86   10.50
 159539.136   164.373     9.77    9.74
 159828.548   166.513     7.39   10.15
 160117.961   169.054     8.78    9.89
 160407.377   171.804     9.50   10.82
 160696.794   173.718     6.61   10.45
 160986.213   177.476    12.99   10.62
 161275.634   180.284     9.70   10.12
 161565.057   183.252    10.26    8.40
 161854.481   184.494     4.29    7.03
 162143.907   184.097    -1.37    7.20
 162433.335   181.528    -8.88    8.76
 162722.764   177.595   -13.59   10.19
 163012.196   172.834   -16.45   10.44
 163301.629   166.258   -22.72   11.72
 163591.064   160.650   -19.37   12.69
 163880.500   153.287   -25.44   14.98
 164169.939   144.779   -29.39   16.39
 164459.379   136.664   -28.04   17.28
 164748.821   127.530   -31.56   16.67
 165038.265   119.527   -27.65   14.20
 165327.710   112.459   -24.42   13.51
 165617.158   105.001   -25.77   12.85
 165906.607    99.179   -20.11   13.04
 166196.057    93.645   -19.12   12.15
 166485.510    89.218   -15.29   11.61
 166774.964    84.427   -16.55    9.34
 167064.421    81.686    -9.47    7.77
 167353.879    79.363    -8.02    8.04
 167643.338    77.663    -5.87    7.82
 167932.723    75.713    -6.74    8.30
 168221.801    72.275   -11.89    9.27
 168510.880    69.896    -8.23    9.59
 168799.961    69.329    -1.96    9.32
 169089.044    67.511    -6.29    8.65
 169378.128    67.479    -0.11    9.46
 169667.214    67.463    -0.06    9.84
 169956.303    68.304     2.91   10.92
 170245.392    69.063     2.62   11.87
 170534.484    70.335     4.40   12.82
 170823.578    72.313     6.84   13.26
 171112.673    74.207     6.55   12.56
 171401.770    74.629     1.46   11.20
 171690.869    74.804     0.60    9.65
 171979.969    74.843     0.14    8.05
 172269.072    72.963    -6.51    7.62
 172558.176    70.020   -10.18    8.08
 172847.282    67.218    -9.69    7.98
 173136.390    64.339    -9.96    7.25
 173425.500    61.770    -8.89    7.27
 173714.611    60.252    -5.25    7.02
 174003.725    58.356    -6.56    6.65
 174292.840    58.497     0.49    7.63
 174581.957    59.287     2.73    8.22
 174871.075    59.356     0.24    7.94
 175160.196    59.270    -0.30    7.63
 175449.318    58.821    -1.55    7.31
 175738.442    58.692    -0.45    6.78
 176027.568    58.308    -1.33    5.66
 176316.696    58.088    -0.76    5.08
 176605.826    58.019    -0.24    5.17
 176894.957    57.959    -0.21    4.51
 177184.090    56.929    -3.56    5.06
 177473.225    57.546     2.13    5.11
 177762.362    57.792     0.85    6.22
 178051.501    57.527    -0.92    7.20
 178340.642    58.821     4.48    8.54
 178629.784    60.703     6.51    9.71
 178918.928    64.710    13.86   12.04
 179208.074    67.858    10.89   12.25
 179497.222    72.494    16.03   12.90
 179786.372    76.292    13.13   12.88
 180075.523    80.510    14.59   13.52
 180364.677    83.463    10.21   13.97
 180653.832    88.879    18.73   16.07
 180942.989    95.346    22.36   17.26
 181232.148   103.207    27.19   16.78
 181521.309   108.738    19.13   16.42
 181810.471   113.979    18.13   16.14
 182099.636   118.011    13.94   14.66
 182388.802   118.863     2.95   14.99
 182677.970   116.779    -7.20   16.53
 182967.140   113.633   -10.88   17.86
 183256.312   108.356   -18.25   18.55
 183545.485   102.241   -21.15   17.36
 183834.661    96.729   -19.06   16.54
 184123.838    92.749   -13.76   13.85
 184413.017    90.113    -9.12   11.61
 184702.198    86.114   -13.83   10.18
 184991.381    83.054   -10.58    8.61
 185280.566    82.296    -2.62    7.97
 185569.753    83.817     5.26    9.50
 185858.941    85.759     6.72   12.14
 186148.132    88.080     8.02   14.71
 186437.324    91.890    13.18   16.58
 186726.518    96.459    15.80   16.73
 187015.714   100.839    15.14   14.45
 187304.912   100.595    -0.84   13.69
 187594.111    97.770    -9.77   12.39
 187883.313    94.770   -10.37   12.79
 188172.516    89.873   -16.93   13.37
 188461.721    84.097   -19.97   12.00
 188750.929    81.369    -9.43   10.71
 189040.138    79.512    -6.42    9.87
 189329.349    76.241   -11.31   10.09
 189618.561    74.229    -6.95   10.30
 189907.776    72.752    -5.11   10.96
 190196.993    71.229    -5.27   10.92
 190486.211    69.479    -6.05    9.74
 190775.431    66.498   -10.31    8.59
 191064.653    65.313    -4.10    8.64
 191353.877    64.679    -2.19    8.51
 191643.103    63.633    -3.62    7.28
 191932.331    63.956     1.12    7.44
 192221.561    65.055     3.80    8.72
 192510.793    66.270     4.20    9.64
 192800.026    71.308    17.42   12.18
 193089.262    76.229    17.01   13.58
 193378.499    82.263    20.86   15.56
 193667.738    88.563    21.78   15.31
 193956.979    91.946    11.70   14.09
 194246.222    95.410    11.98   13.53
 194535.467    96.843     4.96   12.41
 194824.714    94.779    -7.14   13.74
 195113.962    90.304   -15.47   15.39
 195403.213    86.292   -13.87   13.71
 195692.465    83.779    -8.69   11.32
 195981.720    82.597    -4.09   10.05
 196270.976    83.804     4.17   10.42
 196560.234    86.304     8.64   11.06
 196849.494    88.779     8.56    9.27
 197138.756    91.427     9.15    9.30
 197428.020    94.313     9.98    9.42
 197717.286    97.166     9.86    9.60
 198006.554    99.282     7.31   10.07
 198295.824   101.415     7.37   10.07
 198585.095   103.179     6.10   10.67
 198874.369   104.727     5.35   10.82
 199163.644   106.457     5.98   11.58
 199452.922   108.270     6.26   11.93
 199742.201   111.770    12.10   12.40
 200031.482   118.045    21.70   12.38
 200320.765   121.940    13.46   11.92
 200610.050   124.166     7.70   11.08
 200899.337   126.718     8.82    9.63
 201188.626   126.770     0.18    9.61
 201477.917   125.681    -3.76   10.40
 201767.210   124.710    -3.36   11.64
 202056.504   123.666    -3.61   12.05
 202345.801   122.495    -4.05   13.06
 202635.100   122.019    -1.65   13.36
 202924.400   121.925    -0.33   13.92
 203213.702   123.113     4.11   13.20
 203503.007   123.631     1.79   12.40
 203792.313   121.869    -6.09   12.72
 204081.621   121.652    -0.75   12.47
 204370.932   121.046    -2.09   12.29
 204660.244   120.252    -2.74   11.32
 204949.558   117.530    -9.41   11.00
 205238.874   113.087   -15.36   12.34
 205528.192   108.183   -16.95   14.93
 205817.512   101.614   -22.71   14.96
 206106.834    96.456   -17.83   12.22
 206396.157    95.153    -4.50   10.39
 206685.483    95.513     1.24    9.89
 206974.811    97.346     6.34   10.64
 207264.141   102.156    16.62   10.37
 207553.472   106.134    13.75    8.38
 207842.806   108.122     6.87    8.58
 208132.141   109.201     3.73    7.60
 208421.479   108.446    -2.61    9.19
 208710.818   106.729    -5.93    9.75
 209000.160   104.247    -8.58    9.73
 209289.503   101.908    -8.09    9.30
 209578.848    98.563   -11.56    8.11
 209868.196    95.579   -10.31    8.93
 210157.545    93.735    -6.37    8.83
 210446.896    94.063     1.13    8.78
 210736.250    93.614    -1.55    8.30
 211025.605    93.843     0.79    9.36
 211314.962    95.612     6.11   10.67
 211604.321    97.263     5.71   11.64
 211893.682   100.284    10.44   11.86
 212183.045   103.831    12.26   12.50
 212472.411   106.304     8.55   11.99
 212761.778   107.679     4.75   11.58
 213051.147   109.356     5.79   10.67
 213340.518   109.251    -0.36   10.47
 213629.891   107.787    -5.06    9.43
 213919.266   106.701    -3.75    8.07
 214208.643   107.721     3.52    9.72
 214498.022   111.496    13.05   12.20
 214787.403   113.628     7.37   13.20
 215076.786   115.339     5.91   13.59
 215366.171   114.885    -1.57   14.92
 215655.557   112.438    -8.46   15.81
 215944.946   109.304   -10.83   15.68
 216234.337   107.122    -7.54   13.53
 216523.730   108.146     3.54   14.18
 216813.125   113.136    17.24   18.19
 217102.522   118.456    18.38   18.79
 217391.921   125.196    23.29   17.32
 217681.322   129.011    13.18   13.48
 217970.725   126.918    -7.23   14.24
 218260.130   123.104   -13.18   15.37
 218549.537   120.614    -8.60   14.49
 218838.946   119.512    -3.81   13.57
 219128.357   117.688    -6.30   12.33
 219417.770   119.079     4.81   13.29
 219707.184   119.664     2.02   13.11
 219996.601   120.613     3.28   12.70
 220286.020   123.908    11.38   11.10
 220575.441   125.670     6.09   10.61
 220864.864   127.496     6.31   10.21
 221154.290   128.908     4.88   10.23
 221443.717   128.446    -1.59   10.57
 221733.146   129.279     2.88   10.92
 222022.577   130.718     4.97   12.40
 222312.010   131.528     2.80   12.08
 222601.445   132.408     3.04   11.78
 222890.882   133.333     3.20   11.70
 223180.321   133.856     1.81   11.95
 223469.763   132.393    -5.05   12.49
 223759.206   129.218   -10.97   13.12
 224048.651   126.861    -8.14   12.37
 224338.098   127.030     0.59   12.08
 224627.548   126.913    -0.41   12.33
 224916.999   125.879    -3.57   11.55
 225206.453   125.633    -0.85   11.82
 225495.908   122.804    -9.77   13.80
 225785.365   119.229   -12.35   15.97
 226074.825   116.546    -9.27   15.84
 226364.287   114.213    -8.06   14.48
 226653.750   113.614    -2.07   12.45
 226943.216   113.873     0.89   12.08
 227232.683   112.483    -4.80   11.39
 227522.153   112.163    -1.11   10.92
