#  432.003  -1.776   5.688 ;Mean Elev.(m), Avg Gradient(m/km), RMS Gradient(m/km) - SRTM1     
#  428.976  -2.346   5.881 ;Mean Elev.(m), Avg Gradient(m/km), RMS Gradient(m/km) - ASTER GDEM
#  436.131  -1.899   5.794 ;Mean Elev.(m), Avg Gradient(m/km), RMS Gradient(m/km) - GMTED2010 
   1  25.762774  -1.301241   475.741   476.740  3 54661.26095616 19.006
   2  25.763143  -1.293335   426.708   426.746  6 54671.17660305 50.722
   3  25.762123  -1.292807   426.838   426.844  7 54681.09224648 48.514
   4  25.763278  -1.294326   426.851   426.882  7 54691.00788850 49.544
   5  25.764923  -1.300484   426.747   426.637  5 54700.92352729 51.154
   6  25.765170  -1.302316   472.813   472.656  4 54710.83917305 27.351
   7  25.764008  -1.297481   426.856   426.912  5 54720.75482495 49.537
   8  25.762436  -1.289397   472.898   472.944  7 54730.67047516 25.312
   9  25.761649  -1.281245   426.403   426.450  5 54740.58612420 44.837
  10  25.760528  -1.280436   426.708   426.720  5 54750.50177183 39.655
  11  25.760319  -1.281041   427.190   427.205  5 54760.41741911 48.526
  12  25.761076  -1.281837   426.819   426.865  5 54770.33306406 50.995
  13  25.762075  -1.282655   427.639   427.601  5 54780.24870564 52.143
  14  25.762683  -1.284182   428.358   428.356  6 54790.16434423 52.628
  15  25.762601  -1.287713   427.568   427.590  6 54800.07998097 50.823
  16  25.762584  -1.293541   428.241   428.229  7 54809.99561719 51.966
  17  25.763771  -1.298064   428.339   428.387  6 54819.91125503 51.422
  18  25.763460  -1.294795   428.307   428.327  6 54829.82690780 52.308
  19  25.762390  -1.289396   428.400   428.436  6 54839.74254765 51.201
  20  25.761359  -1.280905   427.650   427.615  6 54849.65819858 37.861
  21  25.759648  -1.277720   428.446   428.472  5 54859.57384813 52.155
  22  25.758963  -1.276639   428.814   428.880  5 54869.48949751 34.584
  23  25.759547  -1.276807   427.992   427.973  5 54879.40514572 53.277
  24  25.760104  -1.279427   474.283   474.225  5 54889.32079010 26.076
  25  25.760327  -1.277845   428.054   428.025  5 54899.23643191 53.108
  26  25.758810  -1.278186   428.177   428.207  5 54909.15207049 52.360
  27  25.759031  -1.277584   428.016   428.003  5 54919.06770785 52.341
  28  25.760421  -1.280792   428.544   428.563  5 54928.98334423 50.864
  29  25.762181  -1.288141   429.032   429.048  6 54938.89897893 52.244
  30  25.763560  -1.296823   428.643   428.585  6 54948.81461170 51.162
  31  25.764430  -1.301298   428.934   429.004  5 54958.73024743 50.219
  32  25.763980  -1.295704   429.435   429.415  6 54968.64589691 50.387
  33  25.763087  -1.292448   428.639   428.662  7 54978.56154502 51.796
  34  25.762210  -1.290920   428.038   428.062  7 54988.47719279 51.278
  35  25.762546  -1.288196   473.836   473.916  6 54998.39284108 26.059
  36  25.762626  -1.286687   427.256   427.306  6 55008.30848720 52.557
  37  25.762380  -1.286424   427.308   427.325  6 55018.22413092 53.403
  38  25.762415  -1.284370   426.844   426.862  5 55028.13977345 52.263
  39  25.762498  -1.283491   426.489   426.496  6 55038.05541507 52.397
  40  25.762238  -1.289758   426.847   426.775  6 55047.97105403 51.331
  41  25.763493  -1.296392   473.423   473.177  6 55057.88669109 28.509
  42  25.764430  -1.301261   473.395   473.327  5 55067.80232776 29.315
  43  25.763485  -1.295464   472.810   472.826  7 55077.71797889 28.727
  44  25.762214  -1.287138   426.474   426.505  6 55087.63362841 52.238
  45  25.761349  -1.280720   426.346   426.368  5 55097.54927628 36.748
  46  25.760696  -1.280590   426.861   426.844  5 55107.46492253 51.514
  47  25.761422  -1.281280   427.006   426.986  6 55117.38056809 50.103
  48  25.761863  -1.283233   427.474   427.487  5 55127.29621098 48.907
  49  25.762449  -1.282820   427.481   427.518  5 55137.21185194 52.821
  50  25.762337  -1.284303   427.950   428.022  6 55147.12749033 53.057
  51  25.762607  -1.287373   429.489   429.520  6 55157.04312750 53.569
  52  25.762818  -1.292622   428.970   428.985  6 55166.95876414 52.206
  54  25.764149  -1.297728   429.699   429.709  6 55186.79004349 52.143
  55  25.762454  -1.293015   429.109   429.120  7 55196.70569541 51.476
  56  25.762238  -1.283315   429.101   429.085  6 55206.62134751 53.187
  57  25.761023  -1.280701   428.818   428.829  6 55216.53699763 52.393
  58  25.760757  -1.278415   428.844   428.815  5 55226.45264720 49.307
  59  25.759879  -1.280669   429.048   429.031  5 55236.36829326 51.368
  60  25.760463  -1.280585   428.982   428.936  5 55246.28393634 52.713
  61  25.760620  -1.278690   429.778   429.737  5 55256.19957685 47.913
  62  25.760166  -1.277989   429.242   429.277  5 55266.11521548 48.013
  63  25.760735  -1.278496   429.510   429.600  5 55276.03085300 53.597
  64  25.762018  -1.283686   430.852   430.850  5 55285.94648864 53.300
  65  25.762929  -1.294132   429.514   429.463  6 55295.86212115 28.121
  66  25.764112  -1.296015   429.837   429.809  6 55305.77776012 51.439
  67  25.762837  -1.292995   475.613   475.546  6 55315.69340734 29.119
  68  25.762308  -1.288993   429.265   429.214  6 55325.60905357 51.996
  69  25.762352  -1.287286   429.374   429.386  6 55335.52469841 52.694
  70  25.762536  -1.287467   474.331   474.551  6 55345.44034246 26.190
  71  25.762540  -1.288483   428.457   428.520  7 55355.35598530 52.443
  72  25.762484  -1.289334   428.122   428.172  7 55365.27162594 52.307
  73  25.762485  -1.290926   427.821   427.874  7 55375.18726471 49.350
  74  25.762849  -1.294257   427.662   427.718  7 55385.10290188 51.536
  75  25.763934  -1.297398   427.783   427.738  5 55395.01853817 51.885
  76  25.765159  -1.301350   473.834   473.699  5 55404.93417625 30.855
  77  25.764261  -1.297946   473.373   472.989  6 55414.84982788 27.368
  78  25.763183  -1.293876   472.782   472.386  7 55424.76547670 29.204
  79  25.762366  -1.289577   426.505   426.544  7 55434.68112321 48.213
  80  25.762189  -1.283943   426.411   426.399  5 55444.59676894 36.674
  81  25.761687  -1.282795   426.956   426.961  5 55454.51241286 43.511
  82  25.762434  -1.283522   473.048   472.086  5 55464.42805577 26.565
  83  25.762564  -1.289976   472.944   473.499  7 55474.34369484 24.654
  84  25.763103  -1.294450   472.683   472.539  6 55484.25933130 27.461
  85  25.763925  -1.295103   427.678   427.652  6 55494.17496627 52.319
  86  25.765234  -1.295587   426.797   426.869  3 55504.09059993 56.526
  87  25.763782  -1.294370   473.208   473.232  6 55514.00624864 25.899
  88  25.763204  -1.293440   428.363   428.375  7 55523.92189820 51.620
  89  25.762205  -1.293114   427.544   427.507  7 55533.83754587 52.464
  90  25.762559  -1.287323   428.910   428.968  6 55543.75319316 54.295
  91  25.762058  -1.283613   428.155   428.226  5 55553.66883820 52.996
  92  25.761468  -1.282258   428.546   428.570  5 55563.58448191 53.929
  93  25.762399  -1.282972   428.208   428.129  5 55573.50012480 52.584
  94  25.762200  -1.289202   428.773   428.802  6 55583.41576510 52.336
  95  25.762968  -1.292660   429.012   429.020  7 55593.33140253 52.478
  96  25.763337  -1.296228   428.193   428.150  6 55603.24703638 51.937
  97  25.764192  -1.298259   427.865   427.930  6 55613.16266818 51.380
  98  25.764614  -1.300466   427.857   427.821  5 55623.07830369 51.783
  99  25.765168  -1.290951   427.405   427.421  3 55632.99395799 45.089
 100  25.762967  -1.294303   427.745   427.719  6 55642.90960715 52.085
 101  25.762909  -1.293629   428.364   428.367  7 55652.82525451 52.330
 102  25.762440  -1.293199   428.429   428.373  7 55662.74089767 52.303
 103  25.762224  -1.290480   427.695   427.682  7 55672.65653850 51.900
 104  25.762207  -1.289730   473.478   473.536  6 55682.57217774 26.982
 105  25.763009  -1.293891   427.747   427.832  7 55692.48781462 51.818
 106  25.764621  -1.299736   478.222   475.227  5 55702.40344958  8.845
 107  25.766366  -1.297368   427.462   427.462  2 55712.31909336 55.285
 108  25.763901  -1.295387   473.217   472.685  6 55722.23474292 26.855
 109  25.762442  -1.290743   427.144   427.083  7 55732.15039090 52.554
 110  25.762252  -1.287373   427.326   427.361  6 55742.06603727 51.672
 111  25.762456  -1.287580   426.716   426.767  7 55751.98168163 53.200
 112  25.762368  -1.293252   426.867   426.930  7 55761.89732253 52.236
 113  25.763236  -1.295665   427.012   426.952  6 55771.81296145 50.835
 114  25.763798  -1.296310   473.236   473.181  6 55781.72859740 25.891
 115  25.764431  -1.297642   426.810   426.825  6 55791.64423092 47.003
 116  25.765219  -1.302630   472.948   473.381  4 55801.55986309 27.773
 117  25.764493  -1.299170   426.159   426.115  6 55811.47551438 29.864
 118  25.764308  -1.298259   426.981   426.897  5 55821.39116366 51.979
 119  25.764414  -1.299445   427.486   427.528  5 55831.30680773 51.303
 120  25.764503  -1.300222   428.220   428.168  5 55841.22244717 51.127
 121  25.765294  -1.297867   427.612   427.586  4 55851.13808401 51.139
 122  25.765342  -1.300923   427.418   427.517  5 55861.05371736 52.650
 123  25.763984  -1.296338   428.302   428.289  6 55870.96937070 51.284
 124  25.763743  -1.296116   427.988   427.976  6 55880.88502092 51.042
 125  25.764007  -1.297171   429.054   429.034  6 55890.80066437 50.628
 126  25.764281  -1.299078   475.610   475.652  5 55900.71630203 27.766
 127  25.765264  -1.300680   476.070   475.953  5 55910.63193535 25.229
 128  25.763111  -1.292763   430.224   430.182  7 55920.54759085 50.340
 129  25.762367  -1.288339   429.409   429.438  6 55930.46324455 52.500
 130  25.762434  -1.287632   429.382   429.465  6 55940.37889369 53.551
 131  25.762311  -1.287538   474.352   474.371  6 55950.29453793 30.592
 132  25.762404  -1.285687   428.095   428.045  6 55960.21017821 52.600
 133  25.762536  -1.285149   427.949   427.965  6 55970.12581553 52.423
 134  25.762267  -1.291636   428.122   428.086  7 55980.04145005 51.144
 135  25.764176  -1.297827   428.394   428.384  6 55989.95708386 51.685
 136  25.764803  -1.300122   428.075   428.117  5 55999.87272666 52.227
 137  25.764025  -1.296439   428.075   428.108  6 56009.78837764 52.738
 138  25.762716  -1.293507   474.280   474.258  6 56019.70402454 27.841
 139  25.762646  -1.286761   428.026   428.059  6 56029.61966961 53.574
 140  25.762658  -1.283982   427.927   427.963  6 56039.53531222 53.453
 141  25.762513  -1.288876   427.270   427.277  7 56049.45095117 15.776
 142  25.763417  -1.295726   428.173   428.125  7 56059.36658711 51.658
 143  25.765389  -1.302102   475.287   475.350  5 56069.28222079 25.597
 144  25.764132  -1.296351   428.355   428.301  6 56079.19787273 51.594
 145  25.762449  -1.291624   427.299   427.261  6 56089.11352146 51.441
 146  25.762477  -1.287562   427.007   427.012  6 56099.02916758 52.520
 147  25.762199  -1.290239   427.091   427.095  7 56108.94480993 51.176
 148  25.763233  -1.293871   426.846   426.759  7 56118.86043775 52.590
 149  25.764476  -1.298573   426.973   426.922  5 56128.77607342 52.458
 150  25.765069  -1.302523   427.209   427.163  5 56138.69170604 52.032
 151  25.763920  -1.296294   426.242   426.277  6 56148.60735537 36.677
 152  25.762810  -1.293005   426.379   426.367  7 56158.52300540 50.984
 153  25.762371  -1.293022   425.426   425.344  7 56168.43865373 27.763
 154  25.763054  -1.292618   426.917   426.927  7 56178.35429927 51.488
 155  25.763322  -1.293993   427.129   427.110  6 56188.26993987 48.863
 156  25.763209  -1.295737   472.852   472.548  6 56198.18557672 25.945
 157  25.764006  -1.297384   427.380   427.413  6 56208.10121059 50.671
 158  25.764774  -1.302917   427.976   427.971  5 56218.01684183 50.764
 159  25.765522  -1.301299   427.756   427.675  5 56227.93248668 51.801
 160  25.764308  -1.299088   427.910   427.861  6 56237.84814111 52.237
 161  25.763494  -1.295567   428.087   428.029  6 56247.76379218 51.273
 162  25.763021  -1.292979   427.848   427.902  7 56257.67943835 52.187
 163  25.762195  -1.293040   428.728   428.718  7 56267.59508089 52.257
 164  25.762582  -1.291819   428.891   428.907  6 56277.51072225 53.171
 165  25.762396  -1.288484   475.379   475.295  6 56287.42637180 27.373
 166  25.762469  -1.285326   474.813   475.074  5 56297.34202238 28.281
 167  25.762239  -1.283440   428.541   428.565  5 56307.25766857 53.630
 168  25.761881  -1.282227   428.067   428.043  5 56317.17331145 51.362
 169  25.761598  -1.282487   428.502   428.502  5 56327.08895221 53.720
 170  25.762316  -1.285516   429.021   429.101  5 56337.00459131 50.837
 171  25.763080  -1.293014   428.853   428.819  6 56346.92022787 52.817
 172  25.764531  -1.298965   473.505   473.320  5 56356.83586228 27.402
 173  25.763337  -1.295442   428.707   428.726  6 56366.75151072 51.464
 176  25.761821  -1.283146   428.833   428.749  5 56396.49845129 52.902
 177  25.762434  -1.286301   429.262   429.268  6 56406.41409226 52.449
 178  25.763060  -1.292321   428.932   428.927  7 56416.32972908 51.410
 179  25.764445  -1.299478   428.900   428.864  6 56426.24536073 51.392
 180  25.763196  -1.294785   473.728   473.989  7 56436.16101143 26.871
 181  25.762785  -1.285323   427.547   427.583  6 56446.07666456 52.650
 182  25.762037  -1.282749   426.991   426.992  6 56455.99231382 52.703
 183  25.762077  -1.282066   427.059   427.112  6 56465.90795967 52.847
 184  25.762636  -1.283470   473.216   473.531  5 56475.82360137 28.289
 185  25.762252  -1.289518   426.418   426.366  7 56485.73923867 54.265
 186  25.762997  -1.292161   426.584   426.594  6 56495.65487422 54.037
 187  25.763872  -1.297013   472.409   472.060  6 56505.57050796 27.852
 189  25.764747  -1.301083   426.834   426.897  5 56525.40179505 35.990
 190  25.763883  -1.297616   472.196   472.220  6 56535.31744685 26.903
 192  25.762730  -1.286149   426.588   426.623  6 56555.14874052 51.076
 193  25.762587  -1.285328   426.520   426.483  5 56565.06438320 52.861
 194  25.762381  -1.290348   427.160   427.141  6 56574.98002328 51.743
 195  25.763581  -1.296310   472.743   472.615  6 56584.89566045 22.441
 196  25.766193  -1.299513   426.511   426.521  3 56594.81129589 53.779
 197  25.763719  -1.295438   427.617   427.598  6 56604.72694952 50.822
 198  25.762419  -1.290618   427.969   427.932  6 56614.64259884 52.627
 199  25.762381  -1.288516   429.024   429.068  6 56624.55824415 37.522
 200  25.762459  -1.290183   428.089   428.096  6 56634.47388600 51.119
 201  25.763578  -1.295506   428.100   428.096  6 56644.38952266 52.102
 202  25.762481  -1.290338   428.317   428.297  7 56654.30517713 53.828
 203  25.762505  -1.283662   428.407   428.380  5 56664.22082755 44.477
 204  25.761735  -1.281413   428.501   428.545  5 56674.13647398 52.798
 205  25.761728  -1.280774   428.790   428.902  5 56684.05211867 53.566
 206  25.762576  -1.283408   429.016   428.093  5 56693.96776055 19.225
 207  25.762900  -1.293201   428.568   428.563  7 56703.88339659 52.116
 208  25.765932  -1.295708   427.918   427.882  3 56713.79902910 51.583
 209  25.763092  -1.292298   428.116   428.058  7 56723.71467899 53.262
 210  25.761916  -1.282096   428.224   428.192  6 56733.63033162 52.535
 211  25.760880  -1.279487   428.549   428.600  5 56743.54597947 38.359
 212  25.761913  -1.281665   428.295   428.282  5 56753.46162222 51.624
 213  25.762902  -1.291345   428.952   428.953  7 56763.37725796 52.364
 214  25.764201  -1.299222   429.587   429.636  6 56773.29288997 51.736
 215  25.762559  -1.287529   474.533   474.771  6 56783.20854952 25.538
 216  25.760630  -1.279149   428.066   428.086  5 56793.12420447 50.779
 217  25.758460  -1.277038   427.930   427.980  5 56803.03985511 52.685
 218  25.759834  -1.278078   473.714   473.318  5 56812.95549744 27.194
 219  25.761576  -1.281414   427.605   427.706  5 56822.87113587 52.910
 220  25.762399  -1.288604   427.482   427.552  6 56832.78676934 54.126
 221  25.763474  -1.295832   426.995   426.900  7 56842.70239962 51.828
 222  25.763498  -1.297384   473.056   472.972  6 56852.61803955 28.328
 223  25.762585  -1.290621   427.159   427.173  7 56862.53369522 41.203
 224  25.762326  -1.286056   426.566   426.556  6 56872.44935001 51.741
 225  25.762448  -1.283083   426.629   426.619  5 56882.36500140 52.866
 226  25.761813  -1.282197   426.760   426.791  5 56892.28064863 53.016
 227  25.760990  -1.279100   426.106   426.038  5 56902.19629298 36.270
 228  25.759896  -1.277051   426.895   426.901  5 56912.11193496 51.851
 229  25.760178  -1.279251   426.711   426.815  5 56922.02757443 51.388
 230  25.762463  -1.284481   426.945   426.940  5 56931.94321125 53.460
 231  25.763971  -1.296997   473.520   473.080  5 56941.85884139 28.429
 232  25.764677  -1.299527   473.424   473.290  6 56951.77448319 27.735
 233  25.763024  -1.292908   473.918   473.863  7 56961.69013565 26.206
 234  25.762919  -1.284163   472.873   472.170  4 56971.60578403 16.437
 235  25.762359  -1.285401   427.595   427.578  6 56981.52142645 52.885
 236  25.762511  -1.293509   428.576   428.584  7 56991.43706312 51.005
 237  25.765354  -1.301231   428.055   428.100  5 57001.35269422 51.648
 238  25.763223  -1.294884   428.811   428.820  6 57011.26835343 36.509
 239  25.762797  -1.286321   427.718   427.619  6 57021.18400713 52.617
 240  25.761774  -1.282791   428.139   428.141  6 57031.09965655 52.584
 241  25.761418  -1.282613   427.482   427.455  5 57041.01530322 54.453
 242  25.762285  -1.283695   427.757   427.819  6 57050.93094761 53.503
 243  25.762494  -1.290780   427.853   427.793  7 57060.84658660 51.915
 244  25.763883  -1.294950   427.931   427.955  6 57070.76222084 51.362
 245  25.765604  -1.296552   428.025   428.025  2 57080.67785160 49.441
 246  25.764248  -1.297266   474.560   474.326  6 57090.59349282 29.206
 247  25.762150  -1.289051   427.461   427.496  6 57100.50915240 52.879
 248  25.762405  -1.283236   427.829   427.834  6 57110.42480850 53.735
 249  25.762314  -1.285799   428.714   428.745  5 57120.34045719 53.022
 250  25.762636  -1.286455   429.433   429.481  6 57130.25610027 53.825
 251  25.762304  -1.288994   428.987   429.023  6 57140.17173731 50.820
 252  25.762609  -1.292570   428.626   428.588  6 57150.08737046 52.252
 253  25.764558  -1.298494   428.303   428.344  5 57160.00300015 42.403
 254  25.763491  -1.297927   428.353   428.314  6 57169.91865207 51.063
 255  25.763050  -1.293294   427.902   427.894  6 57179.83430789 52.130
 256  25.762542  -1.289005   427.410   427.426  7 57189.74995971 52.982
 257  25.762514  -1.284170   427.488   427.525  5 57199.66560835 53.485
 258  25.762120  -1.282866   474.143   474.401  5 57209.58124284 27.058
 259  25.762534  -1.283324   426.415   426.456  6 57219.49688716 54.410
 260  25.762173  -1.288527   426.691   426.652  6 57229.41252941 53.517
 261  25.762593  -1.292140   472.987   472.958  7 57239.32816979 26.020
 262  25.763658  -1.294401   472.499   472.370  6 57249.24380737 25.905
 263  25.764157  -1.297819   472.535   472.722  6 57259.15944204 27.364
 264  25.764742  -1.301528   426.717   426.658  5 57269.07507523 44.129
 265  25.763979  -1.298255   426.734   426.642  5 57278.99072625 52.706
 266  25.763038  -1.295100   425.097   425.147  6 57288.90638234 32.364
 267  25.762684  -1.291658   427.478   427.527  7 57298.82203574 52.585
 268  25.762613  -1.288413   426.588   426.596  7 57308.73768575 53.043
 269  25.762209  -1.283350   427.656   427.627  6 57318.65333283 53.425
 270  25.761108  -1.281174   428.322   428.336  6 57328.56897640 52.646
 271  25.761425  -1.281729   428.755   428.755  6 57338.48461749 31.330
 272  25.761243  -1.280738   475.446   475.832  6 57348.40026702 25.053
 273  25.761402  -1.281822   475.775   475.830  5 57358.31591363 24.535
 274  25.761810  -1.282616   476.208   476.246  6 57368.23155691 24.546
 275  25.762227  -1.283519   430.149   430.137  5 57378.14719697 49.911
 276  25.762561  -1.288183   429.956   429.894  7 57388.06283433 51.363
 277  25.763164  -1.295968   430.209   430.203  6 57397.97847010 53.337
 278  25.765072  -1.301745   430.520   430.476  5 57407.89410490 51.285
 279  25.763703  -1.297919   430.053   430.027  6 57417.80975820 52.363
 280  25.762564  -1.291913   429.054   428.995  6 57427.72541001 52.990
 281  25.762272  -1.284075   429.196   429.240  5 57437.64105986 51.778
 282  25.761944  -1.281402   429.044   429.008  5 57447.55670735 52.712
 283  25.762056  -1.281742   428.808   428.827  5 57457.47235324 51.783
 284  25.762680  -1.285250   429.099   429.119  6 57467.38799585 52.637
 285  25.762619  -1.293554   429.214   429.128  7 57477.30363334 51.540
 286  25.763293  -1.297572   429.613   429.673  6 57487.21926826 51.959
 287  25.764840  -1.299188   429.406   429.341  5 57497.13490124 52.068
 288  25.765077  -1.302115   429.939   430.007  5 57507.05053797 51.511
 289  25.763207  -1.296320   429.631   429.721  6 57516.96619459 46.285
 290  25.762784  -1.292605   429.266   429.242  7 57526.88184813 53.043
 291  25.762638  -1.290332   428.637   428.658  7 57536.79749887 52.776
 292  25.762317  -1.287448   428.194   428.190  6 57546.71314719 52.822
 293  25.762563  -1.283116   427.627   427.633  5 57556.62879452 52.926
 294  25.762230  -1.283644   427.577   427.637  5 57566.54443978 53.123
 295  25.762350  -1.285796   426.894   426.943  5 57576.46008410 52.005
 296  25.762463  -1.288563   426.646   426.656  6 57586.37572722 49.135
 297  25.762313  -1.290401   473.677   474.021  7 57596.29136821 22.480
