#  287.000  -0.173   1.799 ;Mean Elev.(m), Avg Gradient(m/km), RMS Gradient(m/km) - SRTM1     
#  274.869  -0.363   4.572 ;Mean Elev.(m), Avg Gradient(m/km), RMS Gradient(m/km) - ASTER GDEM
#  287.131  -0.173   1.978 ;Mean Elev.(m), Avg Gradient(m/km), RMS Gradient(m/km) - GMTED2010 
  34  16.772951  -1.318942   290.797   290.797  2 54992.96717429 50.971
  35  16.772567  -1.318885   290.837   290.840  3 55002.88282011 52.027
  36  16.771784  -1.319717   290.694   290.694  2 55012.79846417 51.689
  37  16.770632  -1.318967   290.469   290.459  3 55022.71410657 52.605
  46  16.769013  -1.321344   291.206   291.208  3 55111.95490028 53.993
  47  16.770041  -1.320010   291.376   291.376  2 55121.87054355 40.889
  48  16.771508  -1.319868   291.621   291.621  2 55131.78618428 54.460
  49  16.771704  -1.319148   292.062   292.079  3 55141.70182294 53.218
  58  16.768346  -1.320584   290.913   290.884  3 55230.94262375 48.962
  59  16.769063  -1.320443   290.744   290.694  3 55240.85826835 53.203
  60  16.768736  -1.321081   290.608   290.611  3 55250.77390941 52.379
  61  16.767221  -1.320430   290.111   290.121  3 55260.68954806 39.559
  70  16.771607  -1.318758   291.039   291.022  3 55349.93032117 50.921
  71  16.772857  -1.317829   291.001   291.001  2 55359.84596260 50.356
  72  16.772745  -1.316693   290.980   290.980  2 55369.76160170 48.489
  73  16.773032  -1.317211   290.840   290.840  2 55379.67723986 48.818
  82  16.771795  -1.319110   291.610   291.614  3 55468.91803094 48.997
  93  16.771209  -1.320857   291.060   291.146  3 55577.99009976 49.704
  94  16.772916  -1.317941   290.715   290.706  3 55587.90573860 49.234
 133  16.773027  -1.318818   289.761   289.761  2 55974.61578732 50.261
 145  16.772621  -1.318934   290.288   290.297  3 56093.60350084 48.775
 146  16.772580  -1.318753   290.139   290.184  3 56103.51914611 49.236
 147  16.773000  -1.317413   289.879   289.879  2 56113.43477687 49.478
 164  16.773640  -1.317349   292.219   292.219  2 56282.00069967 53.017
 169  16.771028  -1.320029   290.923   290.888  3 56331.57892477 48.759
 174  16.770052  -1.319503   289.981   290.035  3 56381.15714085 24.653
 180  16.772339  -1.317497   290.615   290.615  2 56440.65099302 31.900
 181  16.770222  -1.320234   290.777   290.777  2 56450.56664386 51.641
 182  16.770085  -1.320628   290.219   290.204  3 56460.48229233 40.043
 183  16.770678  -1.320479   289.575   289.511  3 56470.39793751 23.746
 192  16.772258  -1.319042   290.710   290.710  2 56559.63871512 51.749
 193  16.771849  -1.319548   290.702   290.720  3 56569.55435725 30.585
 194  16.773207  -1.317946   291.122   291.122  2 56579.46999803 52.467
 204  16.770311  -1.320626   290.777   290.777  3 56678.62644842 52.467
 205  16.770652  -1.320551   290.495   290.478  3 56688.54209248 25.937
 206  16.772116  -1.318536   290.257   290.257  2 56698.45773390 27.989
 211  16.768076  -1.320913   290.046   290.060  3 56748.03595644 53.175
 212  16.770398  -1.319462   290.118   290.228  3 56757.95159642 50.862
 215  16.770812  -1.318980   290.873   290.877  3 56787.69853114 50.518
 216  16.767074  -1.321630   291.033   290.974  3 56797.61418378 53.249
 223  16.771666  -1.318509   290.587   290.596  3 56867.02367942 50.373
 224  16.771054  -1.320362   290.487   290.449  3 56876.93933106 51.873
 227  16.767998  -1.320801   291.057   291.057  2 56906.68626729 54.375
 228  16.767290  -1.320273   291.253   291.268  3 56916.60190808 35.418
 235  16.772094  -1.318985   292.674   292.669  3 56986.01140197 52.574
 239  16.771591  -1.318526   292.322   292.329  3 57025.67398427 40.614
 243  16.773141  -1.316882   290.227   290.227  2 57065.33656138 49.165
 247  16.771379  -1.318876   289.888   289.873  3 57104.99913672 50.577
 251  16.773176  -1.318774   290.423   290.423  2 57144.66171012 24.959
 255  16.772228  -1.317968   290.418   290.435  3 57184.32429210 27.989
 259  16.771022  -1.319125   290.439   290.454  3 57223.98686540 47.324
 267  16.772514  -1.318396   290.663   290.663  2 57303.31201789 33.045
 270  16.769280  -1.321411   291.511   291.512  3 57333.05895210 53.185
 271  16.770987  -1.319517   291.987   291.969  3 57342.97459172 55.203
 275  16.771974  -1.319025   292.934   292.934  2 57382.63716787 53.679
 282  16.769145  -1.320340   290.220   290.220  2 57452.04668501 51.994
 283  16.770853  -1.320404   290.266   290.415  3 57461.96232975 49.464
 293  16.769870  -1.319925   291.402   291.400  3 57561.11877357 52.566
 294  16.770083  -1.320169   290.796   290.796  2 57571.03441803 53.191
 295  16.771330  -1.319739   290.756   290.756  2 57580.95006219 49.548
 296  16.772873  -1.318412   290.382   290.389  3 57590.86570441 49.702
 297  16.773649  -1.317948   290.633   290.633  2 57600.78134407 49.768
