#  339.164  -3.143   7.818 ;Mean Elev.(m), Avg Gradient(m/km), RMS Gradient(m/km) - SRTM1     
#  333.522  -3.078   7.966 ;Mean Elev.(m), Avg Gradient(m/km), RMS Gradient(m/km) - ASTER GDEM
#  339.708  -3.980   9.562 ;Mean Elev.(m), Avg Gradient(m/km), RMS Gradient(m/km) - GMTED2010 
   2  21.235782   2.069457   337.168   337.175  4 54671.68390909 43.103
   3  21.234664   2.069110   327.780   327.797  4 54681.59955258 23.210
   4  21.236063   2.069544   337.708   337.774  3 54691.51519519 51.113
   5  21.239973   2.068721   329.325   329.325  2 54701.43083611 19.526
   6  21.240192   2.069389   337.717   337.634  3 54711.34648337 47.336
   7  21.237345   2.068970   337.444   337.969  3 54721.26213463 43.997
   8  21.232712   2.069276   338.278   338.426  5 54731.17778282 51.976
   9  21.229636   2.067945   338.039   337.887  5 54741.09342966 49.928
  10  21.228745   2.067558   337.814   337.813  6 54751.00907621 43.354
  11  21.229192   2.067758   338.261   338.203  6 54760.92472251 40.719
  12  21.230056   2.069443   338.703   338.641  5 54770.84036612 40.583
  13  21.231638   2.069285   338.925   338.826  4 54780.75600703 51.055
  14  21.233084   2.068831   339.473   339.457  4 54790.67164565 53.064
  15  21.234248   2.069022   339.627   339.584  5 54800.58728336 52.026
  16  21.235721   2.070199   338.681   338.588  4 54810.50292123 51.941
  17  21.238044   2.069897   338.609   338.485  3 54820.41856167 49.186
  18  21.236661   2.068649   338.490   338.367  4 54830.33421471 47.482
  19  21.233514   2.068676   338.067   338.045  5 54840.24985379 51.824
  20  21.229388   2.069121   337.578   337.544  5 54850.16550274 29.450
  21  21.227009   2.068388   338.118   338.085  6 54860.08115139 52.911
  22  21.226566   2.067192   338.281   338.263  7 54869.99680019 52.649
  23  21.227367   2.067454   338.466   338.463  6 54879.91244749 51.799
  24  21.228998   2.067510   338.043   337.925  5 54889.82809167 42.225
  25  21.228685   2.067856   338.283   338.239  6 54899.74373250 52.303
  26  21.227726   2.066691   337.980   337.999  6 54909.65937161 51.341
  27  21.227018   2.068070   337.423   337.305  6 54919.57500918 30.367
  28  21.229252   2.068142   337.979   338.035  5 54929.49064717 51.715
  29  21.233123   2.068774   338.187   338.189  4 54939.40628431 49.608
  30  21.237226   2.068833   338.569   338.511  3 54949.32191993 50.898
  31  21.238692   2.069758   338.575   338.519  3 54959.23755804 49.068
  32  21.236234   2.069624   338.613   338.581  3 54969.15320645 50.665
  33  21.234258   2.070197   338.978   338.897  4 54979.06885330 51.288
  34  21.233665   2.068812   396.103   396.056  4 54988.98450036 20.890
  35  21.233178   2.068773   337.950   337.874  5 54998.90014715 51.145
  36  21.232753   2.068980   337.102   337.136  4 55008.81579207 12.558
  37  21.232758   2.068554   338.015   337.849  4 55018.73143541 53.335
  38  21.232070   2.069007   337.435   337.412  4 55028.64707735 47.798
  39  21.231803   2.069151   337.334   337.357  5 55038.56271905 20.700
  40  21.233870   2.068481   337.025   337.035  4 55048.47836016 24.081
  41  21.236711   2.069494   337.530   337.299  4 55058.39399906 46.882
  42  21.239355   2.067878   337.303   337.290  3 55068.30963844 48.319
  43  21.235688   2.069446   337.754   337.747  4 55078.22528801 50.378
  44  21.231888   2.068785   337.748   337.732  5 55088.14093549 49.493
  45  21.228800   2.069561   338.119   338.018  4 55098.05658102 51.004
  46  21.228934   2.068257   338.297   338.385  5 55107.97222660 53.236
  47  21.230352   2.068200   338.106   337.910  5 55117.88787113 45.999
  48  21.231808   2.068204   338.518   338.411  5 55127.80351336 52.024
  49  21.231911   2.069516   338.544   338.583  5 55137.71915312 52.284
  50  21.232722   2.068464   338.706   338.642  4 55147.63479199 52.442
  51  21.234114   2.068439   338.974   338.973  4 55157.55043043 49.854
  52  21.235573   2.070069   339.376   339.419  4 55167.46606863 51.569
  53  21.237895   2.070008   338.997   339.008  3 55177.38170682 50.797
  54  21.238113   2.068961   338.998   339.004  3 55187.29735142 51.156
  55  21.234340   2.069309   339.031   339.000  4 55197.21300244 51.833
  56  21.230921   2.069160   338.882   338.787  5 55207.12865224 52.482
  57  21.229645   2.067893   338.657   338.616  5 55217.04430166 44.720
  58  21.228821   2.068160   338.481   338.437  5 55226.95994994 52.517
  59  21.228920   2.068179   337.806   337.909  5 55236.87559564 30.329
  60  21.229583   2.067783   337.883   337.899  6 55246.79123799 29.429
  61  21.228722   2.068645   337.884   337.852  6 55256.70687750 25.938
  62  21.228350   2.067875   338.739   338.668  5 55266.62251657 52.492
  63  21.229010   2.067787   338.736   338.723  5 55276.53815518 53.176
  64  21.231772   2.067992   338.962   338.768  5 55286.45379301 52.476
  65  21.235637   2.069076   339.460   339.447  4 55296.36942862 48.160
  66  21.236751   2.069388   339.147   339.148  3 55306.28506942 46.401
  67  21.234462   2.068488   338.904   338.752  4 55316.20071652 48.415
  68  21.232151   2.069397   338.774   338.781  5 55326.11636157 51.296
  69  21.232236   2.068376   338.977   338.890  5 55336.03200581 51.780
  70  21.232697   2.068994   338.974   338.945  5 55345.94764913 52.292
  71  21.233384   2.069008   338.284   338.248  5 55355.86329136 51.717
  72  21.233534   2.069434   338.126   338.124  4 55365.77893145 45.583
  73  21.234063   2.069500   338.455   338.267  5 55375.69457024 49.897
  74  21.235487   2.069732   338.007   337.925  4 55385.61020829 50.613
  75  21.237696   2.069667   337.956   337.817  3 55395.52584578 45.185
  76  21.240192   2.069095   337.786   337.786  2 55405.44148642 50.612
  77  21.238004   2.068528   337.842   337.791  3 55415.35713792 50.309
  78  21.235112   2.068545   337.692   337.689  4 55425.27278611 52.119
  79  21.232443   2.068987   337.601   337.518  5 55435.18843141 51.593
  80  21.230330   2.069581   337.762   337.793  5 55445.10407510 51.150
  81  21.229945   2.069510   337.789   337.690  5 55455.01971791 27.243
  82  21.231676   2.068745   337.818   337.785  5 55464.93536021 36.009
  83  21.234238   2.069432   338.249   338.185  5 55474.85099948 49.521
  84  21.236632   2.069491   337.904   337.725  4 55484.76663591 41.979
  85  21.238141   2.068598   338.548   338.708  3 55494.68227052 47.311
  86  21.239486   2.068816   338.704   338.705  3 55504.59790425 29.248
  87  21.237285   2.068578   338.513   338.511  4 55514.51355415 51.842
  88  21.236344   2.068490   338.655   338.647  4 55524.42920423 52.859
  89  21.234491   2.070123   338.743   338.729  4 55534.34485208 51.270
  90  21.232736   2.069618   338.016   338.027  4 55544.26049846 36.867
  91  21.230965   2.068919   338.440   338.412  5 55554.17614282 52.165
  92  21.230551   2.067476   338.402   338.359  5 55564.09178618 51.971
  93  21.231786   2.068370   338.335   338.394  5 55574.00742839 50.485
  94  21.233939   2.069159   338.026   337.979  4 55583.92306910 51.610
  95  21.235903   2.070097   338.166   338.132  4 55593.83870634 50.108
  96  21.237868   2.069288   338.086   338.074  4 55603.75434057 41.824
  97  21.239467   2.068925   337.691   337.686  3 55613.66997285 50.125
  98  21.240153   2.069076   337.313   337.313  2 55623.58561042 26.575
  99  21.237102   2.069253   337.786   337.868  3 55633.50126332 49.540
 100  21.235424   2.070298   337.763   337.734  4 55643.41691397 49.711
 101  21.235052   2.069440   337.611   337.572  4 55653.33256228 49.031
 102  21.234221   2.069290   337.707   337.477  4 55663.24820596 48.405
 103  21.233088   2.068955   337.699   337.663  5 55673.16384639 49.650
 104  21.232874   2.069115   337.565   337.598  4 55683.07948496 52.386
 105  21.235111   2.069825   338.032   337.839  4 55692.99512199 48.135
 106  21.239802   2.067988   337.635   337.619  3 55702.91075809 51.140
 107  21.240458   2.068894   337.697   337.697  2 55712.82640127 50.144
 108  21.237299   2.069344   337.386   337.217  4 55722.74204974 28.849
 109  21.234509   2.068415   337.411   337.420  4 55732.65769670 50.912
 110  21.232814   2.068687   337.562   337.294  4 55742.57334248 52.225
 111  21.232619   2.069441   337.152   337.096  5 55752.48898719 34.665
 112  21.234727   2.068588   337.049   336.987  4 55762.40463024 34.181
 113  21.235956   2.069606   337.228   336.952  4 55772.32027002 52.972
 114  21.236668   2.069240   337.356   337.391  3 55782.23590654 49.582
 115  21.238011   2.068506   337.538   337.570  3 55792.15154032 54.055
 116  21.240605   2.068415   337.597   337.505  3 55802.06717374 50.989
 117  21.238568   2.069990   337.981   337.949  3 55811.98282283 48.845
 118  21.238529   2.069861   338.101   338.110  3 55821.89847078 48.885
 119  21.239517   2.069426   338.603   338.471  3 55831.81411409 48.868
 120  21.240280   2.069052   338.584   338.584  2 55841.72975292 49.751
 121  21.240443   2.069044   338.764   338.764  2 55851.64538884 47.933
 122  21.241713   2.068683   338.705   338.667  3 55861.56102319 50.574
 123  21.238125   2.068799   338.761   338.744  4 55871.47667693 52.189
 124  21.237427   2.069293   339.237   339.353  3 55881.39232739 50.886
 125  21.238294   2.068204   339.466   339.462  3 55891.30797171 52.178
 126  21.239303   2.068169   339.545   339.590  3 55901.22361001 51.862
 127  21.240610   2.069185   339.308   339.299  3 55911.13924326 50.099
 128  21.235422   2.069213   339.209   339.200  4 55921.05489749 51.363
 129  21.233526   2.068712   339.223   339.188  5 55930.97054935 52.548
 130  21.233434   2.069225   338.745   338.755  4 55940.88619716 50.150
 131  21.233524   2.069414   338.425   338.400  4 55950.80184047 50.858
 132  21.233020   2.069749   338.113   338.137  4 55960.71747986 51.633
 133  21.233230   2.068732   337.870   337.755  4 55970.63311762 52.362
 134  21.234478   2.070370   337.697   337.644  4 55980.54875403 20.361
 135  21.238600   2.069650   337.790   337.869  3 55990.46439029 48.990
 136  21.239879   2.068120   337.513   337.552  3 56000.38003584 49.899
 137  21.237105   2.068836   337.643   337.573  3 56010.29568658 50.118
 138  21.234393   2.069167   337.670   337.578  4 56020.21133327 51.003
 139  21.231938   2.069448   337.710   337.488  5 56030.12697667 50.826
 140  21.231831   2.068084   337.864   337.973  5 56040.04261838 53.600
 141  21.233391   2.068814   338.068   337.914  4 56049.95825752 48.049
 142  21.236635   2.069766   337.755   337.691  3 56059.87389401 49.681
 143  21.240985   2.068936   337.815   337.838  3 56069.78952973 50.433
 144  21.237759   2.069089   338.248   338.200  4 56079.70517994 49.508
 145  21.234434   2.069174   337.955   337.958  4 56089.62082768 50.587
 146  21.233190   2.068459   337.390   337.367  4 56099.53647345 49.937
 147  21.233369   2.068982   337.451   337.470  4 56109.45210530 46.961
 148  21.235444   2.068844   337.393   337.364  4 56119.36774608 50.355
 149  21.238190   2.068715   337.348   337.355  3 56129.28338328 50.837
 152  21.234741   2.068789   337.771   337.733  4 56159.03031388 50.216
 153  21.234210   2.070274   338.133   338.010  4 56168.94596080 49.370
 154  21.235233   2.069979   337.847   337.740  4 56178.86160498 38.007
 155  21.236283   2.069695   338.385   338.342  4 56188.77724485 41.225
 156  21.237249   2.068800   338.603   338.622  4 56198.69288171 51.286
 157  21.238576   2.069474   338.173   338.142  3 56208.60851584 23.977
 158  21.241442   2.069354   338.568   338.568  2 56218.52414887 40.056
 159  21.241298   2.068719   338.732   338.732  2 56228.43979520 50.108
 160  21.239060   2.068379   338.955   338.903  3 56238.35544961 49.163
 161  21.236225   2.069725   339.243   339.236  4 56248.27109976 52.026
 162  21.235089   2.069103   339.351   339.359  4 56258.18674542 50.923
 163  21.234590   2.069109   339.268   339.294  5 56268.10238764 51.488
 164  21.234533   2.070212   339.566   339.616  4 56278.01802779 50.978
 165  21.233358   2.069904   339.765   339.696  4 56287.93367636 52.328
 166  21.232601   2.069488   339.555   339.548  4 56297.84932523 51.846
 167  21.232073   2.068974   338.903   338.881  5 56307.76497020 51.234
 168  21.231667   2.068238   338.654   338.703  5 56317.68061277 52.932
 169  21.231231   2.068779   337.780   337.743  5 56327.59625400 26.103
 170  21.232819   2.068800   338.607   338.604  4 56337.51189471 51.934
 171  21.236156   2.068322   338.530   338.524  4 56347.42753404 51.828
 173  21.235863   2.069272   338.117   338.129  4 56367.25881943 50.266
 176  21.230679   2.068684   338.158   338.123  5 56397.00575662 33.375
 177  21.232747   2.068866   338.735   338.737  4 56406.92139756 52.658
 178  21.235439   2.069719   339.231   339.231  4 56416.83703466 50.980
 179  21.239910   2.068191   338.968   338.966  3 56426.75266771 52.001
 180  21.235874   2.069875   338.887   338.851  4 56436.66831785 50.622
 181  21.232527   2.068757   337.812   337.738  5 56446.58396932 23.462
 182  21.231105   2.068166   337.763   337.861  5 56456.49961872 51.054
 183  21.230818   2.067827   337.403   337.460  5 56466.41526519 51.948
 184  21.231101   2.069056   337.305   337.333  4 56476.33090741 32.347
 185  21.232583   2.069029   337.755   337.707  4 56486.24654640 51.669
 186  21.233924   2.070109   337.546   337.469  4 56496.16218212 50.078
 187  21.237142   2.069336   337.519   337.459  4 56506.07781663 50.589
 188  21.242081   2.068750   337.786   337.786  2 56515.99345023 27.399
 189  21.239796   2.069645   337.964   337.883  3 56525.90910385 51.089
 190  21.238254   2.069132   338.056   337.820  3 56535.82475379 36.401
 192  21.233347   2.068836   337.724   337.658  4 56555.65604341 40.509
 193  21.232596   2.069684   338.133   338.102  4 56565.57168593 50.082
 194  21.234060   2.070043   338.585   338.533  4 56575.48732765 49.169
 195  21.237517   2.069676   338.311   338.179  3 56585.40296681 41.196
 196  21.241017   2.068776   337.944   337.870  3 56595.31860471 24.752
 197  21.236662   2.069340   338.513   338.490  3 56605.23425732 50.289
 198  21.233781   2.068884   338.847   338.774  5 56615.14990528 52.163
 199  21.233388   2.068508   338.903   338.894  4 56625.06554953 52.462
 200  21.234231   2.069369   339.482   339.440  4 56634.98119066 51.124
 201  21.237600   2.068857   338.670   338.543  3 56644.89682867 51.720
 202  21.234719   2.069361   338.464   338.387  5 56654.81248085 51.917
 203  21.232538   2.069188   338.329   338.311  4 56664.72812904 52.351
 204  21.231168   2.068578   338.426   338.406  5 56674.64377502 52.175
 205  21.231110   2.067725   337.947   337.994  5 56684.55942032 52.617
 206  21.232371   2.068514   337.950   337.986  4 56694.47506352 38.085
 207  21.235546   2.069537   338.159   338.013  4 56704.39070249 50.790
 208  21.239390   2.069032   337.450   337.488  3 56714.30633639 42.393
 209  21.234746   2.068912   414.331   421.157  4 56724.22198707 20.469
 210  21.229919   2.068814   337.488   337.520  5 56734.13763716 28.020
 211  21.228457   2.067976   338.053   338.042  6 56744.05328401 53.316
 212  21.230864   2.067543   338.253   338.283  5 56753.96892662 52.643
 213  21.235462   2.068330   338.642   338.622  4 56763.88456358 53.447
 214  21.239148   2.068741   338.720   338.642  3 56773.80019808 50.635
 215  21.233216   2.069220   338.980   338.971  4 56783.71585434 51.754
 216  21.228377   2.068510   338.597   338.580  6 56793.63150750 53.154
 217  21.225959   2.066899   338.699   338.723  7 56803.54715820 52.783
 218  21.227415   2.067361   338.425   338.402  6 56813.46280134 53.695
 219  21.229733   2.068572   338.245   338.231  6 56823.37844097 51.646
 220  21.231798   2.071565   397.273   397.273  2 56833.29407604 15.058
 221  21.236242   2.068788   337.833   337.822  4 56843.20970896 38.174
 222  21.236134   2.069800   337.640   337.620  4 56853.12534994 49.976
 223  21.233399   2.069072   337.824   337.720  5 56863.04100342 50.727
 224  21.231797   2.069201   337.840   337.717  4 56872.95665614 50.903
 225  21.231397   2.068500   337.962   338.031  5 56882.87230596 49.589
 226  21.230494   2.069268   337.646   337.705  5 56892.78795197 34.262
 227  21.229236   2.068108   337.702   337.664  6 56902.70359528 35.466
 228  21.227730   2.067471   338.122   338.170  5 56912.61923680 38.464
 229  21.228383   2.068276   337.950   337.997  6 56922.53487690 51.280
 230  21.232259   2.068521   338.205   338.296  5 56932.45051530 52.262
 231  21.237996   2.068829   338.575   338.549  3 56942.36614875 49.709
 232  21.238820   2.069513   338.667   338.653  3 56952.28179267 49.872
 233  21.234879   2.069260   338.799   338.749  5 56962.19744363 30.257
 234  21.231781   2.069324   339.489   339.486  5 56972.11308943 51.271
 235  21.231836   2.069570   339.358   339.333  5 56982.02873115 52.420
 236  21.235564   2.068895   339.414   339.404  4 56991.94436869 52.362
 237  21.241213   2.068584   339.494   339.480  3 57001.86000205 51.816
 238  21.236863   2.069441   338.844   338.696  3 57011.77565860 50.433
 239  21.233500   2.069484   338.769   338.780  4 57021.69130979 52.280
 240  21.231086   2.069771   338.494   338.459  5 57031.60695855 51.134
 241  21.230843   2.068861   337.899   337.906  4 57041.52260601 51.136
 242  21.231617   2.069399   337.464   337.455  5 57051.43825128 22.520
 243  21.234284   2.068504   337.570   337.581  4 57061.35389281 48.945
 244  21.236382   2.069812   337.701   337.744  4 57071.26952829 53.569
 245  21.238731   2.069703   337.481   337.561  3 57081.18515971 48.438
 246  21.237499   2.069368   337.966   337.832  4 57091.10080240 47.584
 247  21.232919   2.068923   337.452   337.418  4 57101.01645947 51.118
 248  21.231469   2.068679   337.358   337.304  4 57110.93211339 49.016
 249  21.232262   2.069322   338.239   338.235  4 57120.84776155 44.679
 250  21.233064   2.069032   338.459   338.425  4 57130.76340418 51.297
 251  21.233595   2.069672   338.973   338.825  4 57140.67904146 51.233
 252  21.234956   2.070145   338.938   338.939  4 57150.59467573 50.751
 253  21.239289   2.068870   338.668   338.563  3 57160.51030766 49.427
 254  21.237180   2.068968   338.360   338.489  3 57170.42596147 50.928
 255  21.234893   2.068732   338.387   338.263  4 57180.34161682 49.683
 256  21.232334   2.069592   338.261   338.162  5 57190.25726790 49.661
 257  21.231127   2.067988   338.085   338.022  5 57200.17291593 47.991
 258  21.230654   2.067614   337.908   337.899  5 57210.08854976 53.026
 259  21.231150   2.068993   337.764   337.685  4 57220.00419302 52.115
 260  21.232872   2.069213   337.448   337.478  4 57229.91983541 50.837
 261  21.234725   2.069361   337.780   337.787  5 57239.83547555 51.623
 262  21.236706   2.069513   337.453   337.349  3 57249.75111285 24.284
 263  21.238438   2.070030   337.636   337.578  3 57259.66674793 49.711
 264  21.240759   2.069196   336.953   336.953  2 57269.58238239 21.156
 265  21.238683   2.068460   337.162   337.103  3 57279.49803439 40.411
 266  21.236107   2.069105   337.449   337.394  3 57289.41369002 51.050
 267  21.233978   2.069800   337.185   337.210  4 57299.32934285 17.105
 268  21.232743   2.069268   338.120   337.945  4 57309.24499239 50.204
 269  21.230777   2.068859   338.192   338.255  5 57319.16063820 43.961
 270  21.229406   2.068484   338.894   338.870  5 57329.07628075 51.302
 271  21.230006   2.069400   339.300   339.294  5 57338.99192090 49.979
 272  21.230341   2.067414   340.147   340.210  5 57348.90757006 53.645
 273  21.230578   2.069202   340.310   340.331  5 57358.82321535 52.823
 274  21.231492   2.069223   340.095   340.086  5 57368.73885790 51.772
 275  21.232136   2.069627   340.000   340.000  5 57378.65449792 51.899
 276  21.233944   2.069994   339.471   339.464  4 57388.57013686 51.176
 277  21.237429   2.069365   338.904   338.906  4 57398.48577545 30.603
 278  21.241376   2.068282   338.874   338.872  3 57408.40141303 50.446
 279  21.237722   2.069158   338.844   338.776  3 57418.31706631 50.575
 280  21.234281   2.068548   338.456   338.369  4 57428.23271723 51.659
 281  21.231349   2.068308   338.252   338.286  5 57438.14836532 51.533
 282  21.230357   2.068648   338.416   338.399  5 57448.06401180 52.162
 283  21.231302   2.067796   338.350   338.361  5 57457.97965736 51.538
 284  21.233115   2.068770   338.259   338.272  5 57467.89529969 51.825
 285  21.235580   2.070012   338.187   338.079  4 57477.81093803 37.002
 286  21.238048   2.068781   338.557   338.568  4 57487.72657371 51.452
 287  21.240079   2.069141   338.934   338.922  3 57497.64220712 47.183
 288  21.241214   2.068318   339.045   339.045  2 57507.55784661 52.365
 289  21.236738   2.069364   339.407   339.424  3 57517.47350242 50.752
 290  21.234313   2.070310   339.527   339.523  4 57527.38915568 49.616
 291  21.233310   2.069420   339.274   339.274  5 57537.30480670 51.304
 292  21.231694   2.069523   338.969   338.901  5 57547.22045468 50.417
 293  21.230507   2.069238   338.026   338.010  5 57557.13610094 51.590
 294  21.230614   2.069227   338.233   338.110  5 57567.05174583 51.927
 295  21.231941   2.069071   337.838   337.821  4 57576.96739000 51.500
 297  21.234057   2.069349   337.943   337.801  5 57596.79867333 51.803
