#  316.048  -1.290   2.472 ;Mean Elev.(m), Avg Gradient(m/km), RMS Gradient(m/km) - SRTM1     
#  304.260  -1.824   4.499 ;Mean Elev.(m), Avg Gradient(m/km), RMS Gradient(m/km) - ASTER GDEM
#  316.064  -1.170   2.436 ;Mean Elev.(m), Avg Gradient(m/km), RMS Gradient(m/km) - GMTED2010 
   1  18.698879   1.235732   313.197   313.168  3 54668.71722023 32.358
   2  18.698227   1.234309   313.508   313.513  3 54678.63286439 54.819
   4  18.700921   1.238304   313.968   313.894  3 54698.46414796 54.691
   6  18.700113   1.236754   314.133   314.130  3 54718.29544331 53.292
   8  18.694250   1.233004   314.233   314.163  4 54738.12674033 51.562
   9  18.692427   1.233047   314.317   314.241  5 54748.04238722 53.375
  10  18.692155   1.232750   314.382   314.371  6 54757.95803384 53.786
  11  18.693441   1.232657   314.740   314.766  5 54767.87367840 53.782
  12  18.694692   1.234346   315.094   315.105  4 54777.78931931 43.366
  13  18.696107   1.233934   315.162   315.171  3 54787.70495839 54.963
  14  18.696814   1.234130   315.810   315.812  3 54797.62059660 53.513
  15  18.698527   1.234903   315.971   315.877  3 54807.53623498 34.909
  16  18.700580   1.238165   315.602   315.599  3 54817.45187243 42.986
  17  18.700020   1.236739   315.046   315.044  3 54827.36752302 54.009
  18  18.697324   1.234314   314.606   314.545  3 54837.28316296 54.432
  19  18.693303   1.233542   314.263   314.177  5 54847.19881265 53.327
  20  18.692560   1.228164   313.937   313.912  3 54857.11446272 35.187
  21  18.692061   1.227594   314.263   314.263  3 54867.03011164 54.857
  22  18.692169   1.228774   314.531   314.444  3 54876.94575946 42.238
  23  18.692031   1.232884   314.542   314.601  5 54886.86140362 47.244
  24  18.692846   1.229744   314.217   314.213  3 54896.77704588 54.810
  25  18.691631   1.229642   314.189   314.217  3 54906.69268488 26.403
  26  18.691956   1.228805   313.964   313.965  3 54916.60832322 50.106
  27  18.692077   1.233359   314.365   314.332  5 54926.52396051 49.603
  28  18.695118   1.234158   314.282   314.149  3 54936.43959827 51.573
  29  18.698703   1.235488   314.633   314.633  2 54946.35523413 53.244
  30  18.701674   1.238690   315.008   315.029  3 54956.27086684 52.860
  31  18.699713   1.236570   314.877   314.866  3 54966.18651594 53.533
  32  18.697750   1.234806   314.988   314.988  2 54976.10216369 54.984
  33  18.696548   1.234414   314.868   314.838  4 54986.01781090 36.668
  34  18.696428   1.235426   314.796   314.737  3 54995.93345790 53.161
  35  18.696569   1.235434   313.951   313.897  3 55005.84910349 53.973
  36  18.696199   1.234271   314.045   314.108  4 55015.76474708 53.816
  37  18.694995   1.234116   314.101   314.169  3 55025.68038913 51.045
  38  18.694430   1.233824   313.566   313.556  4 55035.59603103 47.801
  39  18.695788   1.234763   313.430   313.435  3 55045.51167228 54.070
  40  18.699397   1.235394   313.293   313.293  3 55055.42731218 53.409
  41  18.701422   1.238507   313.764   313.764  2 55065.34294919 50.215
  42  18.699659   1.235551   313.794   313.791  3 55075.25859798 53.745
  43  18.695790   1.233865   313.755   313.662  4 55085.17424589 53.489
  44  18.692641   1.234137   313.912   313.962  5 55095.08989164 53.108
  45  18.692376   1.233405   314.108   314.046  5 55105.00553747 46.521
  46  18.693245   1.233408   314.390   314.364  4 55114.92118294 54.189
  47  18.694183   1.234850   314.448   314.437  4 55124.83682567 41.107
  48  18.695469   1.234380   314.988   315.087  3 55134.75246621 51.422
  49  18.695964   1.234505   314.951   314.873  4 55144.66810467 52.034
  50  18.696570   1.234160   315.107   315.106  3 55154.58374293 55.589
  51  18.697422   1.235621   315.526   315.556  3 55164.49938141 55.058
  52  18.699499   1.237014   315.598   315.683  3 55174.41501990 43.057
  53  18.701533   1.238081   315.886   315.886  2 55184.33065980 53.999
  54  18.698795   1.236256   315.436   315.436  2 55194.24631169 55.658
  55  18.695489   1.233297   315.449   315.409  4 55204.16196225 54.700
  56  18.692686   1.233098   315.151   315.137  5 55214.07761139 53.706
  57  18.692899   1.229935   315.195   315.198  3 55223.99326071 53.913
  58  18.692224   1.232843   315.075   315.071  6 55233.90890693 49.294
  59  18.693061   1.234069   314.380   314.325  5 55243.82455035 36.549
  60  18.692653   1.233982   314.838   314.841  5 55253.74019087 53.035
  61  18.692379   1.230551   314.700   314.668  3 55263.65583037 25.239
  62  18.692665   1.229947   314.933   315.021  3 55273.57146862 36.944
  63  18.694024   1.233273   315.229   315.232  4 55283.48710592 51.560
  64  18.697494   1.234886   315.350   315.351  3 55293.40274246 54.165
  65  18.699651   1.237221   315.553   315.555  3 55303.31837930 52.130
  66  18.698206   1.234998   315.838   315.823  3 55313.23402755 43.929
  67  18.696138   1.235204   315.433   315.496  3 55323.14967278 52.261
  68  18.695248   1.234610   315.319   315.409  4 55333.06531668 54.275
  69  18.695166   1.234213   315.296   315.245  3 55342.98096034 43.068
  70  18.696092   1.233821   315.362   315.361  3 55352.89660362 43.214
  71  18.697077   1.234381   314.521   314.517  3 55362.81224455 52.562
  72  18.697523   1.235302   314.585   314.580  3 55372.72788350 53.330
  73  18.698166   1.236068   314.301   314.303  3 55382.64352137 55.382
  74  18.699500   1.236071   314.190   314.189  3 55392.55915890 55.366
  75  18.701553   1.238748   314.248   314.248  2 55402.47479465 54.495
  76  18.700579   1.237248   314.343   314.343  2 55412.39044633 54.888
  77  18.698716   1.236439   313.992   313.989  3 55422.30609591 55.589
  78  18.696719   1.235100   314.105   314.110  3 55432.22174277 15.827
  79  18.694295   1.233991   313.715   313.750  5 55442.13738728 53.213
  80  18.693361   1.233285   313.993   314.004  4 55452.05303012 33.076
  81  18.694417   1.233639   314.580   314.496  4 55461.96867201 54.164
  82  18.696893   1.234050   314.232   314.223  3 55471.88431235 50.557
  83  18.698861   1.235542   313.868   313.809  3 55481.79994959 34.606
  84  18.700024   1.236895   314.136   314.096  3 55491.71558463 48.722
  85  18.701319   1.238137   314.702   314.702  2 55501.63121820 54.975
  86  18.700330   1.237548   315.172   315.172  2 55511.54686273 55.401
  87  18.698759   1.236011   314.839   314.839  2 55521.46251301 55.687
  88  18.697649   1.234734   314.888   314.869  3 55531.37816218 54.512
  89  18.696520   1.234180   314.970   315.014  3 55541.29380956 54.419
  90  18.695379   1.233994   314.910   314.890  3 55551.20945467 44.695
  91  18.693875   1.234595   314.756   314.764  4 55561.12509784 52.701
  92  18.694426   1.234007   314.686   314.686  5 55571.04074046 53.245
  93  18.696102   1.233765   314.444   314.476  4 55580.95638179 53.932
  94  18.698041   1.234748   314.221   314.248  3 55590.87201986 56.128
  95  18.700001   1.236785   314.370   314.370  2 55600.78765449 54.221
  96  18.701421   1.238360   314.193   314.193  2 55610.70328714 53.705
  97  18.702937   1.239410   313.775   313.775  2 55620.61891904 29.210
  98  18.700132   1.236725   313.581   313.631  3 55630.53457191 21.737
  99  18.698748   1.235959   313.908   313.962  3 55640.45022336 44.262
 100  18.698395   1.235222   313.613   313.613  2 55650.36587235 15.368
 101  18.697050   1.236050   314.075   314.132  3 55660.28151734 48.508
 102  18.696358   1.234133   314.050   314.102  3 55670.19715928 51.281
 103  18.696143   1.234333   313.866   313.875  4 55680.11279862 39.458
 104  18.697797   1.235985   314.304   314.322  3 55690.02843565 47.645
 105  18.700688   1.237155   313.850   313.859  3 55699.94407116 54.479
 106  18.702308   1.238482   313.613   313.633  3 55709.85970939 52.739
 107  18.699757   1.237793   313.838   313.899  3 55719.77535907 54.177
 108  18.697956   1.234973   313.517   313.517  2 55729.69100708 54.145
 109  18.696605   1.234842   313.448   313.461  3 55739.60665345 19.693
 110  18.696187   1.235057   313.330   313.300  3 55749.52229880 37.005
 111  18.696844   1.235415   313.505   313.490  3 55759.43794204 52.793
 112  18.698190   1.234965   313.683   313.683  2 55769.35358267 22.588
 113  18.698629   1.236621   313.263   313.276  3 55779.26921957 39.549
 114  18.699972   1.236897   313.566   313.566  2 55789.18485407 53.295
 115  18.701687   1.238835   314.107   314.061  3 55799.10048679 32.871
 116  18.701055   1.238314   313.834   313.834  2 55809.01613247 54.750
 117  18.700660   1.238122   314.202   314.202  2 55818.93178087 53.605
 118  18.701329   1.238576   314.548   314.548  2 55828.84742497 53.725
 119  18.702039   1.238162   314.937   314.938  3 55838.76306488 53.069
 120  18.701618   1.238827   314.964   314.964  2 55848.67870163 54.285
 121  18.702411   1.239177   315.193   315.193  2 55858.59433680 53.270
 122  18.701144   1.238258   315.193   315.193  2 55868.50998480 33.197
 123  18.700194   1.237115   315.173   315.166  3 55878.42563709 51.797
 124  18.699850   1.237556   315.532   315.533  3 55888.34128258 54.470
 125  18.700089   1.237709   315.877   315.868  3 55898.25692239 54.132
 126  18.701584   1.237916   315.814   315.814  2 55908.17255718 53.847
 127  18.699408   1.236298   315.891   315.891  2 55918.08820565 54.435
 128  18.697668   1.234038   315.630   315.691  3 55928.00385901 54.843
 129  18.697164   1.233905   315.651   315.608  3 55937.91950842 54.811
 130  18.696570   1.234470   315.302   315.310  3 55947.83515277 50.449
 131  18.696150   1.234637   314.584   314.640  3 55957.75079267 27.278
 132  18.696166   1.234739   314.079   314.079  3 55967.66643043 32.630
 133  18.697575   1.234505   313.854   313.839  3 55977.58206780 54.623
 134  18.699967   1.236648   314.257   314.347  3 55987.49770429 20.692
 135  18.701799   1.239421   313.916   313.991  3 55997.41334353 25.874
 136  18.700232   1.237488   313.662   313.662  2 56007.32899572 25.639
 137  18.697991   1.235917   313.662   313.647  3 56017.24464352 15.435
 138  18.695552   1.234151   313.689   313.704  3 56027.16028814 32.039
 139  18.694358   1.233756   313.978   313.975  4 56037.07593060 49.437
 140  18.696195   1.234099   314.077   314.077  3 56046.99157098 53.304
 141  18.699050   1.235708   313.979   313.979  2 56056.90720827 53.562
 142  18.702587   1.238545   313.732   313.732  2 56066.82284108 54.208
 143  18.700450   1.237746   314.233   314.179  3 56076.73848876 51.120
 144  18.697873   1.234318   314.049   314.103  3 56086.65413791 19.691
 145  18.696234   1.234163   314.075   313.988  4 56096.56978426 16.694
 146  18.696725   1.234554   313.650   313.661  4 56106.48542876 46.742
 147  18.697991   1.235794   313.606   313.686  3 56116.40105880 34.235
 148  18.699643   1.237127   313.201   313.201  2 56126.31669671 15.275
 149  18.701310   1.237199   313.624   313.617  3 56136.23233094 53.164
 150  18.699915   1.236443   314.116   314.113  3 56146.14797419 54.715
 151  18.698261   1.234499   313.903   313.853  3 56156.06362362 53.450
 152  18.697755   1.234293   314.334   314.376  3 56165.97927172 52.450
 153  18.698225   1.234974   313.873   313.798  3 56175.89491739 55.035
 154  18.699128   1.236641   314.099   314.086  3 56185.81055789 20.785
 155  18.699738   1.237048   314.695   314.695  2 56195.72619491 54.990
 156  18.700391   1.236714   314.662   314.657  3 56205.64182943 51.115
 157  18.701679   1.238139   314.670   314.668  3 56215.55746250 55.051
 158  18.703102   1.239903   315.227   315.227  2 56225.47310134 52.577
 159  18.701669   1.238471   315.410   315.410  2 56235.38875743 54.595
 160  18.700302   1.236741   315.624   315.624  2 56245.30440970 53.945
 161  18.698650   1.235063   315.876   315.876  3 56255.22005683 53.675
 162  18.697089   1.235261   316.022   316.044  3 56265.13569936 52.715
 163  18.696840   1.235221   315.785   315.780  3 56275.05134013 55.381
 164  18.696889   1.235657   315.854   315.852  3 56284.96698519 55.137
 165  18.696819   1.234313   316.124   316.119  3 56294.88263600 55.341
 166  18.696168   1.233818   315.996   316.009  4 56304.79828237 54.745
 167  18.694749   1.234457   315.775   315.826  4 56314.71392486 53.272
 168  18.694159   1.234276   315.160   315.218  4 56324.62956595 52.602
 169  18.695518   1.233641   314.389   314.398  4 56334.54520680 31.792
 170  18.697509   1.235598   314.498   314.415  3 56344.46084647 54.177
 171  18.700237   1.237206   314.754   314.754  2 56354.37648399 30.060
 172  18.699576   1.237209   314.149   314.154  3 56364.29212880 51.200
 173  18.696665   1.235401   314.788   314.857  3 56374.20777828 41.028
 175  18.693197   1.233576   314.927   314.940  5 56394.03906820 51.748
 176  18.694753   1.233923   314.877   314.904  4 56403.95470999 53.212
 177  18.697916   1.233842   314.972   314.965  3 56413.87034895 53.244
 178  18.701061   1.237322   315.523   315.523  2 56423.78598227 53.288
 179  18.700363   1.237118   315.466   315.466  2 56433.70162652 46.307
 180  18.696803   1.233850   315.211   315.203  3 56443.61727897 53.866
 181  18.693849   1.234107   314.443   314.488  5 56453.53292839 52.912
 182  18.693647   1.233205   313.795   313.819  4 56463.44857577 35.296
 183  18.694120   1.234494   313.684   313.683  4 56473.36421938 52.950
 184  18.695755   1.234450   313.567   313.531  3 56483.27985999 47.826
 185  18.697078   1.234458   313.663   313.668  3 56493.19549694 43.383
 186  18.698788   1.236094   314.027   314.027  2 56503.11113095 16.026
 187  18.702265   1.238573   313.834   313.834  2 56513.02676315 55.762
 188  18.702309   1.238079   314.019   314.024  3 56522.94241138 55.204
 189  18.700543   1.237761   313.968   313.967  3 56532.85806285 54.078
 191  18.697155   1.235863   314.059   314.043  3 56552.68935519 53.271
 192  18.696660   1.233892   313.562   313.554  3 56562.60499819 28.848
 193  18.696630   1.234976   314.542   314.600  3 56572.52063966 54.643
 194  18.698399   1.236411   314.734   314.755  3 56582.43627944 36.274
 195  18.702056   1.238670   314.886   314.886  2 56592.35191491 52.905
 196  18.700546   1.236895   314.649   314.661  3 56602.26756617 29.207
 197  18.697644   1.236053   315.000   314.987  3 56612.18321589 40.558
 198  18.696649   1.234547   315.236   315.174  4 56622.09886126 49.244
 199  18.696293   1.235455   315.598   315.643  3 56632.01450311 43.810
 200  18.698986   1.235435   315.740   315.740  3 56641.93014099 54.642
 201  18.698493   1.235248   315.069   315.093  3 56651.84578978 30.261
 202  18.696378   1.235426   314.640   314.640  3 56661.76143926 54.866
 203  18.695131   1.233540   314.478   314.471  4 56671.67708646 54.030
 204  18.694058   1.233890   314.533   314.480  5 56681.59273174 25.998
 205  18.695067   1.233985   314.500   314.520  3 56691.50837546 53.180
 206  18.697297   1.235836   314.225   314.224  3 56701.42401529 38.644
 207  18.699973   1.237599   314.074   314.114  3 56711.33965028 16.616
 208  18.698489   1.236349   314.090   314.142  3 56721.25529533 50.854
 209  18.694656   1.233965   313.893   313.887  5 56731.17094754 53.065
 210  18.692806   1.232659   314.369   314.354  5 56741.08659560 53.829
 211  18.693476   1.232670   314.442   314.423  5 56751.00223915 52.769
 212  18.696085   1.235319   314.645   314.533  3 56760.91787711 36.125
 213  18.700402   1.237429   314.679   314.679  2 56770.83350869 31.270
 214  18.697713   1.234801   314.798   314.798  2 56780.74916219 34.972
 215  18.693461   1.233961   315.226   315.168  4 56790.66481668 53.383
 216  18.691784   1.228311   315.119   315.142  3 56800.58046948 53.429
 217  18.691476   1.228656   314.940   314.941  3 56810.49611451 44.155
 218  18.692038   1.232651   314.677   314.731  6 56820.41175417 41.530
 219  18.694540   1.234629   314.774   314.803  4 56830.32739038 51.421
 220  18.697836   1.235887   314.500   314.501  3 56840.24302350 53.610
 221  18.699922   1.237366   314.303   314.243  3 56850.15865801 52.928
 222  18.697512   1.234176   314.137   314.120  3 56860.07431255 51.604
 223  18.695809   1.233987   314.067   314.008  3 56869.98996556 52.668
 224  18.695054   1.234090   314.067   314.136  4 56879.90561594 54.151
 225  18.694359   1.233301   314.091   314.088  4 56889.82126295 54.021
 226  18.692907   1.232313   314.148   314.119  5 56899.73690720 53.933
 227  18.692603   1.228209   314.434   314.445  3 56909.65255022 52.732
 228  18.692598   1.230156   314.624   314.623  3 56919.56819064 51.777
 229  18.694699   1.233751   314.277   314.199  4 56929.48382903 20.724
 230  18.698970   1.235712   314.800   314.800  2 56939.39946355 53.402
 231  18.701441   1.238291   315.115   315.078  3 56949.31509974 32.916
 232  18.698288   1.235754   315.031   315.031  2 56959.23075291 52.569
 233  18.695575   1.234561   315.361   315.365  3 56969.14640051 54.871
 234  18.695706   1.233487   315.779   315.779  4 56979.06204422 54.432
 235  18.697526   1.235209   315.964   315.958  3 56988.97768289 53.956
 236  18.701684   1.237735   316.175   316.187  3 56998.89331526 52.602
 237  18.700277   1.236731   316.013   316.013  2 57008.80896609 55.934
 238  18.697865   1.234015   315.688   315.687  3 57018.72461908 54.665
 239  18.695416   1.233418   315.267   315.264  4 57028.64026881 51.202
 240  18.693889   1.234509   314.869   314.867  4 57038.55591687 53.527
 241  18.694465   1.234950   314.281   314.270  4 57048.47156301 22.959
 242  18.696544   1.235578   313.986   314.009  3 57058.38720543 36.887
 243  18.698659   1.236187   313.994   313.944  3 57068.30284214 51.733
 244  18.700078   1.237002   314.028   314.028  2 57078.21847436 52.663
 245  18.701235   1.237159   313.788   313.737  3 57088.13410879 25.415
 246  18.696905   1.235540   313.920   313.908  3 57098.04976715 20.011
 247  18.695452   1.233512   313.716   313.743  4 57107.96542272 22.922
 248  18.695442   1.234906   313.736   313.731  4 57117.88107252 53.588
 249  18.696171   1.233972   314.781   314.759  4 57127.79671674 52.242
 250  18.696023   1.234822   314.967   314.960  4 57137.71235505 49.276
 251  18.697517   1.234651   315.119   315.064  3 57147.62799006 52.938
 252  18.700194   1.237158   315.119   315.144  3 57157.54362231 51.748
 253  18.700449   1.237786   315.152   315.066  3 57167.45926844 40.319
 254  18.698590   1.235036   314.568   314.590  3 57177.37492545 22.652
 255  18.696159   1.234871   314.644   314.729  3 57187.29057777 40.331
 256  18.694583   1.233881   314.473   314.450  4 57197.20622606 53.333
 257  18.693734   1.233106   314.617   314.579  4 57207.12186043 53.476
 258  18.693937   1.233502   314.561   314.430  4 57217.03750470 52.820
 259  18.695656   1.234149   313.854   313.873  3 57226.95314784 52.783
 260  18.697882   1.234754   313.838   313.833  3 57236.86878892 47.460
 261  18.699320   1.236437   313.014   313.185  3 57246.78442631 26.004
 262  18.700427   1.236794   314.094   314.091  3 57256.70006144 53.479
 263  18.701061   1.238646   314.009   314.010  3 57266.61569530 16.706
 264  18.701176   1.237454   314.144   314.144  2 57276.53134080 16.600
 265  18.699654   1.236108   314.037   314.033  3 57286.44699796 53.788
 266  18.698295   1.235306   313.870   313.870  2 57296.36265222 55.016
 267  18.696697   1.234962   314.090   314.135  3 57306.27830272 42.126
 268  18.694226   1.234297   314.279   314.323  4 57316.19394935 52.544
 269  18.692437   1.233314   314.815   314.817  5 57326.10959257 52.071
 270  18.693293   1.232638   315.400   315.391  5 57336.02523375 53.891
 271  18.693566   1.233708   315.840   315.839  5 57345.94088009 55.029
 272  18.694300   1.232995   316.483   316.483  4 57355.85652737 54.579
 273  18.694465   1.234876   316.893   316.911  4 57365.77217036 52.834
 274  18.695200   1.235008   316.815   316.814  4 57375.68781062 54.177
 275  18.696638   1.234904   316.621   316.647  3 57385.60344950 52.434
 276  18.698662   1.236279   316.179   316.179  3 57395.51908783 44.632
 277  18.701440   1.238483   315.718   315.705  3 57405.43472522 38.499
 278  18.700745   1.238415   315.474   315.490  3 57415.35037458 54.422
 279  18.698515   1.236259   315.191   315.197  3 57425.26602675 29.702
 280  18.695216   1.235015   315.028   315.010  4 57435.18167552 49.535
 281  18.693264   1.233940   314.532   314.563  5 57445.09732229 38.528
 282  18.693555   1.232836   314.830   314.869  5 57455.01296828 52.182
 283  18.695105   1.234169   314.708   314.712  3 57464.92861177 53.236
 284  18.698265   1.235700   314.573   314.575  3 57474.84425155 53.400
 285  18.700255   1.237607   314.800   314.800  2 57484.75988765 41.251
 286  18.701444   1.238116   314.794   314.770  3 57494.67552127 26.681
 287  18.703268   1.239263   315.271   315.171  3 57504.59115330 27.799
 288  18.699916   1.236470   315.462   315.462  2 57514.50680952 51.720
 289  18.698344   1.234779   315.636   315.684  3 57524.42246438 53.909
 290  18.697436   1.233902   316.000   315.954  3 57534.33811680 52.760
 291  18.695846   1.233973   316.041   316.093  3 57544.25376589 53.599
 292  18.694484   1.233926   315.673   315.671  5 57554.16941234 49.392
 293  18.694109   1.233966   314.301   314.256  4 57564.08505701 27.026
 294  18.694952   1.233362   314.521   314.523  4 57574.00070118 49.951
 295  18.695793   1.234215   313.780   313.771  4 57583.91634460 53.447
 296  18.696949   1.234701   313.967   313.960  4 57593.83198615 53.892
 297  18.697851   1.234701   314.350   314.358  3 57603.74762563 52.523
