#  339.000  -5.504  10.500 ;Mean Elev.(m), Avg Gradient(m/km), RMS Gradient(m/km) - SRTM1     
#  333.368  -4.216  10.585 ;Mean Elev.(m), Avg Gradient(m/km), RMS Gradient(m/km) - ASTER GDEM
#  341.399  -6.543  11.215 ;Mean Elev.(m), Avg Gradient(m/km), RMS Gradient(m/km) - GMTED2010 
   2  21.223278   2.104479   337.686   337.686  2 54671.68390082 39.227
   3  21.222159   2.104133   303.409   303.409  2 54681.59954431 13.856
   4  21.223112   2.105818   337.995   337.995  2 54691.51518663 39.511
   5  21.226574   2.106247   308.378   308.378  2 54701.43082726 14.221
   7  21.224391   2.105244   328.820   328.820  2 54721.26212607 23.156
   8  21.220651   2.103047   338.313   338.313  2 54731.17777485 43.880
   9  21.217575   2.101716   338.768   338.768  2 54741.09342169 43.970
  10  21.216685   2.101328   337.835   337.752  3 54751.00906824 42.896
  11  21.217133   2.101529   338.801   338.738  3 54760.92471454 44.674
  12  21.218443   2.101963   338.996   338.940  3 54770.84035844 45.867
  13  21.219578   2.103056   338.759   338.676  3 54780.75599906 50.135
  14  21.220577   2.103852   339.829   339.829  2 54790.67163739 45.631
  15  21.221295   2.105294   340.148   340.148  2 54800.58727480 43.291
  16  21.223215   2.105219   339.087   339.087  2 54810.50291297 43.046
  17  21.225092   2.106168   338.836   338.836  2 54820.41855311 41.032
  18  21.223264   2.106169   338.191   338.191  2 54830.33420585 31.103
  19  21.220563   2.104945   337.944   337.944  2 54840.24984523 41.703
  20  21.217778   2.101636   337.955   337.885  3 54850.16549506 43.850
  21  21.215401   2.100904   338.184   338.184  2 54860.08114371 49.261
  22  21.214512   2.100958   338.319   338.319  2 54869.99679222 48.567
  23  21.215311   2.101219   338.494   338.533  3 54879.91243952 48.618
  24  21.216941   2.101274   337.987   337.987  2 54889.82808370 43.236
  25  21.216627   2.101621   338.655   338.661  3 54899.74372453 45.307
  26  21.215668   2.100456   337.906   337.677  3 54909.65936364 51.134
  27  21.215407   2.100585   337.654   337.654  2 54919.57500151 24.441
  28  21.217195   2.101908   338.056   338.056  2 54929.49063920 48.582
  29  21.220619   2.103790   338.169   338.169  2 54939.40627604 38.282
  30  21.224274   2.105100   338.405   338.405  2 54949.32191137 43.755
  31  21.225739   2.106025   338.783   338.783  2 54959.23754948 43.055
  32  21.223282   2.105891   338.735   338.735  2 54969.15319789 41.244
  33  21.221754   2.105214   339.398   339.398  2 54979.06884503 42.367
  34  21.221160   2.103830   411.894   411.894  2 54988.98449209 19.687
  35  21.220226   2.105041   338.627   338.627  2 54998.90013859 41.067
  36  21.220248   2.103999   337.743   337.743  2 55008.81578381 16.712
  37  21.220253   2.103574   338.002   338.002  2 55018.73142714 43.931
  38  21.220012   2.102777   337.701   337.621  3 55028.64706938 44.728
  39  21.219744   2.102923   337.503   337.503  2 55038.56271108 25.112
  40  21.221366   2.103504   336.823   336.823  2 55048.47835189 23.353
  42  21.225508   2.106652   337.822   337.822  2 55068.30962928 36.773
  43  21.223180   2.104467   338.115   338.115  2 55078.22527974 41.434
  44  21.219828   2.102555   337.994   337.994  2 55088.14092752 42.949
  45  21.217187   2.102081   337.765   337.765  2 55098.05657334 42.975
  46  21.216874   2.102027   338.006   338.006  2 55107.97221863 47.515
  47  21.218292   2.101970   337.914   337.914  2 55117.88786316 49.556
  48  21.219301   2.103224   338.468   338.413  3 55127.80350509 48.864
  49  21.219850   2.103286   338.923   338.923  2 55137.71914515 43.889
  50  21.220214   2.103484   338.836   338.836  2 55147.63478372 49.171
  51  21.221608   2.103460   339.212   339.212  2 55157.55042216 45.093
  52  21.223067   2.105090   339.557   339.557  2 55167.46606036 44.424
  53  21.224943   2.106280   339.340   339.340  2 55177.38169826 43.264
  54  21.225162   2.105231   339.348   339.348  2 55187.29734286 44.030
  55  21.221835   2.104326   339.623   339.623  2 55197.21299418 43.311
  56  21.218864   2.102926   338.974   338.974  2 55207.12864427 49.630
  57  21.217589   2.101659   338.916   338.916  2 55217.04429369 49.527
  58  21.216766   2.101926   338.801   338.801  2 55226.95994197 45.173
  59  21.216864   2.101945   337.944   337.944  2 55236.87558767 32.025
  60  21.217526   2.101547   338.121   338.035  3 55246.79123002 28.600
  61  21.217109   2.101158   338.254   338.254  2 55256.70686982 24.569
  62  21.216291   2.101640   339.105   339.105  2 55266.62250860 45.043
  63  21.216952   2.101552   339.157   339.157  2 55276.53814721 45.171
  64  21.219269   2.103008   339.176   339.180  3 55286.45378475 45.781
  65  21.223133   2.104093   339.387   339.387  2 55296.36942036 44.422
  66  21.223799   2.105654   339.408   339.408  2 55306.28506086 41.734
  67  21.221956   2.103503   338.995   338.995  2 55316.20070826 45.441
  68  21.220092   2.103161   338.629   338.629  2 55326.11635360 44.107
  69  21.219732   2.103392   339.299   338.966  3 55336.03199754 47.049
  70  21.220641   2.102760   339.015   339.015  2 55345.94764116 47.124
  71  21.220434   2.105277   338.504   338.504  2 55355.86328280 40.526
  72  21.221030   2.104453   339.082   339.082  2 55365.77892319 41.356
  73  21.222004   2.103268   338.215   338.215  2 55375.69456227 51.800
  74  21.222981   2.104752   337.819   337.819  2 55385.61020002 45.132
  75  21.224745   2.105939   338.712   338.712  2 55395.52583722 40.565
  76  21.226794   2.106618   338.359   338.359  2 55405.44147757 42.067
  79  21.220381   2.102757   337.738   337.738  2 55435.18842344 45.004
  80  21.218715   2.102100   337.793   337.551  3 55445.10406742 46.616
  81  21.218332   2.102030   338.209   337.800  3 55455.01971023 47.439
  82  21.219617   2.102515   337.768   337.768  2 55464.93535224 37.684
  83  21.221285   2.105705   338.969   338.969  2 55474.85099092 39.322
  87  21.223885   2.106101   338.563   338.563  2 55514.51354530 42.650
  88  21.222946   2.106013   339.016   339.016  2 55524.42919537 42.457
  89  21.221987   2.105145   339.064   339.064  2 55534.34484382 43.545
  90  21.220233   2.104639   338.333   338.333  2 55544.26049019 41.239
  91  21.218908   2.102688   338.654   338.654  2 55554.17613485 48.901
  92  21.218047   2.102494   338.230   338.295  3 55564.09177791 49.247
  93  21.219283   2.103387   338.271   338.292  3 55574.00742013 48.159
  94  21.221436   2.104176   338.258   338.258  2 55583.92306083 43.317
  95  21.223399   2.105113   338.304   338.304  2 55593.83869808 46.832
  98  21.226754   2.106593   337.344   337.344  2 55623.58560156 16.575
  99  21.224151   2.105519   338.109   338.109  2 55633.50125476 42.205
 100  21.222921   2.105315   337.504   337.504  2 55643.41690571 40.610
 101  21.222548   2.104456   337.613   337.613  2 55653.33255401 42.135
 102  21.221716   2.104304   338.187   338.187  2 55663.24819769 40.688
 103  21.220582   2.103970   337.840   337.686  3 55673.16383813 47.210
 104  21.220369   2.104131   337.337   337.337  2 55683.07947670 46.790
 105  21.222607   2.104842   337.936   337.936  2 55692.99511372 41.641
 106  21.225960   2.106757   338.159   338.159  2 55702.91074894 40.804
 107  21.227062   2.106413   338.129   338.129  2 55712.82639242 42.485
 109  21.222006   2.103434   337.602   337.602  2 55732.65768844 49.037
 110  21.220309   2.103707   337.367   337.367  2 55742.57333421 43.602
 111  21.220561   2.103211   337.586   337.586  2 55752.48897922 24.719
 112  21.222221   2.103610   337.210   337.210  2 55762.40462197 25.074
 113  21.223450   2.104627   337.322   337.322  2 55772.32026176 42.330
 114  21.223713   2.105511   337.542   337.542  2 55782.23589798 39.738
 116  21.226758   2.107188   337.703   337.703  2 55802.06716459 39.141
 117  21.225615   2.106262   338.619   338.619  2 55811.98281427 41.375
 118  21.225576   2.106133   338.528   338.528  2 55821.89846222 41.333
 119  21.226563   2.105697   338.637   338.637  2 55831.81410553 45.381
 120  21.226879   2.106575   338.913   338.913  2 55841.72974406 42.687
 121  21.227042   2.106567   339.442   339.442  2 55851.64537998 43.964
 123  21.224725   2.106323   338.976   338.976  2 55871.47666807 42.265
 124  21.224475   2.105565   339.315   339.315  2 55881.39231883 44.198
 128  21.222918   2.104232   339.533   339.533  2 55921.05488922 45.616
 129  21.220576   2.104980   339.593   339.593  2 55930.97054079 42.470
 130  21.220931   2.104242   338.875   338.875  2 55940.88618890 44.182
 131  21.221019   2.104430   338.411   338.411  2 55950.80183221 42.518
 132  21.220515   2.104765   338.400   338.400  2 55960.71747159 41.918
 133  21.220726   2.103749   338.081   338.081  2 55970.63310935 42.522
 134  21.221975   2.105386   337.500   337.500  2 55980.54874577 21.501
 135  21.225649   2.105917   338.265   338.265  2 55990.46438173 42.462
 136  21.226036   2.106888   337.837   337.837  2 56000.38002669 40.058
 137  21.224153   2.105101   337.568   337.568  2 56010.29567802 40.918
 138  21.221888   2.104181   338.104   338.104  2 56020.21132500 42.481
 139  21.219880   2.103211   337.926   337.926  2 56030.12696870 41.643
 140  21.219328   2.103099   337.681   337.591  3 56040.04261011 48.297
 141  21.220889   2.103829   338.323   338.323  2 56049.95824926 42.582
 142  21.223685   2.106032   338.306   338.306  2 56059.87388545 40.661
 144  21.224362   2.106608   338.443   338.443  2 56079.70517108 39.888
 145  21.221931   2.104192   337.873   337.873  2 56089.62081941 42.912
 146  21.220686   2.103479   337.922   337.922  2 56099.53646519 42.907
 147  21.220864   2.104002   337.598   337.598  2 56109.45209704 43.667
 148  21.222938   2.103865   337.584   337.584  2 56119.36773781 44.644
 151  21.223872   2.104551   384.691   384.691  2 56149.11465698 21.654
 152  21.222235   2.103810   338.023   338.023  2 56159.03030561 49.240
 153  21.221705   2.105295   338.401   338.401  2 56168.94595253 40.981
 154  21.222727   2.105001   337.810   337.810  2 56178.86159671 35.897
 155  21.223775   2.104716   338.499   338.499  2 56188.77723659 37.298
 156  21.223847   2.106324   338.947   338.947  2 56198.69287286 42.749
 157  21.225623   2.105747   338.183   338.183  2 56208.60850728 25.659
 161  21.223720   2.104747   339.498   339.498  2 56248.27109149 45.976
 162  21.222584   2.104123   339.654   339.654  2 56258.18673716 45.047
 163  21.221638   2.105379   339.375   339.375  2 56268.10237908 44.355
 164  21.222029   2.105231   339.773   339.773  2 56278.01801952 43.265
 165  21.220855   2.104922   339.717   339.717  2 56287.93366809 44.189
 166  21.220096   2.104507   339.603   339.603  2 56297.84931696 44.266
 167  21.220014   2.102740   338.924   338.924  2 56307.76496223 45.295
 168  21.219160   2.103254   338.657   338.687  3 56317.68060451 45.799
 169  21.219172   2.102545   337.949   337.949  2 56327.59624603 29.179
 170  21.220315   2.103817   338.778   338.778  2 56337.51188645 43.860
 171  21.222759   2.105841   338.764   338.764  2 56347.42752519 42.094
 173  21.223358   2.104287   338.684   338.684  2 56367.25881116 43.893
 176  21.218623   2.102448   338.596   338.596  2 56397.00574865 40.071
 177  21.220247   2.103883   339.462   339.462  2 56406.92138929 43.145
 178  21.222938   2.104735   339.346   339.346  2 56416.83702639 45.176
 179  21.226067   2.106959   339.528   339.528  2 56426.75265856 43.152
 180  21.223370   2.104893   339.434   339.434  2 56436.66830958 44.424
 181  21.220023   2.103775   337.786   337.664  3 56446.58396105 28.066
 182  21.219048   2.101935   337.949   337.949  2 56456.49961075 45.196
 183  21.218314   2.102846   337.781   337.696  3 56466.41525692 43.844
 184  21.219042   2.102825   337.629   337.781  3 56476.33089944 42.793
 185  21.220076   2.104049   338.020   338.020  2 56486.24653813 42.050
 186  21.221416   2.105129   337.825   337.825  2 56496.16217386 42.029
 189  21.226844   2.105917   338.117   338.117  2 56525.90909529 42.591
 190  21.225302   2.105405   337.981   337.981  2 56535.82474523 37.438
 192  21.220839   2.103858   338.435   338.435  2 56555.65603514 41.151
 193  21.220536   2.103457   338.112   337.908  3 56565.57167796 42.069
 194  21.221554   2.105067   338.419   338.419  2 56575.48731938 41.019
 195  21.224566   2.105950   338.325   338.325  2 56585.40295825 39.458
 197  21.223710   2.105613   339.224   339.224  2 56605.23424876 42.032
 198  21.220829   2.105155   339.131   339.131  2 56615.14989672 42.125
 199  21.220883   2.103528   339.185   339.185  2 56625.06554126 45.340
 200  21.221728   2.104388   339.573   339.573  2 56634.98118239 45.276
 201  21.224649   2.105126   339.127   339.127  2 56644.89682010 45.070
 202  21.221767   2.105630   339.011   339.011  2 56654.81247229 41.355
 203  21.220032   2.104205   338.880   338.880  2 56664.72812078 42.757
 204  21.219108   2.102345   338.736   338.736  2 56674.64376705 45.137
 205  21.218605   2.102742   338.127   338.212  3 56684.55941205 44.948
 206  21.219867   2.103530   338.125   338.125  2 56694.47505525 33.762
 207  21.223043   2.104553   338.154   338.154  2 56704.39069422 44.256
 209  21.222243   2.103927   409.864   409.864  2 56724.22197880 26.302
 210  21.217862   2.102577   338.058   338.058  2 56734.13762919 37.919
 211  21.216402   2.101740   338.323   338.317  3 56744.05327604 44.760
 212  21.218363   2.102558   338.596   338.189  3 56753.96891835 50.054
 213  21.222068   2.105847   339.243   339.243  2 56763.88455472 41.531
 215  21.220713   2.104235   339.464   339.464  2 56783.71584607 43.404
 216  21.216766   2.101025   338.932   338.932  2 56793.63149983 46.422
 217  21.213901   2.100666   338.938   338.938  2 56803.54715023 46.407
 218  21.215357   2.101129   338.487   338.577  3 56813.46279337 46.925
 219  21.217675   2.102340   338.577   338.438  3 56823.37843300 44.245
 220  21.220186   2.104081   411.365   411.365  2 56833.29406836 17.956
 222  21.223628   2.104818   337.977   337.977  2 56853.12534167 42.474
 223  21.220894   2.104091   338.180   338.209  3 56863.04099516 42.054
 224  21.219738   2.102971   338.189   338.437  3 56872.95664817 43.844
 225  21.219338   2.102270   338.065   338.065  2 56882.87229799 42.279
 226  21.218882   2.101787   337.915   337.848  3 56892.78794430 45.333
 227  21.217176   2.101879   338.150   338.075  3 56902.70358731 44.019
 228  21.215671   2.101242   338.227   338.227  2 56912.61922883 45.147
 229  21.216324   2.102048   338.346   338.453  3 56922.53486893 44.979
 230  21.219754   2.103545   338.635   338.717  3 56932.45050704 43.935
 232  21.225868   2.105786   339.116   339.116  2 56952.28178411 42.953
 233  21.221927   2.105533   339.351   339.351  2 56962.19743507 43.411
 234  21.219722   2.103094   339.598   339.598  2 56972.11308146 45.738
 235  21.219778   2.103339   339.554   339.554  2 56982.02872318 45.272
 236  21.223059   2.103915   339.509   339.509  2 56991.94436043 46.313
 238  21.223911   2.105710   339.308   339.308  2 57011.77565004 42.714
 239  21.220994   2.104501   339.152   339.152  2 57021.69130153 44.863
 240  21.219474   2.102288   338.793   338.692  3 57031.60695087 46.233
 241  21.218785   2.102629   338.096   337.961  3 57041.52259804 45.726
 242  21.219559   2.103166   337.207   337.207  2 57051.43824331 27.438
 243  21.221779   2.103521   337.902   337.902  2 57061.35388454 43.601
 244  21.223878   2.104828   337.706   337.706  2 57071.26952002 43.272
 245  21.225780   2.105968   338.398   338.398  2 57081.18515115 41.459
 247  21.220417   2.103939   337.965   337.965  2 57101.01645121 42.216
 248  21.219414   2.102444   337.346   337.441  3 57110.93210542 50.209
 249  21.220207   2.103087   338.499   338.550  3 57120.84775358 43.225
 250  21.220560   2.104048   338.928   338.928  2 57130.76339592 42.775
 251  21.221092   2.104688   339.223   339.223  2 57140.67903319 42.471
 252  21.222453   2.105162   339.211   339.211  2 57150.59466747 43.001
 254  21.224229   2.105237   338.389   338.389  2 57170.42595291 43.489
 255  21.222387   2.103750   338.631   338.631  2 57180.34160855 45.006
 256  21.220274   2.103359   338.342   338.342  2 57190.25725993 44.837
 257  21.218621   2.103006   338.504   338.392  3 57200.17290766 44.087
 258  21.218148   2.102634   338.461   338.488  3 57210.08854150 44.999
 259  21.219092   2.102763   337.839   337.803  3 57220.00418505 45.229
 260  21.220367   2.104233   337.467   337.467  2 57229.91982715 42.413
 261  21.221773   2.105633   337.729   337.729  2 57239.83546699 41.116
 262  21.223754   2.105785   337.479   337.479  2 57249.75110429 31.401
 263  21.225485   2.106304   337.946   337.946  2 57259.66673937 40.841
 266  21.223155   2.105380   337.595   337.595  2 57289.41368146 41.584
 267  21.221472   2.104824   337.336   337.336  2 57299.32933459 21.783
 268  21.220236   2.104291   338.342   338.342  2 57309.24498412 40.694
 269  21.218717   2.102631   338.232   338.232  2 57319.16063023 35.759
 270  21.217346   2.102254   339.294   339.294  2 57329.07627278 43.545
 271  21.218394   2.101920   339.607   339.631  3 57338.99191323 47.499
 272  21.217837   2.102435   340.174   340.238  3 57348.90756179 47.673
 273  21.218519   2.102971   340.265   340.265  2 57358.82320738 45.870
 274  21.219431   2.102991   340.194   340.194  2 57368.73884993 46.898
 275  21.220076   2.103395   340.238   340.238  2 57378.65448995 46.018
 276  21.221438   2.105012   339.600   339.600  2 57388.57012859 44.846
 279  21.224771   2.105425   339.445   339.445  2 57418.31705775 43.757
 280  21.221778   2.103565   338.771   338.771  2 57428.23270896 50.554
 281  21.219293   2.102073   338.339   338.339  2 57438.14835735 45.947
 282  21.218301   2.102413   338.421   338.421  2 57448.06400383 44.798
 283  21.218801   2.102812   338.924   338.693  3 57457.97964909 45.227
 284  21.220615   2.103785   338.809   339.176  3 57467.89529142 48.753
 285  21.223078   2.105027   338.788   338.788  2 57477.81092977 40.665
 286  21.224650   2.106298   339.313   339.313  2 57487.72656486 41.885
 289  21.223788   2.105632   339.339   339.339  2 57517.47349386 40.881
 290  21.221809   2.105328   339.764   339.764  2 57527.38914742 42.688
 291  21.221252   2.103187   339.735   339.735  2 57537.30479873 45.854
 292  21.219634   2.103290   338.922   338.922  2 57547.22044671 43.799
 293  21.218447   2.103006   338.255   338.255  2 57557.13609297 43.771
 294  21.218556   2.102995   338.299   338.299  2 57567.05173786 42.946
 295  21.219884   2.102840   337.989   338.022  3 57576.96738203 45.448
 296  21.221166   2.103471   385.691   385.691  2 57586.88302477 24.526
 297  21.221106   2.105620   337.985   337.985  2 57596.79866477 40.834
