#  287.096  -0.268   1.407 ;Mean Elev.(m), Avg Gradient(m/km), RMS Gradient(m/km) - SRTM1     
#  280.148  -0.391   5.008 ;Mean Elev.(m), Avg Gradient(m/km), RMS Gradient(m/km) - ASTER GDEM
#  287.000  -0.326   1.010 ;Mean Elev.(m), Avg Gradient(m/km), RMS Gradient(m/km) - GMTED2010 
  34   290.779 54992.96717694 52.25  16.776966  -1.330199 25.632  260.16  266.86  257.58
  34   290.756 54992.96717753 52.29  16.777858  -1.332700   -100  260.16  266.86  257.58
  34   290.756 54992.96717812 55.28  16.778750  -1.335202   -100  260.16  266.86  257.58
  35   290.863 55002.88282248 51.29  16.776136  -1.328891   -100  257.99  263.36  254.31
  35   290.832 55002.88282307 51.86  16.777028  -1.331393   -100  257.99  263.36  254.31
  35   290.865 55002.88282366 53.20  16.777921  -1.333894   -100  257.99  263.36  254.31
  36   290.220 55012.79846683 53.23  16.775799  -1.330974 25.528  258.83  263.48  256.29
  36   290.588 55012.79846742 53.05  16.776691  -1.333476   -100  258.83  263.48  256.29
  36   290.642 55012.79846801 53.11  16.777584  -1.335977   -100  258.83  263.48  256.29
  37   290.332 55022.71410952 53.25  16.775093  -1.331475   -100  260.36  264.76  257.61
  37   290.300 55022.71411011 52.26  16.775986  -1.333977 27.867  260.36  264.76  257.61
  37   290.341 55022.71411070 54.14  16.776878  -1.336479 16.264  260.36  264.76  257.61
  46   291.113 55111.95490323 51.37  16.773475  -1.333853   -100  255.70  263.34  252.58
  46   291.123 55111.95490382 49.27  16.774368  -1.336355 10.836  255.70  263.34  252.58
  46   291.085 55111.95490441 51.33  16.775260  -1.338856 24.453  255.70  263.34  252.58
  47   291.555 55121.87054680 43.66  16.774950  -1.333770   -100  253.92  262.17  250.65
  47   291.214 55121.87054739 46.23  16.775842  -1.336271  3.608  253.92  262.17  250.65
  47   291.186 55121.87054798 44.94  16.776734  -1.338773   -100  253.92  262.17  250.65
  48   291.541 55131.78618694 53.20  16.775524  -1.331125 17.884  249.91  257.72  245.51
  48   291.822 55131.78618753 51.84  16.776417  -1.333627   -100  249.91  257.72  245.51
  48   291.703 55131.78618812 54.04  16.777309  -1.336129  6.342  249.91  257.72  245.51
  49   291.919 55141.70182589 53.24  16.776167  -1.331657 22.911  244.98  253.73  239.06
  49   292.181 55141.70182648 52.93  16.777059  -1.334158   -100  244.98  253.73  239.06
  49   292.157 55141.70182707 53.98  16.777952  -1.336660  2.636  242.23  251.13  236.59
  58   290.813 55230.94262730 51.40  16.773699  -1.335592 21.991  259.01  265.49  256.32
  58   291.109 55230.94262789 50.04  16.774591  -1.338094   -100  259.01  265.49  256.32
  58   290.765 55230.94262848 52.42  16.775483  -1.340595 32.503  259.01  265.49  256.32
  59   290.591 55240.85827130 53.01  16.773524  -1.332949 22.945  264.07  270.95  261.07
  59   290.848 55240.85827189 52.05  16.774416  -1.335451   -100  264.07  270.95  261.07
  59   290.998 55240.85827248 53.33  16.775308  -1.337952   -100  264.07  270.95  261.07
  60   290.474 55250.77391236 51.53  16.773197  -1.333588  2.112  261.82  268.06  258.91
  60   290.621 55250.77391295 51.31  16.774089  -1.336089   -100  261.82  268.06  258.91
  60   290.557 55250.77391354 52.04  16.774981  -1.338590   -100  261.82  268.06  258.91
  60   290.539 55250.77391413 50.60  16.775874  -1.341091   -100  261.82  268.06  258.91
  61   290.076 55260.68955160 40.30  16.772574  -1.335437   -100  264.49  270.50  261.13
  61   290.059 55260.68955219 41.29  16.773467  -1.337938   -100  264.49  270.50  261.13
  61   290.492 55260.68955278 43.73  16.774359  -1.340440   -100  264.49  270.50  261.13
  70   290.708 55349.93032412 53.39  16.776068  -1.331265 20.486  261.04  267.84  258.33
  70   290.675 55349.93032471 52.47  16.776960  -1.333767 26.524  261.04  267.84  258.33
  70   290.659 55349.93032530 55.43  16.777852  -1.336268 32.563  261.04  267.84  258.33
  71   291.027 55359.84596526 54.26  16.776872  -1.329085  8.027  259.39  265.94  256.83
  71   291.014 55359.84596585 53.30  16.777764  -1.331587 12.399  259.39  265.94  256.83
  71   291.010 55359.84596644 54.50  16.778657  -1.334088 24.291  259.39  265.94  256.83
  72   290.669 55369.76160436 53.26  16.776760  -1.327950 11.535  265.11  270.96  262.38
  72   291.000 55369.76160495 51.33  16.777652  -1.330452   -100  265.11  270.96  262.38
  72   290.893 55369.76160554 54.42  16.778545  -1.332954   -100  261.11  266.60  257.74
  73   290.705 55379.67724252 52.18  16.777048  -1.328469  1.242  265.93  271.73  263.27
  73   290.764 55379.67724311 51.11  16.777940  -1.330970   -100  265.93  271.73  263.27
  73   290.738 55379.67724370 54.11  16.778832  -1.333472  1.186  265.93  271.73  263.27
  82   291.562 55468.91803390 49.51  16.776257  -1.331618   -100  251.70  257.59  248.33
  82   291.499 55468.91803449 52.16  16.777149  -1.334120  0.281  251.70  257.59  248.33
  82   291.506 55468.91803508 53.26  16.778042  -1.336622  4.201  251.70  257.59  248.33
  83   291.452 55478.83367136 52.85  16.777313  -1.327013  6.198  254.47  261.51  250.68
  83   291.630 55478.83367195 52.47  16.778206  -1.329514   -100  254.47  261.51  250.68
  83   291.559 55478.83367254 53.13  16.779098  -1.332016   -100  254.47  261.51  250.68
  83   291.432 55478.83367313 55.21  16.779991  -1.334518  8.409  254.47  261.51  250.68
  93   290.754 55577.99010271 49.55  16.775670  -1.333364 11.759  255.64  260.97  252.84
  93   290.755 55577.99010330 52.49  16.776562  -1.335866 16.515  255.64  260.97  252.84
  94   290.406 55587.90574155 52.38  16.777377  -1.330448  5.229  253.48  258.56  250.48
  94   290.333 55587.90574214 54.42  16.778269  -1.332949 10.727  253.48  258.56  250.48
  94   290.215 55587.90574273 54.51  16.779161  -1.335451 29.781  253.48  258.56  250.48
 133   289.513 55974.61578997 49.77  16.777042  -1.330075  9.794  260.76  266.55  257.81
 133   289.514 55974.61579056 50.78  16.777934  -1.332576 11.092  260.76  266.55  257.81
 133   289.525 55974.61579115 52.64  16.778827  -1.335077  6.928  260.76  266.55  257.81
 145   289.928 56093.60350321 51.92  16.776190  -1.328940 10.510  261.80  267.66  260.43
 145   290.272 56093.60350380 50.46  16.777083  -1.331441   -100  261.80  267.66  260.43
 145   290.325 56093.60350439 52.65  16.777975  -1.333943   -100  261.80  267.66  260.43
 146   290.000 56103.51914906 50.56  16.777041  -1.331261   -100  263.86  268.51  261.42
 146   289.707 56103.51914965 51.87  16.777934  -1.333762 13.515  263.86  268.51  261.42
 147   289.903 56113.43477953 52.87  16.777015  -1.328671   -100  264.26  269.61  261.72
 147   289.939 56113.43478012 51.81  16.777908  -1.331173   -100  264.26  269.61  261.72
 147   289.897 56113.43478071 53.88  16.778800  -1.333674   -100  264.26  269.61  261.72
 164   292.455 56282.00070233 53.62  16.777655  -1.328606   -100  244.90  255.23  240.64
 164   292.122 56282.00070292 53.98  16.778547  -1.331107 24.584  244.90  255.23  240.64
 164   292.108 56282.00070351 56.00  16.779439  -1.333609 32.443  244.90  255.23  240.64
 169   290.714 56331.57892773 48.93  16.775489  -1.332536  7.590  261.30  265.91  257.39
 169   290.664 56331.57892832 49.67  16.776382  -1.335038 22.410  261.30  265.91  257.39
 174   289.716 56381.15714380 25.29  16.774514  -1.332009  9.520  262.39  268.70  260.58
 174   289.805 56381.15714439 25.92  16.775406  -1.334510 11.587  262.39  268.70  260.58
 174   289.758 56381.15714498 23.53  16.776298  -1.337011  5.441  262.39  268.70  260.58
 180   290.744 56440.65099568 28.76  16.776354  -1.328754 12.924  263.80  269.80  261.47
 180   290.646 56440.65099627 28.24  16.777246  -1.331256 10.865  263.80  269.80  261.47
 180   290.419 56440.65099686 27.24  16.778138  -1.333757  9.579  263.80  269.80  261.47
 181   290.782 56450.56664711 52.00  16.775129  -1.333993   -100  265.29  269.76  262.20
 181   290.704 56450.56664770 51.88  16.776021  -1.336495  1.578  265.29  269.76  262.20
 182   290.260 56460.48229529 43.65  16.774546  -1.333136   -100  266.10  271.32  263.47
 182   290.238 56460.48229588 44.90  16.775439  -1.335638   -100  266.10  271.32  263.47
 182   290.025 56460.48229647 46.06  16.776331  -1.338140   -100  266.10  271.32  263.47
 183   289.948 56470.39794046 22.32  16.775140  -1.332987 11.765  268.04  273.14  265.96
 183   289.909 56470.39794105 20.82  16.776033  -1.335488  9.441  268.04  273.14  265.96
 183   290.245 56470.39794164 20.58  16.776925  -1.337990  7.323  263.91  268.99  261.27
 192   290.865 56559.63871777 52.13  16.776273  -1.330301   -100  262.45  268.23  259.95
 192   290.908 56559.63871836 50.05  16.777166  -1.332802   -100  262.45  268.23  259.95
 192   290.782 56559.63871895 53.85  16.778058  -1.335304   -100  262.45  268.23  259.95
 193   290.732 56569.55436020 31.14  16.776311  -1.332057 19.677  262.87  268.89  260.62
 193   290.478 56569.55436079 29.24  16.777204  -1.334559 15.640  262.87  268.89  260.62
 194   291.377 56579.47000069 51.82  16.777222  -1.329205   -100  257.61  263.89  253.02
 194   291.428 56579.47000128 50.14  16.778115  -1.331706   -100  257.61  263.89  253.02
 194   291.352 56579.47000187 52.87  16.779007  -1.334208   -100  257.61  263.89  253.02
 204   290.806 56678.62645137 51.98  16.774772  -1.333133  6.699  263.03  267.85  259.63
 204   290.819 56678.62645196 51.99  16.775665  -1.335634  3.728  263.03  267.85  259.63
 204   290.798 56678.62645255 54.19  16.776557  -1.338135 25.840  263.03  267.85  259.63
 205   290.540 56688.54209543 34.14  16.775113  -1.333058   -100  263.84  269.91  260.52
 205   290.697 56688.54209602 27.05  16.776006  -1.335560 21.656  263.84  269.91  260.52
 205   290.698 56688.54209661 36.12  16.776898  -1.338061  6.947  263.84  269.91  260.52
 206   290.720 56698.45773655 27.63  16.776131  -1.329792 21.907  264.62  268.99  260.98
 206   290.364 56698.45773714 27.76  16.777024  -1.332294 27.235  264.62  268.99  260.98
 206   290.401 56698.45773774 26.26  16.777916  -1.334795 22.496  264.62  268.99  260.98
 211   290.063 56748.03595998 50.00  16.773428  -1.335920   -100  262.14  268.58  259.91
 211   290.101 56748.03596057 50.91  16.774320  -1.338422   -100  258.69  264.91  256.07
 211   289.686 56748.03596116 54.32  16.775212  -1.340923 28.526  258.69  264.91  256.07
 212   289.769 56757.95159937 52.37  16.774858  -1.331969 32.503  261.49  267.78  258.95
 212   289.815 56757.95159996 51.22  16.775750  -1.334470  9.300  261.49  267.78  258.95
 212   289.762 56757.95160055 52.36  16.776642  -1.336971 27.003  261.49  267.78  258.95
 215   290.461 56787.69853409 52.31  16.775273  -1.331486 16.600  261.86  268.65  259.60
 215   290.830 56787.69853468 50.19  16.776165  -1.333988   -100  261.86  268.65  259.60
 215   290.740 56787.69853528 51.02  16.777057  -1.336489   -100  261.86  268.65  259.60
 216   291.123 56797.61418733 52.06  16.772427  -1.336638  1.186  261.58  268.05  258.59
 216   291.263 56797.61418792 52.28  16.773319  -1.339140   -100  261.58  268.05  258.59
 216   291.156 56797.61418851 53.05  16.774211  -1.341641   -100  261.58  268.05  258.59
 223   290.161 56867.02368238 53.38  16.776127  -1.331017 23.551  261.64  268.25  259.42
 223   290.154 56867.02368297 52.35  16.777020  -1.333519 19.345  261.64  268.25  259.42
 223   290.256 56867.02368356 55.21  16.777912  -1.336021 11.833  261.64  268.25  259.42
 224   290.581 56876.93933402 52.12  16.775516  -1.332870  0.937  259.08  264.43  256.29
 224   290.714 56876.93933461 51.92  16.776408  -1.335372   -100  259.08  264.43  256.29
 227   290.977 56906.68627054 53.44  16.772907  -1.334561   -100  258.08  264.41  255.12
 227   290.994 56906.68627113 52.41  16.773799  -1.337063 24.757  256.33  262.84  253.21
 227   290.994 56906.68627172 53.39  16.774692  -1.339565 23.800  256.33  262.84  253.21
 228   291.206 56916.60191162 43.02  16.772644  -1.335284   -100  257.29  263.51  253.60
 228   291.255 56916.60191221 40.04  16.773536  -1.337786   -100  257.29  263.51  253.60
 228   291.162 56916.60191280 37.50  16.774429  -1.340288 29.078  257.29  263.51  253.60
 235   292.709 56986.01140492 52.31  16.776555  -1.331493  9.021  238.57  249.74  231.69
 235   292.591 56986.01140551 53.48  16.777448  -1.333995 31.947  238.57  249.74  231.69
 239   292.482 57025.67398723 44.93  16.776053  -1.331033   -100  245.53  253.91  239.79
 239   292.504 57025.67398782 46.17  16.776946  -1.333535   -100  245.53  253.91  239.79
 239   292.572 57025.67398841 47.35  16.777838  -1.336036   -100  245.53  253.91  239.79
 243   289.769 57065.33656404 53.54  16.777156  -1.328138   -100  265.04  270.17  261.93
 243   289.755 57065.33656463 52.53  16.778048  -1.330640 25.321  265.04  270.17  261.93
 243   289.733 57065.33656522 54.50  16.778941  -1.333141 32.684  265.04  270.17  261.93
 247   289.558 57104.99913967 52.54  16.775839  -1.331382 23.402  261.65  267.76  259.55
 247   289.527 57104.99914026 52.56  16.776731  -1.333884 26.789  261.65  267.76  259.55
 247   289.499 57104.99914085 56.52  16.777623  -1.336385   -100  261.65  267.76  259.55
 251   289.319 57144.66171278 26.81  16.777191  -1.330031 12.488  261.05  267.62  261.30
 251   289.568 57144.66171337 26.25  16.778084  -1.332532  9.900  261.05  267.62  261.30
 251   289.568 57144.66171396 26.45  16.778976  -1.335034 12.149  261.05  267.62  261.30
 255   290.207 57184.32429505 24.17  16.776690  -1.330475 11.574  261.43  267.69  258.53
 255   289.962 57184.32429564 25.36  16.777582  -1.332977 13.591  261.43  267.69  258.53
 255   290.046 57184.32429623 24.82  16.778475  -1.335478 11.930  261.43  267.69  258.53
 259   290.418 57223.98686835 51.31  16.775483  -1.331633   -100  265.19  271.69  264.86
 259   290.379 57223.98686894 50.64  16.776376  -1.334135   -100  265.19  271.69  264.86
 259   290.235 57223.98686953 53.14  16.777268  -1.336637  1.709  265.19  271.69  264.86
 267   290.961 57303.31202055 35.56  16.776529  -1.329655 25.118  260.11  265.74  260.31
 267   290.447 57303.31202114 37.98  16.777422  -1.332157   -100  260.11  265.74  260.31
 267   290.449 57303.31202173 31.70  16.778314  -1.334659 24.000  260.11  265.74  260.31
 270   291.441 57333.05895505 53.15  16.773742  -1.333919 31.371  252.64  261.35  250.76
 270   291.430 57333.05895564 54.63  16.774634  -1.336421   -100  252.64  261.35  250.76
 270   291.406 57333.05895623 54.15  16.775527  -1.338922   -100  252.64  261.35  250.76
 271   292.059 57342.97459467 52.49  16.775448  -1.332026  7.858  248.52  259.00  245.21
 271   291.936 57342.97459526 53.57  16.776341  -1.334527 16.347  248.52  259.00  245.21
 271   291.907 57342.97459585 55.59  16.777233  -1.337029 21.138  248.52  259.00  245.21
 275   292.852 57382.63717053 55.33  16.775990  -1.330282   -100  238.82  250.22  232.81
 275   292.987 57382.63717112 53.45  16.776883  -1.332784  7.092  238.82  250.22  232.81
 275   292.873 57382.63717171 54.54  16.777775  -1.335285 18.146  238.82  250.22  232.81
 282   289.975 57452.04668825 51.49  16.774051  -1.334098  1.832  263.14  269.97  259.91
 282   289.830 57452.04668884 53.76  16.774943  -1.336599   -100  263.14  269.97  259.91
 282   289.781 57452.04668943 55.74  16.775835  -1.339100   -100  263.14  269.97  259.91
 283   289.943 57461.96233271 50.70  16.775313  -1.332910 14.826  262.68  268.67  257.95
 283   289.904 57461.96233330 50.73  16.776205  -1.335412 17.194  262.68  268.67  257.95
 293   291.390 57561.11877652 51.47  16.774332  -1.332432  3.489  258.49  265.22  255.68
 293   291.371 57561.11877711 51.48  16.775224  -1.334934  5.417  258.49  265.22  255.68
 293   291.365 57561.11877770 53.55  16.776117  -1.337435 12.475  258.49  265.22  255.68
 294   290.713 57571.03442128 51.73  16.774991  -1.333927 15.191  255.64  260.71  252.53
 294   290.697 57571.03442187 52.77  16.775883  -1.336429 22.570  255.64  260.71  252.53
 295   290.751 57580.95006485 50.46  16.775345  -1.330996   -100  261.48  267.13  259.32
 295   290.831 57580.95006544 50.79  16.776238  -1.333497   -100  261.48  267.13  259.32
 295   290.702 57580.95006603 48.22  16.777130  -1.335999   -100  261.48  267.13  259.32
 296   290.415 57590.86570677 47.86  16.776442  -1.328418   -100  262.89  268.53  260.29
 296   290.479 57590.86570736 50.74  16.777334  -1.330920   -100  262.89  268.53  260.29
 296   290.417 57590.86570795 50.59  16.778226  -1.333421   -100  262.89  268.53  260.29
 297   290.538 57600.78134672 50.82  16.777665  -1.329206   -100  262.41  267.08  259.90
 297   290.447 57600.78134731 51.84  16.778557  -1.331708   -100  262.41  267.08  259.90
 297   290.448 57600.78134790 52.92  16.779450  -1.334209   -100  262.41  267.08  259.90
