#  340.024  -0.913   2.795 ;Mean Elev.(m), Avg Gradient(m/km), RMS Gradient(m/km) - SRTM1     
#  333.499  -1.824   5.353 ;Mean Elev.(m), Avg Gradient(m/km), RMS Gradient(m/km) - ASTER GDEM
#  340.437  -0.186   2.938 ;Mean Elev.(m), Avg Gradient(m/km), RMS Gradient(m/km) - GMTED2010 
   1  21.294222   2.068400   337.834   337.789  3 54665.24362542 48.733
   2  21.292745   2.068454   337.803   337.774  4 54675.15926974 51.990
   3  21.292143   2.068155   338.011   337.952  3 54685.07491247 52.571
   4  21.294211   2.068697   338.096   338.097  3 54694.99055408 52.181
   5  21.297992   2.069614   338.433   338.423  3 54704.90619342 46.000
   6  21.296652   2.069436   338.478   338.479  3 54714.82184454 54.465
   7  21.293944   2.068489   337.666   337.593  3 54724.73749431 23.584
   8  21.289328   2.066933   338.288   338.186  3 54734.65314202 53.788
   9  21.285646   2.066804   338.406   338.439  4 54744.56878923 50.683
  10  21.283969   2.066162   338.338   338.330  4 54754.48443619 35.269
  11  21.284226   2.064528   338.841   338.836  4 54764.40008221 51.495
  12  21.286528   2.066316   339.173   339.121  4 54774.31572631 53.634
  13  21.287971   2.067377   339.423   339.418  4 54784.23136741 52.474
  14  21.288564   2.066410   340.186   340.182  4 54794.14700587 54.092
  15  21.290897   2.067208   339.796   339.817  3 54804.06264369 53.454
  16  21.294083   2.068065   339.302   339.301  3 54813.97828113 53.620
  17  21.294340   2.068029   339.074   339.072  3 54823.89392546 53.503
  18  21.291355   2.067478   338.565   338.525  3 54833.80956501 53.594
  19  21.287864   2.067512   338.345   338.356  4 54843.72521478 53.267
  20  21.283983   2.064548   338.209   338.167  4 54853.64086314 53.740
  21  21.282543   2.065305   338.751   338.700  5 54863.55651239 53.731
  22  21.282014   2.065797   338.662   338.674  5 54873.47216152 50.614
  23  21.282469   2.065748   338.687   338.718  5 54883.38780823 53.448
  24  21.282645   2.064749   338.655   338.588  5 54893.30345117 52.527
  25  21.282492   2.065146   338.370   338.327  5 54903.21909141 53.935
  26  21.282456   2.065390   338.275   338.294  5 54913.13472998 53.348
  27  21.283198   2.065509   338.227   338.223  4 54923.05036758 55.758
  28  21.286561   2.067252   338.449   338.427  4 54932.96600492 54.174
  29  21.291369   2.067776   338.863   338.906  3 54942.88164033 53.864
  30  21.296722   2.069463   339.035   339.043  3 54952.79727421 54.731
  31  21.296067   2.068663   339.070   339.076  3 54962.71291710 54.478
  32  21.293273   2.068555   339.295   339.274  4 54972.62856535 53.969
  33  21.291591   2.068301   339.068   339.069  4 54982.54421295 46.444
  34  21.291092   2.067902   396.951   396.918  4 54992.45986034 26.219
  35  21.290116   2.067291   338.191   338.210  3 55002.37550687 25.690
  36  21.288783   2.066994   338.107   338.138  3 55012.29115137 53.686
  37  21.287615   2.066082   338.225   338.221  4 55022.20679420 51.613
  38  21.287505   2.066387   337.689   337.686  4 55032.12243627 54.548
  39  21.288761   2.067051   337.698   337.675  4 55042.03807773 54.645
  40  21.292409   2.068292   337.504   337.522  3 55051.95371797 34.824
  41  21.295696   2.068792   337.861   337.902  4 55061.86935591 49.579
  42  21.295133   2.068332   338.029   338.011  3 55071.78499861 54.557
  43  21.291369   2.067315   337.735   337.860  3 55081.70064669 31.929
  44  21.288145   2.067620   337.941   337.938  4 55091.61629380 53.634
  45  21.285112   2.064881   338.179   338.134  4 55101.53193999 51.413
  46  21.284938   2.065626   338.329   338.275  4 55111.44758678 44.814
  47  21.286655   2.067184   338.473   338.462  4 55121.36323181 39.951
  48  21.287571   2.066198   339.043   339.036  4 55131.27887335 52.472
  49  21.288204   2.067185   338.905   338.885  4 55141.19451307 54.533
  50  21.288219   2.066879   339.321   339.335  3 55151.11015144 54.657
  51  21.290157   2.067378   339.532   339.527  3 55161.02579005 53.716
  52  21.293426   2.068141   339.858   339.877  4 55170.94142843 54.730
  53  21.296992   2.069400   339.539   339.581  3 55180.85706549 53.477
  54  21.293821   2.067962   339.658   339.657  3 55190.77271350 52.658
  55  21.289168   2.067352   339.395   339.381  4 55200.68836343 54.147
  56  21.285671   2.066265   339.438   339.449  4 55210.60401294 53.483
  57  21.284612   2.065690   339.163   339.180  4 55220.51966239 53.388
  58  21.284142   2.064901   338.854   338.850  4 55230.43531084 42.486
  59  21.284473   2.064703   338.682   338.670  4 55240.35095615 51.762
  60  21.284460   2.066474   338.782   338.833  4 55250.26659805 53.779
  61  21.283048   2.065741   338.837   338.820  4 55260.18223671 53.632
  62  21.283437   2.065811   339.360   339.360  5 55270.09787455 53.486
  63  21.285569   2.065854   339.166   339.140  4 55280.01351232 53.619
  64  21.289769   2.067354   339.625   339.618  4 55289.92914932 54.257
  65  21.294554   2.068239   339.925   339.815  3 55299.84478392 45.806
  66  21.294127   2.068220   339.573   339.591  4 55309.76042851 53.993
  67  21.291869   2.068302   339.097   339.070  4 55319.67607391 32.572
  68  21.289032   2.066502   339.237   339.232  4 55329.59171811 36.260
  69  21.288217   2.066112   339.358   339.382  4 55339.50736259 41.170
  70  21.289374   2.066466   339.124   339.134  4 55349.42300708 53.259
  71  21.291213   2.068075   338.728   338.722  4 55359.33864984 53.747
  72  21.291059   2.067489   338.664   338.633  4 55369.25428961 53.518
  73  21.291325   2.068150   338.462   338.471  4 55379.16992800 53.467
  74  21.292194   2.067510   338.285   338.289  4 55389.08556526 53.825
  75  21.295776   2.069081   338.224   338.230  4 55399.00120219 51.586
  76  21.297057   2.068455   338.577   338.594  4 55408.91684766 54.319
  77  21.295744   2.069270   338.217   338.267  4 55418.83249799 49.448
  78  21.292220   2.067697   338.264   338.301  4 55428.74814441 54.600
  79  21.288502   2.066362   337.726   337.707  4 55438.66378855 45.562
  80  21.286962   2.067112   338.075   338.096  4 55448.57943226 25.016
  81  21.286706   2.065412   338.716   338.748  4 55458.49507537 52.805
  82  21.289094   2.067372   338.391   338.390  4 55468.41071875 53.285
  83  21.291612   2.067785   338.182   338.186  3 55478.32635855 50.042
  84  21.293765   2.068123   338.269   338.251  3 55488.24199514 53.083
  85  21.295211   2.068204   338.895   338.886  4 55498.15762910 54.978
  86  21.295320   2.068883   339.341   339.395  3 55508.07326743 54.239
  87  21.292271   2.067622   338.976   338.986  4 55517.98891697 54.099
  88  21.291712   2.068210   339.144   339.189  4 55527.90456621 54.197
  89  21.291082   2.068068   338.715   338.716  4 55537.82021345 54.365
  90  21.289514   2.067100   338.764   338.740  4 55547.73585840 54.627
  91  21.286853   2.065557   338.632   338.616  4 55557.65150158 53.869
  92  21.286344   2.067007   338.860   338.845  4 55567.56714488 53.197
  93  21.287139   2.065587   338.508   338.491  4 55577.48278700 48.940
  94  21.290463   2.067803   338.452   338.512  3 55587.39842799 55.660
  95  21.293545   2.068013   338.419   338.401  4 55597.31406532 50.867
  96  21.295177   2.067979   338.247   338.250  4 55607.22969939 52.635
  97  21.296979   2.069446   337.829   337.777  3 55617.14533139 36.173
  98  21.295136   2.068503   337.881   337.855  4 55627.06097494 54.353
  99  21.293266   2.068290   337.951   337.927  4 55636.97662584 52.977
 100  21.292573   2.067648   337.913   337.952  4 55646.89227471 53.835
 101  21.291932   2.067213   338.094   338.102  4 55656.80792088 53.204
 102  21.291435   2.067613   338.118   338.109  4 55666.72356308 53.430
 103  21.290962   2.067985   338.087   338.081  4 55676.63920265 53.784
 104  21.291491   2.068078   338.202   338.208  4 55686.55484064 52.720
 105  21.293799   2.068765   337.916   337.896  4 55696.47047771 32.057
 106  21.297767   2.069597   337.910   337.915  4 55706.38611369 54.187
 107  21.296248   2.069006   338.039   338.035  4 55716.30176328 53.692
 108  21.293160   2.067900   337.666   337.715  3 55726.21741132 53.090
 109  21.290620   2.067608   337.731   337.777  4 55736.13305757 53.508
 111  21.289606   2.067659   337.605   337.590  4 55755.96434586 34.012
 112  21.292013   2.068263   337.518   337.555  4 55765.87998702 55.242
 113  21.294339   2.068477   337.549   337.595  4 55775.79562534 52.722
 114  21.295856   2.069253   337.824   337.853  4 55785.71126102 54.079
 115  21.296775   2.068707   338.122   338.148  4 55795.62689471 28.586
 116  21.297343   2.069607   337.667   337.677  3 55805.54253502 20.337
 117  21.295846   2.068805   338.255   338.232  3 55815.45818445 33.353
 118  21.296088   2.069163   338.109   338.054  3 55825.37383161 26.422
 119  21.296296   2.068738   339.039   339.043  4 55835.28947401 53.530
 120  21.296664   2.069241   339.277   339.301  4 55845.20511286 53.487
 121  21.297878   2.070130   339.258   339.240  4 55855.12074881 55.024
 122  21.297530   2.069236   339.270   339.295  4 55865.03638850 54.072
 123  21.294372   2.069055   339.270   339.251  4 55874.95204105 54.194
 124  21.293612   2.068255   339.642   339.679  3 55884.86768805 54.818
 125  21.294311   2.068193   339.950   339.957  4 55894.78332955 54.563
 126  21.297020   2.069937   339.996   339.997  4 55904.69896648 54.345
 127  21.296566   2.069532   339.674   339.645  4 55914.61460746 54.334
 128  21.291735   2.068427   339.560   339.564  4 55924.53026124 35.274
 129  21.289142   2.067202   339.399   339.404  4 55934.44591209 47.873
 130  21.288628   2.067013   338.901   338.906  3 55944.36155864 50.577
 131  21.289096   2.067383   338.585   338.578  3 55954.27720088 53.658
 132  21.289385   2.067351   338.098   338.082  3 55964.19283986 53.497
 133  21.289834   2.067229   338.162   338.120  3 55974.10847692 24.435
 134  21.292434   2.067621   338.168   338.194  3 55984.02411297 55.505
 135  21.298074   2.070092   338.159   338.196  4 55993.93974745 53.641
 136  21.296716   2.069810   337.969   337.995  4 56003.85539751 53.588
 137  21.293760   2.068465   337.890   337.879  4 56013.77104551 54.272
 138  21.290425   2.067149   337.896   337.899  3 56023.68669046 45.196
 139  21.288488   2.066550   337.923   337.901  4 56033.60233355 41.156
 140  21.289262   2.066439   338.108   338.126  4 56043.51797500 37.126
 141  21.291808   2.067268   338.054   338.036  4 56053.43361408 52.706
 142  21.295594   2.068556   337.985   337.976  3 56063.34925002 35.104
 143  21.296241   2.068912   338.352   338.390  3 56073.26489196 53.129
 144  21.292341   2.067660   338.618   338.622  3 56083.18054109 52.794
 145  21.290160   2.066803   338.015   338.009  4 56093.09618780 29.898
 146  21.290440   2.067564   337.783   337.707  3 56103.01183276 47.627
 147  21.291624   2.067955   337.997   337.975  4 56112.92746327 54.119
 148  21.293753   2.068355   337.648   337.587  3 56122.84310184 53.924
 149  21.296496   2.068783   337.757   337.783  3 56132.75873675 54.466
 150  21.297224   2.068610   338.307   338.345  4 56142.67437417 53.331
 151  21.293689   2.068348   338.231   338.234  4 56152.59002476 23.901
 152  21.291716   2.067717   338.436   338.429  3 56162.50567402 50.004
 153  21.291835   2.068051   338.021   338.003  4 56172.42132174 53.564
 154  21.292949   2.068132   338.552   338.548  4 56182.33696466 53.378
 155  21.293203   2.067546   338.945   338.922  4 56192.25260346 31.617
 156  21.293592   2.068347   338.627   338.673  3 56202.16823964 54.555
 157  21.295424   2.068176   339.017   339.044  4 56212.08387360 54.380
 158  21.300637   2.071331   339.279   339.300  4 56221.99950652 53.907
 159  21.298071   2.070012   339.464   339.472  4 56231.91516015 54.855
 160  21.295503   2.069116   339.813   339.849  4 56241.83081213 54.196
 161  21.292492   2.067781   339.815   339.808  3 56251.74645996 54.015
 162  21.291172   2.067980   339.803   339.835  4 56261.66210382 54.741
 163  21.291047   2.067974   339.862   339.872  4 56271.57774585 54.067
 164  21.292089   2.068239   340.007   340.018  4 56281.49338764 51.558
 165  21.289809   2.067165   340.104   340.078  4 56291.40904003 53.588
 166  21.288160   2.066624   339.896   339.911  3 56301.32468802 54.029
 167  21.286684   2.065610   339.256   339.265  4 56311.24033155 50.719
 169  21.287329   2.066672   338.729   338.726  3 56331.07161355 53.271
 170  21.289649   2.066553   338.656   338.655  4 56340.98725348 28.604
 171  21.294286   2.068933   339.090   339.116  4 56350.90289187 53.708
 172  21.296842   2.069585   338.486   338.496  4 56360.81853045 53.981
 173  21.292578   2.068205   338.870   338.908  3 56370.73417932 53.972
 175  21.285859   2.066044   338.875   338.821  3 56390.56547050 53.729
 176  21.287648   2.067054   339.136   339.128  4 56400.48111432 53.847
 177  21.290700   2.067696   339.531   339.510  4 56410.39675544 53.472
 178  21.294097   2.067677   339.604   339.643  4 56420.31239154 53.064
 179  21.296113   2.069065   339.658   339.650  4 56430.22802872 50.378
 180  21.290308   2.067106   338.774   338.750  4 56440.14368059 54.442
 181  21.287221   2.066630   338.480   338.501  4 56450.05933034 53.147
 182  21.286812   2.065708   337.998   338.019  4 56459.97497799 54.179
 183  21.287802   2.066194   337.926   337.950  4 56469.89062277 53.126
 184  21.289363   2.067292   337.940   337.999  3 56479.80626399 46.399
 185  21.290848   2.068064   337.832   337.784  4 56489.72190139 53.921
 186  21.292564   2.067543   337.882   337.783  3 56499.63753636 54.144
 187  21.296318   2.068403   338.098   338.082  4 56509.55317076 54.065
 188  21.298318   2.068811   337.972   337.981  4 56519.46881300 19.252
 189  21.296278   2.069195   338.146   338.176  4 56529.38446700 54.088
 190  21.294320   2.068510   338.373   338.395  3 56539.30011666 52.502
 191  21.291462   2.067172   338.017   338.004  4 56549.21576166 46.995
 192  21.288775   2.066568   338.102   338.090  4 56559.13140420 53.577
 193  21.288323   2.066678   338.574   338.486  3 56569.04704594 53.958
 194  21.290838   2.067826   338.874   338.886  4 56578.96268691 54.115
 195  21.296028   2.068995   338.902   338.865  3 56588.87832438 54.807
 196  21.297161   2.068701   338.772   338.736  4 56598.79396829 53.827
 197  21.293224   2.068480   339.127   339.109  4 56608.70961904 54.806
 198  21.289874   2.067534   339.388   339.420  3 56618.62526505 53.620
 199  21.288752   2.066784   339.513   339.543  3 56628.54090824 54.408
 200  21.291227   2.068257   339.588   339.586  4 56638.45654926 53.850
 201  21.292951   2.068151   339.244   339.244  4 56648.37219376 53.789
 202  21.290287   2.067517   338.631   338.668  3 56658.28784552 53.825
 203  21.287201   2.065745   338.611   338.595  4 56668.20349256 52.574
 204  21.286091   2.066502   338.687   338.680  4 56678.11913747 51.625
 205  21.286513   2.066143   338.316   338.330  4 56688.03478070 47.511
 206  21.289432   2.067495   338.408   338.348  4 56697.95042220 40.865
 207  21.293764   2.068653   338.304   338.344  3 56707.86605918 53.170
 208  21.296029   2.069167   337.601   337.553  3 56717.78169625 19.380
 209  21.290457   2.067379   395.093   395.672  3 56727.69734813 16.751
 210  21.286348   2.067110   338.635   338.629  4 56737.61299670 29.772
 211  21.284318   2.065171   338.552   338.465  4 56747.52864165 38.740
 212  21.287634   2.067222   338.745   338.741  4 56757.44428336 51.763
 213  21.292980   2.067757   339.037   339.040  3 56767.35991899 33.819
 214  21.293637   2.068348   339.117   339.054  3 56777.27556339 51.917
 215  21.288013   2.066593   339.285   339.264  3 56787.19121847 54.265
 216  21.282797   2.065123   339.096   339.090  4 56797.10686983 52.663
 217  21.281297   2.066054   338.979   338.950  5 56807.02251677 47.690
 218  21.283538   2.065932   338.638   338.681  5 56816.93815764 52.767
 219  21.287469   2.066552   338.787   338.775  3 56826.85379535 54.618
 220  21.291886   2.067697   398.857   398.779  3 56836.76942997 25.912
 221  21.296138   2.069231   338.139   338.153  4 56846.68506190 42.180
 222  21.293072   2.068213   337.951   337.974  3 56856.60071149 46.193
 223  21.290026   2.067393   338.018   338.021  3 56866.51636474 50.861
 224  21.288231   2.067025   337.718   337.763  3 56876.43201693 26.792
 225  21.287136   2.067283   338.204   338.176  4 56886.34766619 54.601
 226  21.285642   2.066286   337.824   337.828  4 56896.26331224 19.036
 227  21.284052   2.065676   338.323   338.307  4 56906.17895515 53.176
 228  21.283225   2.065335   338.844   338.806  4 56916.09459582 53.951
 229  21.284999   2.065397   338.243   338.245  4 56926.01023482 49.771
 230  21.289784   2.067021   338.735   338.660  3 56935.92587120 54.065
 231  21.296906   2.069104   339.278   339.259  3 56945.84150265 53.161
 232  21.294930   2.069167   339.259   339.272  4 56955.75715457 51.787
 233  21.291035   2.067241   339.763   339.764  4 56965.67280329 53.661
 234  21.288737   2.066715   340.000   340.029  4 56975.58844827 50.561
 235  21.289453   2.067515   339.823   339.840  3 56985.50408944 53.936
 236  21.293540   2.068287   339.690   339.692  4 56995.41972550 39.816
 237  21.295931   2.069216   339.785   339.825  3 57005.33536842 52.042
 238  21.291743   2.067463   339.096   339.109  3 57015.25102325 54.653
 239  21.288160   2.066035   339.037   339.014  4 57025.16667349 52.921
 240  21.286939   2.067281   338.828   338.852  4 57035.08232200 54.434
 241  21.287071   2.066346   338.106   338.083  3 57044.99796752 54.133
 242  21.289066   2.066856   337.891   337.838  3 57054.91361046 53.596
 243  21.291772   2.067821   338.008   338.032  4 57064.82924870 53.585
 244  21.294328   2.068820   338.109   338.128  3 57074.74488240 54.360
 245  21.297388   2.068610   337.009   337.119  4 57084.66051286 22.840
 246  21.293294   2.067745   338.000   337.978  4 57094.57616602 34.992
 247  21.289330   2.067558   337.833   337.858  4 57104.49182258 49.156
 248  21.287893   2.067123   337.951   337.954  4 57114.40747501 50.913
 249  21.288258   2.067283   338.770   338.772  4 57124.32312144 30.840
 250  21.288494   2.066700   338.944   338.944  4 57134.23876212 53.536
 251  21.290531   2.067214   339.337   339.349  4 57144.15439848 51.924
 252  21.293715   2.067980   339.123   339.136  4 57154.07003217 53.865
 253  21.297046   2.069408   339.256   339.249  4 57163.98566864 54.748
 254  21.293420   2.068205   338.694   338.673  4 57173.90132429 55.644
 255  21.291436   2.068370   338.608   338.634  4 57183.81697711 54.762
 256  21.289558   2.067621   338.394   338.414  4 57193.73262603 54.544
 257  21.287860   2.067003   338.621   338.595  4 57203.64827296 55.089
 258  21.287451   2.067111   338.626   338.671  4 57213.56390709 52.327
 259  21.288777   2.067022   337.902   337.917  4 57223.47955131 19.407
 260  21.290995   2.067890   337.776   337.785  3 57233.39519407 23.843
 261  21.292354   2.067729   338.161   338.114  3 57243.31083354 50.787
 262  21.293782   2.068674   337.684   337.615  4 57253.22647049 23.408
 263  21.295244   2.068426   337.762   337.768  4 57263.14210546 46.548
 264  21.297727   2.069322   337.451   337.534  4 57273.05774257 32.206
 265  21.294536   2.067886   338.076   338.065  4 57282.97339900 53.970
 266  21.292800   2.068145   337.967   338.010  3 57292.88905333 53.615
 267  21.290459   2.067079   338.102   338.114  3 57302.80470406 53.773
 268  21.288103   2.066321   337.951   337.950  4 57312.72035129 29.332
 269  21.286074   2.066394   338.947   338.933  4 57322.63599576 31.776
 270  21.285666   2.066133   339.429   339.393  4 57332.55163843 34.728
 271  21.287617   2.066508   340.238   340.306  3 57342.46727954 53.518
 272  21.285744   2.066309   340.633   340.649  4 57352.38293213 52.050
 273  21.286513   2.066815   340.722   340.751  4 57362.29857719 53.287
 274  21.286822   2.065513   340.481   340.506  4 57372.21421836 53.856
 275  21.288400   2.067110   340.264   340.345  3 57382.12985804 54.009
 276  21.290931   2.067525   339.656   339.702  3 57392.04549677 54.170
 277  21.295043   2.068048   339.618   339.643  4 57401.96113462 54.101
 278  21.297406   2.069049   339.235   339.177  4 57411.87677724 43.456
 279  21.293919   2.067963   339.298   339.329  3 57421.79242841 53.737
 280  21.289673   2.067578   338.758   338.774  4 57431.70807725 53.779
 281  21.285848   2.065116   338.681   338.714  4 57441.62372398 51.928
 282  21.286301   2.067060   338.882   338.794  4 57451.53937136 48.297
 283  21.287453   2.066515   338.857   338.862  4 57461.45501669 39.322
 284  21.290942   2.068044   338.812   338.805  4 57471.37065913 52.334
 285  21.293196   2.067817   338.563   338.549  3 57481.28629694 35.967
 286  21.294692   2.068408   339.274   339.309  3 57491.20193151 53.483
 287  21.297461   2.069428   339.404   339.420  3 57501.11756398 53.284
 288  21.296250   2.069153   339.706   339.611  3 57511.03321092 55.321
 289  21.293203   2.068220   340.027   340.025  3 57520.94886532 54.330
 290  21.291901   2.068397   340.140   340.159  4 57530.86451765 52.224
 291  21.290349   2.067297   339.676   339.711  3 57540.78016647 52.561
 292  21.288838   2.066755   339.273   339.301  3 57550.69581281 54.154
 293  21.287990   2.067622   338.484   338.513  4 57560.61145838 53.513
 294  21.287709   2.067269   338.624   338.607  4 57570.52710347 54.387
 295  21.288525   2.066424   337.965   337.965  4 57580.44274839 33.354
 296  21.290791   2.067894   338.289   338.344  3 57590.35839215 50.047
 297  21.291306   2.067465   338.390   338.415  4 57600.27403252 52.640
