#  287.000  -0.173   1.799 ;Mean Elev.(m), Avg Gradient(m/km), RMS Gradient(m/km) - SRTM1     
#  274.869  -0.363   4.572 ;Mean Elev.(m), Avg Gradient(m/km), RMS Gradient(m/km) - ASTER GDEM
#  287.131  -0.173   1.978 ;Mean Elev.(m), Avg Gradient(m/km), RMS Gradient(m/km) - GMTED2010 
  34   290.806 54992.96717399 49.13  16.772505  -1.317691  3.939  263.70  270.40  261.35
  34   290.787 54992.96717458 52.26  16.773397  -1.320193 23.650  263.70  270.40  261.35
  35   290.854 55002.88281952 48.90  16.771675  -1.316384   -100  257.99  263.36  254.31
  35   290.840 55002.88282011 51.93  16.772567  -1.318885  3.638  257.99  263.36  254.31
  35   290.817 55002.88282071 53.89  16.773459  -1.321387 27.950  257.99  263.36  254.31
  36   290.702 55012.79846388 49.23  16.771338  -1.318466   -100  258.83  263.48  256.29
  36   290.687 55012.79846447 53.25  16.772230  -1.320968   -100  258.83  263.48  256.29
  37   290.523 55022.71410598 50.20  16.769739  -1.316466  7.993  264.47  269.45  262.34
  37   290.459 55022.71410657 50.29  16.770632  -1.318967 19.165  264.47  269.45  262.34
  37   290.426 55022.71410716 55.25  16.771524  -1.321469   -100  260.36  264.76  257.61
  46   291.208 55111.95489969 54.32  16.768121  -1.318843   -100  255.70  263.34  252.58
  46   291.210 55111.95490028 53.28  16.769013  -1.321344 28.804  255.70  263.34  252.58
  46   291.201 55111.95490087 54.30  16.769906  -1.323846 31.847  255.70  263.34  252.58
  47   291.381 55121.87054326 42.38  16.769595  -1.318760  1.832  253.92  262.17  250.65
  47   291.371 55121.87054385 38.60  16.770488  -1.321261   -100  253.92  262.17  250.65
  48   291.649 55131.78618399 54.16  16.771062  -1.318617 13.204  249.91  257.72  245.51
  48   291.593 55131.78618458 54.74  16.771955  -1.321119 23.280  249.91  257.72  245.51
  49   292.019 55141.70182235 52.21  16.770812  -1.316647 13.437  244.98  253.73  239.06
  49   292.087 55141.70182294 53.10  16.771704  -1.319148 11.239  244.98  253.73  239.06
  49   292.079 55141.70182353 54.13  16.772597  -1.321650 13.633  244.98  253.73  239.06
  58   290.851 55230.94262316 49.29  16.767454  -1.318083 22.001  262.49  268.86  259.84
  58   290.884 55230.94262375 48.27  16.768346  -1.320584 10.946  262.49  268.86  259.84
  58   291.002 55230.94262434 49.25  16.769238  -1.323086  5.011  259.01  265.49  256.32
  59   290.646 55240.85826776 54.07  16.768171  -1.317942   -100  264.07  270.95  261.07
  59   290.694 55240.85826835 52.27  16.769063  -1.320443 14.504  264.07  270.95  261.07
  59   290.890 55240.85826894 53.08  16.769955  -1.322944  3.908  264.07  270.95  261.07
  60   290.585 55250.77390882 50.06  16.767843  -1.318580  1.568  265.58  271.90  263.11
  60   290.611 55250.77390941 53.14  16.768736  -1.321081   -100  265.58  271.90  263.11
  60   290.629 55250.77391000 53.25  16.769628  -1.323583   -100  265.58  271.90  263.11
  61   290.121 55260.68954747 36.76  16.766328  -1.317928   -100  264.49  270.50  261.13
  61   290.122 55260.68954806 35.83  16.767221  -1.320430 29.957  264.49  270.50  261.13
  61   290.090 55260.68954865 42.68  16.768113  -1.322931   -100  264.49  270.50  261.13
  70   291.155 55349.93032058 48.10  16.770714  -1.316257   -100  261.04  267.84  258.33
  70   291.022 55349.93032117 50.05  16.771607  -1.318758   -100  261.04  267.84  258.33
  70   290.940 55349.93032176 53.12  16.772499  -1.321260  2.003  261.04  267.84  258.33
  71   290.990 55359.84596231 49.23  16.772411  -1.316578   -100  259.39  265.94  256.83
  71   291.011 55359.84596290 51.25  16.773303  -1.319079  2.376  259.39  265.94  256.83
  72   290.972 55369.76160140 47.35  16.772299  -1.315443   -100  265.11  270.96  262.38
  72   290.988 55369.76160200 49.39  16.773191  -1.317944   -100  265.11  270.96  262.38
  73   290.650 55379.67723957 47.01  16.772586  -1.315961   -100  265.93  271.73  263.27
  73   291.030 55379.67724016 50.09  16.773479  -1.318462   -100  265.93  271.73  263.27
  82   291.615 55468.91803035 49.39  16.770902  -1.316608   -100  255.47  261.40  252.07
  82   291.601 55468.91803094 48.07  16.771795  -1.319110   -100  255.47  261.40  252.07
  82   291.614 55468.91803153 49.40  16.772687  -1.321611   -100  255.47  261.40  252.07
  93   291.146 55577.99009917 45.47  16.770317  -1.318355   -100  255.64  260.97  252.84
  93   291.171 55577.99009976 50.20  16.771209  -1.320857   -100  255.64  260.97  252.84
  93   290.863 55577.99010035 51.47  16.772101  -1.323358 13.633  255.64  260.97  252.84
  94   290.702 55587.90573801 47.48  16.772024  -1.315440   -100  257.17  262.47  254.36
  94   290.706 55587.90573860 49.57  16.772916  -1.317941   -100  257.17  262.47  254.36
  94   290.736 55587.90573919 50.21  16.773808  -1.320442   -100  257.17  262.47  254.36
 133   289.818 55974.61578702 48.44  16.772580  -1.317568   -100  260.76  266.55  257.81
 133   289.704 55974.61578761 51.54  16.773473  -1.320069 21.872  260.76  266.55  257.81
 145   290.297 56093.60350025 47.29  16.771729  -1.316432   -100  265.90  272.11  264.98
 145   290.254 56093.60350084 48.03  16.772621  -1.318934   -100  265.90  272.11  264.98
 145   290.314 56093.60350143 50.38  16.773514  -1.321435   -100  265.90  272.11  264.98
 146   290.202 56103.51914552 46.72  16.771688  -1.316251   -100  263.86  268.51  261.42
 146   290.184 56103.51914611 47.81  16.772580  -1.318753   -100  263.86  268.51  261.42
 146   290.031 56103.51914670 51.59  16.773472  -1.321254   -100  263.86  268.51  261.42
 147   289.880 56113.43477657 47.83  16.772554  -1.316163   -100  268.50  274.05  266.64
 147   289.877 56113.43477717 50.67  16.773446  -1.318664   -100  268.50  274.05  266.64
 164   292.256 56282.00069938 51.81  16.773194  -1.316098  4.455  250.07  259.95  246.14
 164   292.182 56282.00069997 53.96  16.774086  -1.318599 22.716  250.07  259.95  246.14
 169   291.143 56331.57892418 45.54  16.770135  -1.317528   -100  265.30  270.37  261.98
 169   290.888 56331.57892477 47.86  16.771028  -1.320029  1.918  265.30  270.37  261.98
 169   290.738 56331.57892536 51.09  16.771920  -1.322531 19.345  265.30  270.37  261.98
 174   290.120 56381.15714026 26.64  16.769160  -1.317001 13.780  262.39  268.70  260.58
 174   289.789 56381.15714085 23.78  16.770052  -1.319503  8.295  262.39  268.70  260.58
 174   290.035 56381.15714144 22.45  16.770944  -1.322004  5.405  262.39  268.70  260.58
 180   290.613 56440.65099272 32.87  16.771893  -1.316247 27.144  268.14  274.22  266.34
 180   290.618 56440.65099331 30.65  16.772785  -1.318748 19.774  263.80  269.80  261.47
 181   290.775 56450.56664356 49.86  16.769776  -1.318984   -100  269.32  274.20  267.09
 181   290.779 56450.56664415 52.90  16.770668  -1.321485  3.578  269.32  274.20  267.09
 182   290.194 56460.48229174 40.52  16.769193  -1.318127   -100  270.32  275.89  268.50
 182   290.204 56460.48229233 40.25  16.770085  -1.320628   -100  270.32  275.89  268.50
 182   290.258 56460.48229292 39.26  16.770977  -1.323130 27.589  270.32  275.89  268.50
 183   289.511 56470.39793692 25.40  16.769786  -1.317977 21.717  268.04  273.14  265.96
 183   289.479 56470.39793751 23.40  16.770678  -1.320479 14.655  268.04  273.14  265.96
 183   289.734 56470.39793810 21.62  16.771571  -1.322980 10.568  268.04  273.14  265.96
 192   290.739 56559.63871482 50.97  16.771811  -1.317791  4.333  266.39  272.42  264.52
 192   290.681 56559.63871541 52.41  16.772704  -1.320293 11.757  266.39  272.42  264.52
 193   290.720 56569.55435666 33.42  16.770957  -1.317046 32.000  262.87  268.89  260.62
 193   290.736 56569.55435725 28.66  16.771849  -1.319548 14.656  262.87  268.89  260.62
 193   290.651 56569.55435784 26.99  16.772742  -1.322050 10.501  262.87  268.89  260.62
 194   291.106 56579.46999774 52.71  16.772761  -1.316695 13.994  261.24  267.13  255.52
 194   291.139 56579.46999833 52.21  16.773653  -1.319197 10.522  257.61  263.89  253.02
 204   290.776 56678.62644783 51.19  16.769418  -1.318124 17.280  263.03  267.85  259.63
 204   290.778 56678.62644842 51.20  16.770311  -1.320626 17.797  263.03  267.85  259.63
 204   290.777 56678.62644901 54.25  16.771203  -1.323127   -100  263.03  267.85  259.63
 205   290.681 56688.54209189 26.58  16.769760  -1.318050 18.214  267.51  273.59  264.71
 205   290.326 56688.54209248 24.98  16.770652  -1.320551 15.471  267.51  273.59  264.71
 205   290.478 56688.54209307 26.10  16.771545  -1.323053 18.592  267.51  273.59  264.71
 206   290.193 56698.45773360 29.74  16.771670  -1.317285   -100  264.62  268.99  260.98
 206   290.321 56698.45773419 25.01  16.772562  -1.319787 18.963  264.62  268.99  260.98
 211   289.904 56748.03595585 53.24  16.767184  -1.318412 16.473  262.14  268.58  259.91
 211   290.174 56748.03595644 51.96  16.768076  -1.320913   -100  262.14  268.58  259.91
 211   290.060 56748.03595703 54.07  16.768968  -1.323414  6.439  262.14  268.58  259.91
 212   290.291 56757.95159583 48.12  16.769506  -1.316961   -100  265.63  271.95  263.79
 212   290.228 56757.95159642 49.28  16.770398  -1.319462   -100  265.63  271.95  263.79
 212   289.835 56757.95159701 53.35  16.771290  -1.321964 29.589  261.49  267.78  258.95
 215   290.768 56787.69853055 50.15  16.769920  -1.316478   -100  261.86  268.65  259.60
 215   290.973 56787.69853114 48.93  16.770812  -1.318980   -100  261.86  268.65  259.60
 215   290.877 56787.69853173 51.94  16.771704  -1.321481   -100  261.86  268.65  259.60
 216   291.170 56797.61418319 54.11  16.766181  -1.319128  8.470  261.58  268.05  258.59
 216   290.974 56797.61418378 53.18  16.767074  -1.321630 25.828  261.58  268.05  258.59
 216   290.956 56797.61418437 52.26  16.767966  -1.324131 26.721  261.58  268.05  258.59
 223   290.596 56867.02367883 49.15  16.770774  -1.316008   -100  261.64  268.25  259.42
 223   290.615 56867.02367942 49.30  16.771666  -1.318509   -100  261.64  268.25  259.42
 223   290.551 56867.02368001 52.03  16.772558  -1.321011   -100  261.64  268.25  259.42
 224   290.440 56876.93933047 49.19  16.770162  -1.317860  5.292  259.08  264.43  256.29
 224   290.449 56876.93933106 52.30  16.771054  -1.320362 12.780  259.08  264.43  256.29
 224   290.573 56876.93933165 53.20  16.771946  -1.322863  7.624  259.08  264.43  256.29
 227   291.061 56906.68626699 54.37  16.767552  -1.319551 29.816  258.08  264.41  255.12
 227   291.053 56906.68626758 54.38  16.768445  -1.322052 31.434  258.08  264.41  255.12
 228   291.268 56916.60190749 39.21  16.766397  -1.317771   -100  261.69  267.96  258.74
 228   291.269 56916.60190808 29.80  16.767290  -1.320273 12.047  261.69  267.96  258.74
 228   291.222 56916.60190867 30.62  16.768182  -1.322775 13.000  261.69  267.96  258.74
 235   292.669 56986.01140138 51.49  16.771202  -1.316483 23.949  238.57  249.74  231.69
 235   292.713 56986.01140197 53.36  16.772094  -1.318985 17.452  238.57  249.74  231.69
 235   292.639 56986.01140256 52.67  16.772986  -1.321487 26.649  238.57  249.74  231.69
 239   292.344 57025.67398368 44.27  16.770699  -1.316025   -100  245.53  253.91  239.79
 239   292.329 57025.67398427 35.25  16.771591  -1.318526 16.440  245.53  253.91  239.79
 239   292.293 57025.67398487 36.51  16.772484  -1.321027 19.911  245.53  253.91  239.79
 243   290.226 57065.33656109 47.27  16.772695  -1.315631   -100  265.04  270.17  261.93
 243   290.228 57065.33656168 50.48  16.773587  -1.318133   -100  265.04  270.17  261.93
 247   289.873 57104.99913613 49.10  16.770487  -1.316374   -100  261.65  267.76  259.55
 247   289.866 57104.99913672 50.60  16.771379  -1.318876   -100  261.65  267.76  259.55
 247   289.925 57104.99913731 51.66  16.772271  -1.321377   -100  261.65  267.76  259.55
 251   290.229 57144.66170983 25.64  16.772730  -1.317524 15.082  264.14  270.60  264.17
 251   290.616 57144.66171042 24.15  16.773622  -1.320025 10.023  264.14  270.60  264.17
 255   290.474 57184.32429150 25.37  16.771336  -1.315466 16.682  265.30  271.48  262.81
 255   290.435 57184.32429210 26.43  16.772228  -1.317968 20.012  265.30  271.48  262.81
 255   290.346 57184.32429269 30.43  16.773121  -1.320469   -100  265.30  271.48  262.81
 259   290.454 57223.98686481 45.31  16.770129  -1.316623   -100  265.19  271.69  264.86
 259   290.461 57223.98686540 46.50  16.771022  -1.319125   -100  265.19  271.69  264.86
 259   290.403 57223.98686599 49.21  16.771914  -1.321627   -100  265.19  271.69  264.86
 267   290.833 57303.31201759 34.50  16.772068  -1.317145   -100  260.11  265.74  260.31
 267   290.493 57303.31201818 30.84  16.772960  -1.319647 26.505  260.11  265.74  260.31
 270   291.525 57333.05895151 51.69  16.768387  -1.318909   -100  252.64  261.35  250.76
 270   291.512 57333.05895210 52.68  16.769280  -1.321411   -100  252.64  261.35  250.76
 270   291.497 57333.05895269 54.65  16.770172  -1.323912   -100  252.64  261.35  250.76
 271   292.040 57342.97459113 53.54  16.770094  -1.317015 12.627  248.52  259.00  245.21
 271   291.969 57342.97459172 55.65  16.770987  -1.319517 29.589  248.52  259.00  245.21
 271   291.953 57342.97459231 56.03  16.771879  -1.322019 32.694  248.52  259.00  245.21
 275   292.979 57382.63716757 53.48  16.771528  -1.317775 10.186  238.82  250.22  232.81
 275   292.890 57382.63716816 53.87  16.772421  -1.320276 26.361  238.82  250.22  232.81
 282   290.260 57452.04668471 51.63  16.768699  -1.319090   -100  263.14  269.97  259.91
 282   290.179 57452.04668530 52.33  16.769591  -1.321591   -100  263.14  269.97  259.91
 283   290.416 57461.96232916 46.61  16.769961  -1.317903   -100  262.68  268.67  257.95
 283   290.415 57461.96232975 48.56  16.770853  -1.320404   -100  262.68  268.67  257.95
 283   289.966 57461.96233034 51.69  16.771745  -1.322905 17.797  262.68  268.67  257.95
 293   291.400 57561.11877298 52.64  16.768978  -1.317423 22.473  258.49  265.22  255.68
 293   291.419 57561.11877357 51.47  16.769870  -1.319925  5.702  258.49  265.22  255.68
 293   291.386 57561.11877416 53.38  16.770762  -1.322426 28.780  258.49  265.22  255.68
 294   290.830 57571.03441774 50.71  16.769637  -1.318918  8.676  259.57  265.23  257.00
 294   290.761 57571.03441833 54.76  16.770529  -1.321420 31.434  259.57  265.23  257.00
 295   290.911 57580.95006190 48.31  16.770884  -1.318488   -100  261.48  267.13  259.32
 295   290.601 57580.95006249 50.51  16.771776  -1.320990 11.104  261.48  267.13  259.32
 296   290.389 57590.86570382 46.39  16.771980  -1.315910   -100  262.89  268.53  260.29
 296   290.389 57590.86570441 49.56  16.772873  -1.318412  6.699  262.89  268.53  260.29
 296   290.366 57590.86570500 51.65  16.773765  -1.320913 27.943  262.89  268.53  260.29
 297   290.658 57600.78134377 48.53  16.773203  -1.316698   -100  262.41  267.08  259.90
 297   290.609 57600.78134436 50.73  16.774096  -1.319199   -100  262.41  267.08  259.90
