-246997.883    14.524     0.00    8.88
-246708.594    13.278    -4.31    8.13
-246419.307    11.963    -4.54    6.26
-246130.020    11.113    -2.94    5.36
-245840.733    11.010    -0.36    5.52
-245551.447    11.362     1.22    5.52
-245262.161    11.953     2.04    5.22
-244972.876    11.947    -0.02    5.31
-244683.592    11.998     0.18    5.34
-244394.308    11.562    -1.51    5.56
-244105.024    11.412    -0.52    5.81
-243815.741    11.904     1.70    5.45
-243526.458    12.377     1.63    5.46
-243237.176    13.756     4.77    4.58
-242947.895    14.727     3.36    4.04
-242658.614    15.912     4.10    3.37
-242369.333    17.212     4.49    2.33
-242080.053    18.377     4.03    2.47
-241790.773    19.896     5.25    2.87
-241501.494    21.340     4.99    3.49
-241212.216    22.903     5.41    3.90
-240922.938    24.790     6.52    3.98
-240633.660    25.920     3.91    3.82
-240344.383    26.626     2.44    3.48
-240055.106    27.518     3.09    3.27
-239765.830    27.971     1.57    3.60
-239476.554    28.463     1.70    3.37
-239187.279    28.529     0.23    3.62
-238898.005    28.671     0.49    3.66
-238608.730    29.692     3.53    3.35
-238319.457    30.046     1.22    3.76
-238030.183    31.090     3.61    3.76
-237740.911    31.806     2.48    4.86
-237451.638    33.548     6.02    5.71
-237162.366    35.293     6.04    6.79
-236873.095    37.119     6.31    7.88
-236583.824    37.188     0.24    7.81
-236294.554    38.129     3.25    7.80
-236005.284    39.636     5.21    7.99
-235716.014    40.629     3.43    8.13
-235426.745    40.812     0.63    8.38
-235137.477    40.054    -2.62    8.44
-234848.208    38.937    -3.86    8.41
-234558.941    35.998   -10.16    9.49
-234269.674    34.696    -4.50   10.36
-233980.407    31.550   -10.88   10.97
-233691.141    29.090    -8.50   11.08
-233401.875    26.808    -7.89   10.41
-233112.609    23.893   -10.08    9.50
-232823.345    22.327    -5.41    8.97
-232534.080    20.073    -7.79    8.83
-232244.816    17.812    -7.82    7.42
-231955.553    16.308    -5.20    6.25
-231666.290    16.715     1.40    6.66
-231377.027    17.179     1.61    7.82
-231087.765    19.971     9.65   10.09
-230798.503    21.079     3.83   10.01
-230509.242    22.963     6.51    9.73
-230219.981    24.291     4.59    9.65
-229930.720    25.084     2.74    9.22
-229641.460    25.688     2.09    8.36
-229352.201    25.675    -0.04    7.57
-229062.942    25.619    -0.19    6.40
-228773.683    25.153    -1.61    7.21
-228484.425    27.286     7.37    9.26
-228195.167    29.937     9.17   11.62
-227905.910    32.187     7.78   12.25
-227616.653    33.920     5.99   11.63
-227327.396    36.649     9.43   12.30
-227038.140    38.780     7.37   11.33
-226748.885    40.188     4.87   10.99
-226459.629    40.344     0.54   11.41
-226170.375    42.012     5.77   12.21
-225881.120    42.897     3.06   12.27
-225591.866    44.947     7.09   12.43
-225302.613    47.429     8.58   11.57
-225013.360    47.860     1.49   10.28
-224724.107    47.642    -0.75   10.28
-224434.855    47.496    -0.51   10.56
-224145.603    45.119    -8.22   11.69
-223856.352    42.531    -8.95   12.33
-223567.101    39.201   -11.51   10.99
-223277.850    36.712    -8.60   11.22
-222988.600    31.729   -17.23   11.38
-222699.350    29.262    -8.53   10.39
-222410.101    26.124   -10.85    8.90
-222120.852    25.183    -3.25    8.00
-221831.603    24.632    -1.90    7.83
-221542.355    25.963     4.60    8.49
-221253.107    27.085     3.88    8.55
-220963.860    29.646     8.85    9.55
-220674.613    32.253     9.02    9.07
-220385.366    34.015     6.09    7.79
-220096.120    33.843    -0.60    8.01
-219806.875    32.946    -3.10    8.71
-219517.629    31.853    -3.78    9.44
-219228.384    32.209     1.23   10.35
-218939.140    32.412     0.70   10.76
-218649.896    34.218     6.25   11.37
-218360.652    36.413     7.59   11.64
-218071.409    38.396     6.86   10.64
-217782.166    40.106     5.91    9.52
-217492.923    38.963    -3.95   10.66
-217203.681    37.498    -5.07   11.10
-216914.439    36.175    -4.57   11.63
-216625.197    33.050   -10.80   11.71
-216335.956    31.003    -7.08   11.51
-216046.716    30.032    -3.35   11.45
-215757.475    29.808    -0.77   11.41
-215468.176    28.825    -3.40   11.48
-215178.856    25.377   -11.92   10.31
-214889.537    22.829    -8.81    8.88
-214600.217    21.481    -4.66    6.88
-214310.899    20.112    -4.73    5.50
-214021.580    19.982    -0.45    4.88
-213732.262    20.239     0.89    4.14
-213442.945    19.757    -1.67    4.18
-213153.628    19.179    -2.00    4.32
-212864.311    18.199    -3.39    4.80
-212574.994    17.289    -3.15    4.93
-212285.678    17.308     0.07    5.63
-211996.362    17.802     1.71    6.69
-211707.047    17.896     0.32    7.26
-211417.732    19.281     4.79    7.76
-211128.417    20.205     3.19    7.96
-210839.103    22.022     6.28    8.26
-210549.789    23.340     4.55    7.87
-210260.475    23.962     2.15    6.93
-209971.162    25.124     4.01    6.50
-209681.849    25.998     3.02    5.65
-209392.536    26.480     1.67    5.73
-209103.224    26.550     0.24    5.92
-208813.912    26.512    -0.13    6.28
-208524.601    26.946     1.50    7.70
-208235.290    27.662     2.48    8.01
-207945.979    28.596     3.23    7.86
-207656.669    28.067    -1.83    8.24
-207367.358    27.929    -0.48    8.38
-207078.049    27.601    -1.13    8.40
-206788.739    29.298     5.86    8.69
-206499.430    31.379     7.19    8.71
-206210.121    33.675     7.93    9.07
-205920.813    34.688     3.50    9.00
-205631.505    35.375     2.38    8.85
-205342.197    35.953     2.00    8.26
-205052.890    36.429     1.64    7.97
-204763.583    36.629     0.69    8.38
-204474.276    36.981     1.22    8.07
-204184.969    35.850    -3.91    7.61
-203895.663    35.179    -2.32    7.09
-203606.358    35.412     0.80    7.53
-203317.052    36.314     3.12    7.59
-203027.747    37.222     3.14    7.93
-202738.442    37.153    -0.24    8.29
-202449.138    35.774    -4.77    8.72
-202159.834    34.291    -5.13    9.11
-201870.530    33.331    -3.32    8.50
-201581.226    31.877    -5.02    7.77
-201291.923    30.136    -6.02    6.74
-201002.620    30.515     1.31    6.48
-200713.318    30.774     0.89    6.25
-200424.016    30.012    -2.63    6.33
-200134.714    28.222    -6.19    6.17
-199845.412    27.229    -3.43    4.95
-199556.111    27.590     1.25    5.25
-199266.810    28.567     3.38    6.61
-198977.509    29.846     4.42    6.90
-198688.209    31.158     4.54    7.36
-198398.909    32.262     3.82    6.88
-198109.609    33.732     5.08    5.88
-197820.309    33.929     0.68    6.10
-197531.010    32.341    -5.49    6.70
-197241.711    30.446    -6.55    6.77
-196952.413    29.646    -2.77    6.53
-196663.114    28.808    -2.89    6.38
-196373.816    26.395    -8.34    5.56
-196084.519    24.482    -6.61    4.87
-195795.221    23.396    -3.75    4.98
-195505.924    24.279     3.05    5.73
-195216.627    25.067     2.72    6.14
-194927.331    25.712     2.23    6.23
-194638.035    27.462     6.05    6.51
-194348.739    29.344     6.51    6.16
-194059.443    32.429    10.66    6.06
-193770.148    34.276     6.39    5.84
-193480.853    34.629     1.22    6.25
-193191.558    34.762     0.46    6.02
-192902.263    33.946    -2.82    6.54
-192612.969    33.084    -2.98    7.13
-192323.675    30.816    -7.84    7.79
-192034.381    27.679   -10.84    7.27
-191745.088    25.903    -6.14    5.57
-191455.795    25.429    -1.64    4.77
-191166.502    25.786     1.23    4.73
-190877.209    26.912     3.89    5.35
-190587.917    28.361     5.01    5.78
-190298.625    30.609     7.77    6.38
-190009.333    32.946     8.08    5.39
-189720.042    35.054     7.29    5.97
-189430.750    36.929     6.48    6.34
-189141.459    38.584     5.72    6.61
-188852.169    39.846     4.36    6.80
-188562.878    40.929     3.74    6.83
-188273.588    42.894     6.79    7.24
-187984.298    44.567     5.78    7.14
-187695.008    46.653     7.21    8.07
-187405.719    47.708     3.65    7.95
-187116.430    49.239     5.29    7.53
-186827.141    50.954     5.93    6.83
-186537.852    52.222     4.38    6.67
-186248.564    53.232     3.49    6.21
-185959.276    51.526    -5.90    6.38
-185669.988    50.529    -3.45    6.00
-185380.700    48.829    -5.88    6.73
-185091.413    48.411    -1.44    7.04
-184802.125    45.894    -8.70    7.61
-184512.839    42.785   -10.75    7.73
-184223.552    39.242   -12.25    8.48
-183934.265    36.829    -8.34    8.09
-183644.979    34.825    -6.93    6.97
-183355.693    33.825    -3.46    6.00
-183066.408    34.325     1.73    6.52
-182777.122    36.005     5.81    7.33
-182487.837    38.937    10.14    6.96
-182198.552    41.394     8.49    6.32
-181909.267    43.412     6.97    5.97
-181619.982    43.768     1.23    6.10
-181330.698    43.412    -1.23    6.29
-181041.414    42.912    -1.73    5.76
-180752.130    43.259     1.20    5.63
-180462.847    42.946    -1.08    5.79
-180173.563    43.197     0.87    6.05
-179884.280    44.412     4.20    6.24
-179594.997    44.756     1.19    6.78
-179305.714    45.226     1.62    7.54
-179016.432    45.478     0.87    7.78
-178727.149    44.885    -2.05    8.46
-178437.867    44.696    -0.65    7.89
-178148.585    43.554    -3.95    7.95
-177859.304    42.542    -3.50    7.67
-177570.022    42.079    -1.60    8.03
-177280.741    41.979    -0.35    7.45
-176991.460    41.463    -1.78    6.87
-176702.179    42.291     2.86    7.34
-176412.899    43.531     4.29    7.99
-176123.618    45.005     5.10    7.75
-175834.338    46.639     5.65    6.77
-175545.058    47.920     4.43    6.48
-175255.778    47.875    -0.16    6.79
-174966.499    46.853    -3.54    6.99
-174677.219    46.343    -1.76    6.87
-174387.940    46.150    -0.67    6.22
-174098.661    46.515     1.26    6.04
-173809.383    47.101     2.03    5.89
-173520.104    47.101     0.00    5.70
-173230.826    46.903    -0.69    5.20
-172941.547    47.329     1.47    5.39
-172652.269    48.141     2.81    4.99
-172362.992    48.446     1.05    4.68
-172073.714    48.998     1.91    4.57
-171784.437    48.762    -0.81    4.90
-171495.159    49.413     2.25    4.84
-171205.882    49.962     1.90    4.92
-170916.605    49.762    -0.69    5.20
-170627.329    49.376    -1.33    5.20
-170338.052    48.515    -2.98    5.25
-170048.776    48.325    -0.66    5.10
-169759.500    48.619     1.01    5.19
-169470.224    48.494    -0.43    5.61
-169180.948    48.688     0.67    6.09
-168891.672    49.785     3.79    6.23
-168602.397    51.322     5.31    5.52
-168313.122    52.546     4.23    5.44
-168023.847    53.839     4.47    5.06
-167734.572    54.463     2.16    5.15
-167445.297    54.666     0.70    5.26
-167156.022    55.780     3.85    5.65
-166866.748    56.739     3.32    5.82
-166577.474    57.629     3.08    5.63
-166288.200    58.226     2.06    5.85
-165998.926    58.945     2.49    6.44
-165709.652    60.232     4.45    6.57
-165420.379    60.937     2.44    6.60
-165131.105    61.692     2.61    6.43
-164841.832    63.380     5.83    6.85
-164552.559    64.773     4.82    6.66
-164263.286    65.843     3.70    6.80
-163974.013    65.802    -0.14    6.68
-163684.740    65.411    -1.35    6.92
-163395.468    65.003    -1.41    7.33
-163106.196    63.496    -5.21    7.31
-162816.923    62.971    -1.81    7.22
-162527.651    60.601    -8.19    7.82
-162238.379    60.072    -1.83    7.22
-161949.108    60.056    -0.05    6.91
-161659.836    59.325    -2.53    5.91
-161370.565    59.629     1.05    5.72
-161081.293    59.246    -1.33    5.45
-160792.022    59.201    -0.15    5.92
-160502.751    58.032    -4.04    6.63
-160213.480    56.739    -4.47    6.65
-159924.209    55.179    -5.39    6.31
-159634.939    54.325    -2.95    5.93
-159345.668    53.879    -1.54    5.28
-159056.398    54.274     1.36    5.53
-158767.128    55.131     2.96    5.56
-158477.858    56.996     6.45    6.52
-158188.588    58.212     4.21    6.20
-157899.318    59.675     5.06    6.84
-157610.048    60.481     2.79    6.08
-157320.778    62.205     5.96    6.18
-157031.509    62.209     0.01    5.67
-156742.240    63.601     4.81    6.08
-156452.970    65.347     6.03    7.01
-156163.701    67.153     6.24    7.14
-155874.432    68.188     3.58    7.60
-155585.164    68.325     0.48    7.48
-155295.895    68.981     2.26    7.64
-155006.626    68.445    -1.85    7.30
-154717.358    68.705     0.90    6.39
-154428.089    67.988    -2.48    6.12
-154138.821    68.429     1.52    5.07
-153849.553    68.946     1.79    4.98
-153560.285    69.527     2.01    4.75
-153271.005    70.395     3.00    4.84
-152981.714    71.548     3.98    5.15
-152692.422    72.166     2.14    5.79
-152403.131    73.325     4.01    5.70
-152113.839    75.141     6.28    7.16
-151824.548    77.562     8.37    8.64
-151535.257    80.122     8.85    9.25
-151245.966    82.517     8.28    9.41
-150956.675    85.746    11.16    9.60
-150667.385    87.446     5.88    8.38
-150378.094    89.229     6.16    8.23
-150088.803    90.022     2.74    7.78
-149799.513    90.929     3.13    7.73
-149510.223    93.598     9.23    9.13
-149220.932    97.289    12.76   13.34
-148931.642   100.812    12.18   14.53
-148642.352   106.632    20.12   17.57
-148353.062   110.262    12.55   18.77
-148063.772   115.696    18.78   20.51
-147774.482   119.253    12.30   20.43
-147485.192   123.112    13.34   25.04
-147195.903   126.446    11.52   25.85
-146906.613   129.887    11.89   26.04
-146617.323   134.395    15.58   26.20
-146328.034   135.877     5.12   25.99
-146038.745   137.256     4.77   23.39
-145749.455   138.131     3.02   21.75
-145460.166   136.429    -5.88   20.32
-145170.877   135.344    -3.75   18.66
-144881.588   132.212   -10.83   16.21
-144592.299   130.188    -7.00   14.32
-144303.010   129.148    -3.59   14.69
-144013.721   128.175    -3.37   15.95
-143724.432   123.962   -14.56   14.94
-143435.143   119.977   -13.77   14.55
-143145.855   115.274   -16.26    9.55
-142856.566   111.722   -12.28    7.69
-142567.277   109.584    -7.39    6.96
-142277.989   106.188   -11.74    6.16
-141988.700   104.035    -7.44    5.58
-141699.412   102.946    -3.77    5.68
-141410.124   102.325    -2.15    5.89
-141120.835   102.239    -0.30    5.93
-140831.547   104.039     6.22    7.47
-140542.259   104.362     1.12    7.50
-140252.971   105.515     3.99    6.69
-139963.683   106.696     4.08    5.83
-139674.395   107.232     1.86    6.41
-139385.107   108.429     4.14    6.82
-139095.819   111.296     9.91    9.41
-138806.531   114.446    10.89   10.62
-138517.243   119.212    16.48   11.53
-138227.955   123.072    13.34   11.38
-137938.668   127.015    13.63   12.10
-137649.380   132.877    20.26   14.71
-137360.092   137.812    17.06   17.08
-137070.805   138.314     1.73   17.17
-136781.517   138.532     0.75   17.77
-136492.229   137.912    -2.14   18.19
-136202.942   135.517    -8.28   17.66
-135913.654   131.662   -13.32   15.18
-135624.367   127.920   -12.93   13.77
-135335.080   123.067   -16.78   10.18
-135045.792   119.512   -12.29   11.24
-134756.505   117.229    -7.89    9.89
-134467.217   117.512     0.98   10.93
-134177.930   119.636     7.34   12.92
-133888.643   122.480     9.83   15.05
-133599.356   126.196    12.84   16.40
-133310.068   132.289    21.06   18.61
-133020.781   141.179    30.73   19.96
-132731.494   149.308    28.10   18.62
-132442.207   151.740     8.41   18.02
-132152.919   151.312    -1.48   18.93
-131863.632   149.170    -7.40   20.92
-131574.345   146.308    -9.89   20.89
-131285.058   141.125   -17.92   19.45
-130995.771   138.246    -9.95   18.88
-130706.484   134.746   -12.10   19.59
-130417.197   130.879   -13.37   19.07
-130127.909   129.032    -6.38   17.40
-129838.622   131.036     6.93   17.39
-129549.335   130.612    -1.47   16.96
-129260.048   131.653     3.60   17.66
-128970.761   134.096     8.44   18.28
-128681.474   136.988    10.00   18.24
-128392.187   138.274     4.44   17.27
-128102.900   137.791    -1.67   16.66
-127813.613   140.032     7.75   18.04
-127524.326   143.921    13.44   19.11
-127235.038   147.843    13.56   20.49
-126945.751   154.584    23.30   22.51
-126656.464   160.532    20.56   23.57
-126367.177   166.998    22.35   24.26
-126077.890   174.590    26.24   25.15
-125788.603   179.912    18.40   24.66
-125499.316   190.954    38.17   21.19
-125210.028   198.078    24.63   17.81
-124920.741   204.343    21.66   14.55
-124631.454   207.412    10.61   12.57
-124342.167   209.836     8.38   10.59
-124052.880   207.646    -7.57   15.16
-123763.592   204.043   -12.45   18.78
-123474.305   196.205   -27.09   23.03
-123185.018   190.015   -21.40   24.11
-122895.730   186.112   -13.49   22.18
-122606.443   184.598    -5.23   20.89
-122317.156   184.205    -1.36   19.93
-122027.868   187.962    12.99   18.03
-121738.581   193.920    20.60   12.72
-121449.293   197.327    11.78    9.88
-121160.006   195.946    -4.78   13.48
-120870.718   190.615   -18.43   19.25
-120581.431   185.696   -17.01   24.38
-120292.143   180.236   -18.87   26.46
-120002.855   172.192   -27.81   27.80
-119713.568   164.756   -25.70   26.99
-119424.280   156.802   -27.50   26.82
-119134.992   151.829   -17.19   26.56
-118845.704   146.675   -17.82   25.04
-118556.417   140.946   -19.80   24.01
-118267.129   136.482   -15.43   22.36
-117977.841   129.832   -22.99   21.35
-117688.553   125.429   -15.22   20.81
-117399.265   119.988   -18.81   21.38
-117109.977   114.481   -19.04   19.35
-116820.689   111.253   -11.16   15.26
-116531.400   109.717    -5.31   13.38
-116242.112   112.802    10.66   16.71
-115952.824   119.101    21.77   22.06
-115663.535   129.462    35.82   29.02
-115374.247   137.554    27.97   30.10
-115084.959   144.751    24.88   32.21
-114795.670   147.739    10.33   31.13
-114506.382   143.413   -14.96   32.94
-114217.093   137.688   -19.79   33.92
-113927.804   128.653   -31.23   32.87
-113638.515   122.532   -21.16   28.48
-113349.227   117.463   -17.52   21.38
-113059.938   115.593    -6.47   15.54
-112770.649   119.274    12.72   21.46
-112481.360   124.192    17.00   23.77
-112192.071   127.084    10.00   24.14
-111902.781   129.688     9.00   24.20
-111613.492   132.494     9.70   22.96
-111324.203   138.679    21.38   23.00
-111034.913   143.179    15.56   23.89
-110745.624   143.815     2.20   25.19
-110456.334   147.998    14.46   26.07
-110167.045   155.862    27.19   28.92
-109877.755   166.239    35.87   31.00
-109588.465   175.179    30.90   28.21
-109299.175   179.394    14.57   23.12
-109009.885   180.429     3.58   21.34
-108720.595   173.955   -22.38   24.43
-108431.305   163.062   -37.65   29.16
-108142.015   151.196   -41.02   28.50
-107852.724   141.343   -34.06   25.40
-107563.434   131.785   -33.04   19.84
-107274.144   126.840   -17.09   13.95
-106984.853   126.429    -1.42   13.21
-106695.562   130.226    13.12   18.23
-106406.271   137.546    25.30   21.30
-106116.981   143.593    20.90   20.99
-105827.690   148.947    18.51   19.09
-105538.398   151.412     8.52   17.82
-105249.107   152.188     2.68   17.24
-104959.816   152.167    -0.07   16.65
-104670.525   148.101   -14.05   16.67
-104381.233   146.078    -6.99   15.90
-104091.941   141.497   -15.84   16.41
-103802.650   136.804   -16.22   16.82
-103513.358   132.203   -15.90   16.56
-103224.066   125.785   -22.19   13.69
-102934.774   122.129   -12.64   12.19
-102645.482   117.619   -15.59   11.43
-102356.190   115.218    -8.30    9.88
-102066.897   113.768    -5.01   10.47
-101777.605   111.515    -7.79   11.07
-101488.312   108.658    -9.87   11.07
-101199.019   107.862    -2.75   10.82
-100909.726   107.215    -2.24   11.47
-100620.433   105.887    -4.59   11.96
-100331.140   104.222    -5.75   11.98
-100041.847   104.183    -0.13   12.06
 -99752.554   104.739     1.92   11.89
 -99463.260   106.136     4.83   12.43
 -99173.967   107.912     6.14   12.22
 -98884.673   111.587    12.70   12.45
 -98595.379   116.512    17.03   14.70
 -98306.085   122.979    22.35   20.12
 -98016.791   129.642    23.03   22.36
 -97727.497   137.517    27.22   25.12
 -97438.202   145.222    26.64   26.81
 -97148.908   152.724    25.93   29.06
 -96859.613   164.293    39.99   28.19
 -96570.318   172.446    28.18   28.55
 -96281.023   179.745    25.23   26.61
 -95991.728   184.015    14.76   23.65
 -95702.433   187.119    10.73   19.40
 -95413.138   190.946    13.23   11.74
 -95123.842   187.478   -11.99   14.87
 -94834.546   180.774   -23.17   20.37
 -94545.251   171.988   -30.37   23.62
 -94255.955   167.518   -15.45   22.89
 -93966.659   159.971   -26.09   22.63
 -93677.362   154.284   -19.66   22.00
 -93388.066   147.276   -24.22   21.07
 -93098.769   142.649   -15.99   21.79
 -92809.473   142.360    -1.00   21.37
 -92520.176   143.843     5.13   21.33
 -92230.879   141.862    -6.85   23.40
 -91941.581   141.276    -2.03   24.02
 -91652.284   141.751     1.64   25.49
 -91362.987   141.411    -1.18   24.07
 -91073.698   141.612     0.70   24.20
 -90784.439   140.688    -3.20   23.12
 -90495.180   141.872     4.09   22.02
 -90205.920   138.819   -10.55   21.29
 -89916.661   141.136     8.01   20.77
 -89627.401   148.768    26.38   20.21
 -89338.141   153.732    17.16   21.08
 -89048.881   158.279    15.72   21.84
 -88759.620   166.276    27.65   23.45
 -88470.360   173.712    25.71   22.41
 -88181.099   183.870    35.11   14.28
 -87891.838   185.607     6.01   15.87
 -87602.577   186.124     1.79   18.95
 -87313.316   184.446    -5.80   23.83
 -87024.055   180.903   -12.25   27.20
 -86734.793   176.310   -15.88   28.81
 -86445.531   172.341   -13.72   28.31
 -86156.269   169.550    -9.65   28.61
 -85867.007   170.550     3.46   26.07
 -85577.745   168.796    -6.06   25.08
 -85288.482   168.514    -0.97   21.94
 -84999.220   164.158   -15.06   23.32
 -84709.957   157.756   -22.13   24.99
 -84420.694   149.143   -29.78   27.05
 -84131.431   139.609   -32.96   28.28
 -83842.167   129.229   -35.89   27.81
 -83552.903   118.639   -36.61   25.02
 -83263.640   109.036   -33.20   17.04
 -82974.376   105.377   -12.65   15.18
 -82685.111   107.192     6.27   19.52
 -82395.847   109.636     8.45   23.99
 -82106.582   113.593    13.68   25.76
 -81817.317   117.619    13.92   26.29
 -81528.052   122.153    15.68   27.84
 -81238.787   122.343     0.66   27.55
 -80949.522   122.808     1.61   27.20
 -80660.256   128.396    19.32   28.83
 -80370.990   133.239    16.74   30.63
 -80081.724   141.812    29.64   31.86
 -79792.458   148.911    24.54   31.93
 -79503.191   159.946    38.15   27.26
 -79213.924   169.839    34.20   21.67
 -78924.657   178.903    31.34   13.04
 -78635.390   184.762    20.25   11.43
 -78346.123   189.018    14.71    9.62
 -78056.855   192.756    12.92    8.56
 -77767.587   195.954    11.05    7.79
 -77478.319   198.329     8.21    8.19
 -77189.051   200.735     8.32    8.36
 -76899.783   202.998     7.82    7.74
 -76610.514   205.812     9.73    8.37
 -76321.245   208.394     8.92    7.80
 -76031.976   210.279     6.52    6.45
 -75742.706   211.276     3.45    5.48
 -75453.437   210.808    -1.62    5.46
 -75164.167   209.971    -2.89    5.28
 -74874.897   209.179    -2.74    5.31
 -74585.626   206.862    -8.01    6.21
 -74296.356   202.998   -13.36    8.29
 -74007.085   198.746   -14.70   10.85
 -73717.814   194.396   -15.04   11.62
 -73428.543   189.411   -17.23   12.03
 -73139.271   183.954   -18.86   14.24
 -72849.999   175.498   -29.23   18.26
 -72560.727   167.529   -27.55   24.68
 -72271.455   159.887   -26.42   25.49
 -71982.182   152.343   -26.08   25.35
 -71692.910   147.153   -17.94   23.70
 -71403.637   145.054    -7.26   22.53
 -71114.363   145.888     2.88   21.65
 -70825.090   146.683     2.75   21.15
 -70535.816   152.029    18.48   20.50
 -70246.542   160.325    28.68   15.87
 -69957.268   164.643    14.93   13.02
 -69667.993   169.046    15.22   10.48
 -69378.719   172.032    10.33   10.97
 -69089.444   172.096     0.22   17.10
 -68800.168   173.808     5.92   18.12
 -68510.893   175.705     6.56   17.42
 -68221.617   177.791     7.21   14.13
 -67932.341   179.912     7.33    8.78
 -67643.064   178.691    -4.22   10.85
 -67353.788   176.946    -6.03   15.01
 -67064.511   173.619   -11.50   19.46
 -66775.234   170.791    -9.77   21.39
 -66485.956   169.946    -2.92   20.74
 -66196.679   168.122    -6.30   19.76
 -65907.401   167.877    -0.85   15.24
 -65618.122   163.712   -14.40   18.48
 -65328.844   160.341   -11.65   20.41
 -65039.565   156.791   -12.27   22.09
 -64750.286   150.879   -20.44   25.85
 -64461.007   147.768   -10.75   27.38
 -64171.727   143.872   -13.47   28.00
 -63882.447   137.411   -22.33   26.30
 -63593.167   131.394   -20.80   22.74
 -63303.887   127.786   -12.47   19.53
 -63014.606   125.310    -8.56   19.93
 -62725.325   124.362    -3.28   21.77
 -62436.043   118.929   -18.78   23.37
 -62146.762   116.129    -9.68   24.29
 -61857.480   109.843   -21.73   21.23
 -61568.198   106.615   -11.16   20.37
 -61278.915   104.229    -8.25   19.10
 -60989.632   100.979   -11.23   16.42
 -60700.349    98.129    -9.85   14.33
 -60411.066    95.463    -9.21   14.20
 -60121.782    93.310    -7.44   12.24
 -59832.498    90.808    -8.65    9.41
 -59543.214    91.548     2.56   10.81
 -59253.929    92.662     3.85   13.23
 -58964.645    94.464     6.23   14.16
 -58675.359    96.862     8.29   14.49
 -58386.074    95.325    -5.31   13.23
 -58096.788    93.757    -5.42   12.94
 -57807.502    90.396   -11.62   12.93
 -57518.216    86.480   -13.54   13.18
 -57228.929    82.584   -13.47   11.38
 -56939.642    79.324   -11.27    6.33
 -56650.354    77.052    -7.85    5.26
 -56361.067    74.819    -7.72    5.37
 -56071.779    73.265    -5.37    5.39
 -55782.490    72.581    -2.36    5.43
 -55493.202    72.090    -1.70    5.37
 -55203.913    72.096     0.02    5.28
 -54914.624    72.584     1.69    5.01
 -54625.334    72.679     0.33    4.55
 -54336.044    72.860     0.63    4.77
 -54046.754    72.412    -1.55    6.12
 -53757.463    72.670     0.89    5.94
 -53468.173    71.205    -5.07    5.09
 -53178.881    70.117    -3.76    4.76
 -52889.590    68.688    -4.94    4.49
 -52600.298    68.209    -1.66    4.96
 -52311.006    67.239    -3.35    4.91
 -52021.713    66.412    -2.86    5.65
 -51732.420    65.284    -3.90    5.47
 -51443.127    63.979    -4.51    6.38
 -51153.834    62.298    -5.81    7.11
 -50864.540    60.639    -5.73    7.11
 -50575.246    59.343    -4.48    7.33
 -50285.951    58.615    -2.51    7.95
 -49996.656    57.903    -2.46    7.74
 -49707.361    57.496    -1.41    7.21
 -49418.065    57.032    -1.60    7.30
 -49128.769    56.912    -0.42    7.63
 -48839.473    56.411    -1.73    7.39
 -48550.177    56.412     0.00    7.06
 -48260.880    56.298    -0.40    7.59
 -47971.582    56.412     0.39    8.25
 -47682.285    56.717     1.06    8.88
 -47392.987    59.324     9.01   10.61
 -47103.688    61.039     5.93   11.76
 -46814.389    61.812     2.67   11.65
 -46525.090    63.412     5.53   11.45
 -46235.791    65.379     6.80   10.46
 -45946.491    67.236     6.42   10.27
 -45657.191    66.242    -3.43    9.40
 -45367.890    61.894   -15.03    9.98
 -45078.589    60.046    -6.39   10.37
 -44789.288    58.052    -6.89    9.98
 -44499.987    58.670     2.14   10.19
 -44210.685    59.090     1.45   10.50
 -43921.382    59.607     1.79   10.17
 -43632.079    60.348     2.56   10.18
 -43342.776    62.029     5.81    9.50
 -43053.473    62.242     0.74    9.00
 -42764.169    61.929    -1.08    8.92
 -42474.865    61.341    -2.03    8.95
 -42185.560    62.836     5.17    9.20
 -41896.255    64.700     6.44    8.74
 -41606.950    67.026     8.04    9.10
 -41317.644    69.192     7.49    8.67
 -41028.338    71.232     7.05    8.32
 -40739.032    73.581     8.12    7.29
 -40449.725    75.912     8.05    6.75
 -40160.417    77.298     4.79    7.35
 -39871.110    76.584    -2.47    8.07
 -39581.802    74.791    -6.20   10.36
 -39292.493    74.360    -1.49   11.08
 -39003.184    75.218     2.97   10.77
 -38713.875    75.612     1.36   10.43
 -38424.566    76.005     1.36    9.71
 -38135.256    77.946     6.71    9.49
 -37845.945    78.893     3.28    8.13
 -37556.635    79.377     1.67    6.68
 -37267.323    80.003     2.16    6.76
 -36978.012    79.666    -1.16    7.03
 -36688.700    79.683     0.06    7.80
 -36399.387    78.607    -3.72    7.63
 -36110.075    78.791     0.63    7.71
 -35820.761    78.276    -1.78    7.76
 -35531.448    76.722    -5.37    8.69
 -35242.134    75.179    -5.33    8.51
 -34952.819    72.808    -8.19    8.85
 -34663.505    69.887   -10.10    8.36
 -34374.189    67.804    -7.20    7.95
 -34084.874    66.212    -5.50    6.96
 -33795.558    64.912    -4.49    5.54
 -33506.241    66.015     3.81    6.16
 -33216.924    67.579     5.41    6.65
 -32927.607    69.050     5.08    6.24
 -32638.289    69.412     1.25    5.81
 -32348.971    69.361    -0.17    5.46
 -32059.653    69.395     0.12    5.65
 -31770.334    68.757    -2.21    5.58
 -31481.014    67.893    -2.98    5.54
 -31191.695    68.179     0.99    5.83
 -30902.374    69.963     6.17    6.27
 -30613.054    71.300     4.62    6.33
 -30323.733    72.146     2.92    6.58
 -30034.411    73.107     3.32    6.23
 -29745.089    74.700     5.51    5.56
 -29455.767    76.447     6.04    5.29
 -29166.444    76.962     1.78    5.50
 -28877.121    77.242     0.97    5.96
 -28587.890    77.962     2.49    6.08
 -28298.659    78.050     0.30    6.34
 -28009.429    76.465    -5.48    7.84
 -27720.198    74.496    -6.81    8.61
 -27430.966    72.239    -7.80    8.41
 -27141.735    70.746    -5.16    8.11
 -26852.502    69.158    -5.49    8.26
 -26563.270    66.482    -9.25    8.56
 -26274.036    64.981    -5.19    8.89
 -25984.803    63.791    -4.11    9.34
 -25695.569    63.757    -0.12    9.20
 -25406.334    63.463    -1.01    8.71
 -25117.099    63.056    -1.41    8.50
 -24827.864    61.929    -3.90    8.17
 -24538.628    61.429    -1.73    8.71
 -24249.391    61.527     0.34    8.17
 -23960.155    60.979    -1.90    8.12
 -23670.917    59.691    -4.45    8.00
 -23381.680    58.131    -5.40    7.70
 -23092.441    57.360    -2.66    7.91
 -22803.203    57.531     0.59    8.86
 -22513.964    59.101     5.43   10.48
 -22224.724    59.953     2.95   11.11
 -21935.484    60.153     0.69   10.48
 -21646.244    61.429     4.41    9.47
 -21357.003    62.360     3.22    8.35
 -21067.761    62.361     0.00    7.09
 -20778.519    61.829    -1.84    6.86
 -20489.277    61.032    -2.75    6.95
 -20200.034    59.819    -4.20    7.00
 -19910.791    58.947    -3.01    6.37
 -19621.547    57.310    -5.66    5.47
 -19332.303    56.035    -4.41    4.81
 -19043.058    56.242     0.72    4.48
 -18753.813    56.929     2.37    5.38
 -18464.567    57.822     3.09    6.31
 -18175.321    60.050     7.70    7.10
 -17886.074    60.629     2.00    7.98
 -17596.827    60.879     0.86    8.22
 -17307.580    61.074     0.67    9.06
 -17018.331    60.411    -2.29    9.72
 -16729.083    57.812    -8.99    9.82
 -16439.834    54.500   -11.45    9.54
 -16150.584    52.284    -7.66    8.69
 -15861.334    50.242    -7.06    8.41
 -15572.084    49.209    -3.57    8.99
 -15282.833    47.819    -4.80    8.64
 -14993.581    46.271    -5.35    8.30
 -14704.329    44.712    -5.39    8.11
 -14415.076    44.581    -0.45    8.21
 -14125.823    45.626     3.61    9.11
 -13836.570    47.073     5.00    9.46
 -13547.316    48.107     3.58    9.48
 -13258.061    48.175     0.23    9.56
 -12968.806    49.446     4.40    9.51
 -12679.551    49.196    -0.87    8.60
 -12390.295    48.005    -4.12    9.18
 -12101.038    44.056   -13.65    9.73
 -11811.781    40.808   -11.23   10.11
 -11522.524    37.804   -10.39   10.58
 -11233.265    33.596   -14.55    9.29
 -10944.007    30.073   -12.18    5.86
 -10654.748    27.729    -8.10    3.86
 -10365.488    26.205    -5.27    2.94
 -10076.228    25.375    -2.87    2.75
  -9786.967    24.879    -1.72    2.94
  -9497.706    24.712    -0.58    2.93
  -9208.444    24.362    -1.21    2.78
  -8919.182    24.446     0.29    2.87
  -8629.920    24.360    -0.30    2.84
  -8340.656    23.877    -1.67    3.53
  -8051.393    23.325    -1.91    4.06
  -7762.128    21.560    -6.10    5.16
  -7472.863    19.550    -6.95    6.16
  -7183.598    17.739    -6.26    5.73
  -6894.332    16.324    -4.89    5.55
  -6605.066    14.751    -5.44    5.52
  -6315.799    14.691    -0.21    5.31
  -6026.531    13.877    -2.81    5.42
  -5737.263    13.056    -2.84    6.29
  -5447.995    11.938    -3.87    6.67
  -5158.726     9.894    -7.06    7.10
  -4869.456     7.146    -9.50    6.99
  -4580.186     5.107    -7.05    5.91
  -4290.915     3.429    -5.80    4.46
  -4001.644     2.482    -3.27    3.82
  -3712.372     2.481    -0.01    3.66
  -3423.100     2.825     1.19    3.64
  -3133.827     3.246     1.45    3.68
  -2844.553     3.779     1.84    3.45
  -2555.279     3.205    -1.98    3.50
  -2266.005     2.262    -3.26    3.21
  -1976.730     1.920    -1.18    3.09
  -1687.454     1.331    -2.04    2.89
  -1398.178     0.829    -1.73    2.56
  -1108.901     0.226    -2.09    1.71
   -819.624     0.012    -0.74    1.34
   -530.346    -0.027    -0.14    1.30
   -241.068    -0.012     0.05    1.59
     48.211    -0.088    -0.26    1.87
    337.491    -0.145    -0.20    1.98
    626.771     1.546     5.84    5.53
    916.052     4.376     9.79    8.46
   1205.333     8.734    15.06   11.43
   1494.615    15.032    21.77   13.59
   1783.897    20.596    19.23   12.74
   2073.180    24.615    13.90   10.81
   2362.463    28.615    13.83    7.96
   2651.747    31.343     9.43    5.99
   2941.032    32.692     4.66    5.02
   3230.317    33.363     2.32    4.76
   3519.603    33.696     1.15    4.83
   3808.890    34.314     2.14    4.78
   4098.176    35.226     3.15    4.40
   4387.464    35.447     0.76    4.24
   4676.752    36.329     3.05    2.77
   4966.041    36.050    -0.97    3.22
   5255.330    35.642    -1.41    3.29
   5544.620    34.756    -3.06    3.57
   5833.910    34.515    -0.83    3.28
   6123.201    34.446    -0.24    3.17
   6412.493    34.274    -0.60    3.23
   6701.785    34.298     0.08    2.90
   6991.078    34.377     0.27    3.06
   7280.371    33.712    -2.30    4.80
   7569.665    32.715    -3.45    5.88
   7858.960    31.005    -5.91    6.05
   8148.255    29.348    -5.73    6.36
   8437.551    28.531    -2.83    6.01
   8726.847    27.581    -3.28    5.38
   9016.144    26.692    -3.07    5.13
   9305.442    26.136    -1.92    4.71
   9594.740    25.996    -0.48    4.47
   9884.039    26.212     0.75    4.63
  10173.338    26.546     1.15    4.61
  10462.638    26.188    -1.24    4.43
  10751.938    27.090     3.12    4.13
  11041.240    28.125     3.58    4.60
  11330.541    29.679     5.37    4.67
  11619.844    31.298     5.60    4.39
  11909.147    31.756     1.59    4.01
  12198.451    32.514     2.62    3.43
  12487.755    32.291    -0.77    3.42
  12777.060    31.962    -1.14    3.23
  13066.365    32.262     1.04    3.57
  13355.671    32.462     0.69    3.95
  13644.978    33.124     2.29    4.09
  13934.285    34.308     4.09    3.77
  14223.593    35.079     2.66    3.43
  14512.902    35.739     2.28    3.26
  14802.211    35.512    -0.78    3.43
  15091.521    34.646    -3.00    3.73
  15380.831    33.893    -2.60    4.08
  15670.142    33.584    -1.07    4.06
  15959.454    33.090    -1.71    3.88
  16248.766    32.150    -3.25    4.24
  16538.079    30.683    -5.07    4.33
  16827.393    29.912    -2.66    4.15
  17116.707    29.429    -1.67    4.36
  17406.022    28.867    -1.94    4.12
  17695.338    28.107    -2.63    3.95
  17984.654    27.429    -2.34    4.18
  18273.971    26.703    -2.51    4.07
  18563.288    26.274    -1.48    3.82
  18852.606    25.550    -2.50    3.61
  19141.925    24.446    -3.81    3.37
  19431.244    22.963    -5.12    2.71
  19720.564    22.068    -3.09    2.38
  20009.885    20.774    -4.47    3.31
  20299.206    19.256    -5.24    3.75
  20588.528    18.412    -2.92    3.50
  20877.851    18.090    -1.11    3.42
  21167.174    15.629    -8.51    5.51
  21456.498    13.377    -7.78    6.73
  21745.822    10.896    -8.58    7.18
  22035.148     9.393    -5.19    7.09
  22324.473     8.722    -2.32    6.53
  22613.800     8.879     0.54    6.43
  22903.127    10.107     4.24    6.87
  23192.455    12.646     8.77    6.80
  23481.784    14.982     8.08    5.96
  23771.113    17.722     9.47    5.87
  24060.443    19.722     6.91    6.18
  24349.773    21.362     5.67    6.14
  24639.104    23.046     5.82    5.09
  24928.436    24.153     3.83    4.08
  25217.769    25.344     4.12    3.20
  25507.102    25.675     1.14    3.10
  25796.436    25.862     0.65    2.78
  26085.770    26.446     2.02    2.85
  26375.105    26.119    -1.13    2.78
  26664.441    26.379     0.90    2.87
  26953.778    26.412     0.12    2.99
  27243.115    26.293    -0.41    3.00
  27532.453    26.188    -0.37    2.81
  27821.792    26.073    -0.40    2.75
  28111.131    25.979    -0.33    2.95
  28400.471    25.797    -0.63    2.96
  28689.811    25.979     0.63    2.94
  28979.153    26.308     1.14    2.48
  29268.495    26.429     0.42    2.55
  29557.838    26.596     0.58    2.26
  29847.181    25.912    -2.36    2.47
  30136.525    25.567    -1.19    2.56
  30425.870    25.286    -0.97    2.60
  30715.215    24.979    -1.06    2.62
  31004.561    25.196     0.75    2.51
  31293.908    25.162    -0.12    2.28
  31583.256    25.325     0.56    2.31
  31872.604    25.679     1.22    2.27
  32161.953    26.079     1.38    2.44
  32451.303    26.084     0.02    2.40
  32740.653    26.279     0.67    2.28
  33030.004    26.090    -0.65    2.43
  33319.356    26.291     0.69    2.37
  33608.598    27.567     4.41    4.35
  33897.800    29.791     7.69    6.35
  34187.002    32.085     7.93    7.41
  34476.206    34.101     6.97    7.47
  34765.410    36.870     9.57    6.93
  35054.614    38.808     6.70    5.80
  35343.820    40.885     7.18    3.97
  35633.026    41.639     2.61    2.90
  35922.233    41.646     0.02    2.72
  36211.440    40.979    -2.31    2.51
  36500.649    40.885    -0.32    2.48
  36789.858    40.963     0.27    2.36
  37079.067    41.729     2.65    3.00
  37368.278    42.209     1.66    3.26
  37657.489    42.796     2.03    3.41
  37946.701    43.239     1.53    3.26
  38235.914    43.981     2.56    2.66
  38525.127    44.096     0.40    2.73
  38814.341    43.896    -0.69    3.23
  39103.556    44.463     1.96    3.87
  39392.772    45.222     2.63    4.62
  39681.988    46.717     5.17    5.05
  39971.205    47.797     3.74    5.22
  40260.423    48.920     3.88    4.32
  40549.641    49.679     2.62    4.09
  40838.860    50.312     2.19    4.34
  41128.080    49.946    -1.27    4.62
  41417.301    50.304     1.24    4.21
  41706.523    50.158    -0.51    4.07
  41995.745    50.515     1.24    3.84
  42284.968    50.412    -0.36    3.85
  42574.191    49.986    -1.47    3.64
  42863.416    50.183     0.68    3.16
  43152.641    50.212     0.10    3.06
  43441.867    50.661     1.55    3.09
  43731.094    50.687     0.09    3.28
  44020.321    50.912     0.78    3.27
  44309.549    51.056     0.50    3.19
  44598.778    51.877     2.84    2.79
  44888.008    52.136     0.89    2.97
  45177.238    52.412     0.95    2.63
  45466.469    52.242    -0.59    2.54
  45755.701    52.155    -0.30    2.67
  46044.934    52.090    -0.22    2.75
  46334.168    52.215     0.43    2.70
  46623.402    52.446     0.80    2.48
  46912.637    52.756     1.07    2.20
  47201.873    52.822     0.23    2.25
  47491.109    52.136    -2.37    3.00
  47780.346    52.153     0.06    3.22
  48069.585    51.705    -1.55    4.19
  48358.823    51.780     0.26    4.86
  48648.063    52.479     2.42    5.05
  48937.303    53.039     1.94    5.19
  49226.545    53.662     2.15    5.07
  49515.787    53.622    -0.14    5.47
  49805.029    54.032     1.42    5.47
  50094.273    54.494     1.60    4.35
  50383.517    54.683     0.65    3.83
  50672.762    55.158     1.64    3.84
  50962.008    55.465     1.06    3.97
  51251.254    55.636     0.59    3.89
  51540.502    55.734     0.34    3.50
  51829.750    56.291     1.93    3.34
  52118.999    57.216     3.20    2.93
  52408.249    57.825     2.11    2.42
  52697.499    58.141     1.09    2.26
  52986.751    58.268     0.44    2.29
  53276.003    58.329     0.21    2.26
  53565.256    56.719    -5.56    5.49
  53854.509    55.325    -4.82    6.93
  54143.764    53.046    -7.88    7.12
  54433.019    51.308    -6.01    7.16
  54722.275    49.756    -5.36    6.88
  55011.532    49.005    -2.60    6.52
  55300.790    50.005     3.46    6.76
  55590.049    52.658     9.17    6.72
  55879.308    53.822     4.02    6.99
  56168.568    54.996     4.06    7.76
  56457.829    56.131     3.92    6.55
  56747.091    57.019     3.07    6.61
  57036.353    57.996     3.38    6.19
  57325.616    58.084     0.31    6.24
  57614.881    58.870     2.72    6.06
  57904.146    60.000     3.91    5.45
  58193.411    60.822     2.84    4.64
  58482.678    61.683     2.98    2.67
  58771.945    62.026     1.18    2.58
  59061.214    60.870    -4.00    5.18
  59350.483    60.304    -1.96    6.12
  59639.752    59.729    -1.99    6.39
  59929.023    59.515    -0.74    6.18
  60218.295    59.079    -1.51    6.27
  60507.567    59.529     1.56    5.98
  60796.840    60.201     2.32    5.02
  61086.114    61.825     5.62    3.03
  61375.389    62.429     2.09    3.17
  61664.665    63.249     2.83    3.44
  61953.941    64.256     3.48    3.23
  62243.218    65.446     4.11    2.98
  62532.496    66.394     3.28    3.07
  62821.775    67.715     4.56    3.31
  63111.055    68.773     3.66    4.37
  63400.336    70.446     5.78    5.53
  63689.617    71.961     5.24    6.11
  63978.900    74.376     8.35    7.12
  64268.183    77.325    10.19    8.30
  64557.467    81.141    13.19    9.61
  64846.752    86.136    17.27   11.48
  65136.037    91.740    19.37   12.94
  65425.324    97.360    19.43   13.98
  65714.611   104.170    23.54   14.79
  66003.899   108.877    16.27   14.32
  66293.188   114.146    18.21   12.20
  66582.478   117.912    13.02   10.99
  66871.769   121.722    13.17    9.81
  67161.061   125.429    12.81    9.77
  67450.353   127.893     8.52    9.52
  67739.646   130.734     9.82    8.74
  68028.941   132.085     4.67    7.68
  68318.236   132.412     1.13    6.54
  68607.532   132.314    -0.34    5.90
  68896.828   131.143    -4.05    6.22
  69186.126   130.239    -3.12    6.37
  69475.424   128.920    -4.56    6.61
  69764.724   127.179    -6.02    7.10
  70054.024   125.010    -7.50    8.40
  70343.325   123.341    -5.77    9.54
  70632.627   117.762   -19.28   12.36
  70921.930   110.911   -23.68   15.98
  71211.233   101.719   -31.77   19.45
  71500.538    91.971   -33.69   20.57
  71789.843    84.158   -27.01   18.92
  72079.150    75.274   -30.71   14.56
  72368.457    71.308   -13.71   11.18
  72657.765    70.262    -3.62   10.65
  72947.074    70.293     0.11   12.25
  73236.384    70.912     2.14   14.45
  73525.694    70.259    -2.26   15.47
  73815.006    70.500     0.83   14.41
  74104.318    71.819     4.56   13.82
  74393.632    74.412     8.96   15.78
  74682.946    80.412    20.74   19.35
  74972.261    88.175    26.83   22.48
  75261.577    98.632    36.15   21.23
  75550.894   106.170    26.05   15.31
  75840.212   110.482    14.90   10.86
  76129.530   111.870     4.79    7.82
  76418.850   111.615    -0.88    7.25
  76708.170   109.162    -8.48    8.85
  76997.492   103.756   -18.68   11.32
  77286.814    98.232   -19.09   13.48
  77576.137    91.929   -21.79   15.80
  77865.461    83.293   -29.85   17.97
  78154.786    75.212   -27.93   19.12
  78444.112    66.188   -31.19   18.97
  78733.438    57.963   -28.43   16.34
  79022.766    53.601   -15.08   13.95
  79312.095    49.498   -14.18   11.05
  79601.424    46.872    -9.08    8.17
  79890.754    45.188    -5.82    5.81
  80180.086    44.015    -4.05    4.27
  80469.418    43.072    -3.26    3.56
  80758.751    42.564    -1.75    3.96
  81048.085    42.397    -0.58    4.35
  81337.420    42.584     0.65    5.91
  81626.756    43.548     3.33    8.06
  81916.093    45.622     7.17   11.17
  82205.430    48.136     8.69   13.33
  82494.769    52.887    16.42   14.77
  82784.108    57.717    16.70   14.62
  83073.449    61.510    13.11   15.14
  83362.790    63.911     8.30   13.37
  83652.132    66.226     8.00   12.26
  83941.476    67.894     5.77   11.98
  84230.820    69.396     5.19   10.70
  84520.165    71.329     6.68    8.55
  84809.511    72.325     3.44    7.99
  85098.858    74.124     6.22    7.50
  85388.206    76.840     9.39    5.71
  85677.554    78.162     4.57    5.80
  85966.904    80.329     7.49    5.45
  86256.255    81.562     4.26    5.17
  86545.606    81.853     1.00    6.31
  86834.959    80.340    -5.23   10.78
  87124.312    78.912    -4.94   13.88
  87413.667    77.739    -4.05   15.08
  87703.022    78.946     4.17   15.90
  87992.378    78.887    -0.20   16.18
  88281.736    79.552     2.30   15.99
  88571.094    81.722     7.50   16.95
  88860.453    82.584     2.98   15.82
  89149.813    85.329     9.49   15.37
  89439.174    85.819     1.69   14.76
  89728.536    88.212     8.27   14.63
  90017.899    91.360    10.88   15.79
  90307.263    97.885    22.55   16.20
  90596.628   106.562    29.99   15.14
  90885.994   114.046    25.86   14.28
  91175.360   120.199    21.27   14.61
  91464.728   127.532    25.34   13.76
  91754.097   135.153    26.34   14.02
  92043.466   140.920    19.93   13.44
  92332.837   146.825    20.41   12.71
  92622.209   152.199    18.57   11.48
  92911.581   156.032    13.25   10.16
  93200.955   158.739     9.35    8.27
  93490.329   159.808     3.69    7.60
  93779.705   160.584     2.68    6.70
  94069.081   159.546    -3.59    7.61
  94358.458   160.067     1.80    7.51
  94647.837   160.514     1.54    7.57
  94937.216   162.036     5.26    6.77
  95226.596   162.712     2.34    6.48
  95515.978   163.740     3.55    5.46
  95805.259   164.887     3.96    4.83
  96094.431   164.531    -1.23    5.55
  96383.604   163.341    -4.11    6.07
  96672.777   160.894    -8.46    6.84
  96961.952   157.479   -11.81    7.21
  97251.128   154.379   -10.72    7.65
  97540.305   150.042   -15.00    8.46
  97829.482   146.253   -13.10    8.94
  98118.661   139.829   -22.22   12.21
  98407.841   132.815   -24.26   15.92
  98697.021   125.029   -26.92   17.89
  98986.203   114.870   -35.13   18.79
  99275.386   105.791   -31.39   19.19
  99564.569    95.581   -35.30   16.62
  99853.754    87.938   -26.43   15.63
 100142.940    82.362   -19.28   15.03
 100432.126    79.124   -11.20   13.08
 100721.314    78.921    -0.70   13.22
 101010.503    81.073     7.44   14.48
 101299.692    83.464     8.27   13.82
 101588.883    85.124     5.74   13.55
 101878.075    89.153    13.93   11.48
 102167.267    90.979     6.31   10.74
 102456.461    92.649     5.78   11.98
 102745.655    94.463     6.27   13.18
 103034.851    96.274     6.26   12.74
 103324.048    99.572    11.40   12.01
 103613.245   102.598    10.47   12.15
 103902.444   104.666     7.15   13.13
 104191.644   107.412     9.50   14.18
 104480.845   111.981    15.80   15.66
 104770.046   118.715    23.28   16.68
 105059.249   125.029    21.83   14.87
 105348.453   132.032    24.22   13.97
 105637.658   137.579    19.18   14.14
 105926.864   143.843    21.66   13.03
 106216.070   149.067    18.06   12.79
 106505.278   151.981    10.08   11.86
 106794.487   154.515     8.76   10.63
 107083.697   156.560     7.07    9.78
 107372.908   158.291     5.99    8.38
 107662.120   158.877     2.03    7.79
 107951.333   160.341     5.06    7.85
 108240.547   162.274     6.68    7.66
 108529.762   164.493     7.67    8.11
 108818.978   166.887     8.27    7.89
 109108.195   169.785    10.02    6.59
 109397.413   171.675     6.53    6.01
 109686.633   172.532     2.97    5.62
 109975.853   172.929     1.37    5.51
 110265.074   172.768    -0.56    5.55
 110554.296   170.298    -8.54    7.53
 110843.520   167.607    -9.30    8.46
 111132.744   164.481   -10.81    9.40
 111421.970   160.990   -12.07   10.87
 111711.196   157.445   -12.26   10.98
 112000.424   154.068   -11.68   11.00
 112289.652   151.101   -10.26   12.29
 112578.882   149.175    -6.66   13.61
 112868.112   148.973    -0.70   15.33
 113157.344   149.212     0.83   14.64
 113446.577   147.562    -5.70   14.65
 113735.811   143.679   -13.43   15.62
 114025.046   136.785   -23.84   18.53
 114314.282   130.343   -22.27   21.96
 114603.519   123.073   -25.13   21.21
 114892.757   118.188   -16.89   18.91
 115181.996   115.134   -10.56   16.67
 115471.236   115.029    -0.36   17.34
 115760.477   115.715     2.37   19.24
 116049.720   115.567    -0.51   22.91
 116338.963   118.032     8.52   24.08
 116628.208   119.362     4.60   24.23
 116917.453   116.853    -8.68   23.97
 117206.700   115.696    -4.00   23.90
 117495.947   113.067    -9.09   22.62
 117785.196   111.236    -6.33   20.64
 118074.446   111.124    -0.39   19.61
 118363.697   112.429     4.51   20.46
 118652.949   115.993    12.32   23.21
 118942.202   121.692    19.70   25.29
 119231.456   129.239    26.09   25.80
 119520.711   134.887    19.52   24.67
 119809.967   141.998    24.59   18.70
 120099.225   147.085    17.59   16.80
 120388.483   151.705    15.97   11.66
 120677.743   154.205     8.64    9.89
 120967.003   155.308     3.81    9.40
 121256.265   155.039    -0.93   10.57
 121545.528   155.512     1.64   11.05
 121834.792   156.756     4.30   10.55
 122124.057   157.146     1.35   11.37
 122413.323   158.786     5.67   10.00
 122702.590   161.601     9.73   10.38
 122991.858   165.796    14.50   10.60
 123281.128   169.196    11.75    9.51
 123570.398   171.879     9.28    8.06
 123859.670   173.322     4.99    8.25
 124148.942   172.377    -3.27   10.28
 124438.216   170.015    -8.17   12.38
 124727.491   167.429    -8.94   13.50
 125016.767   165.953    -5.10   13.18
 125306.044   166.119     0.57   11.97
 125595.322   166.579     1.59   13.65
 125884.602   169.867    11.37   13.16
 126173.882   171.862     6.90   13.13
 126463.163   174.412     8.81   13.11
 126752.446   173.532    -3.04   12.67
 127041.730   174.212     2.35   12.00
 127331.015   174.579     1.27   11.64
 127620.301   175.012     1.50    9.91
 127909.588   176.032     3.53    9.16
 128198.876   176.158     0.43    9.01
 128488.165   178.062     6.58    9.00
 128777.456   180.447     8.24    8.42
 129066.747   183.712    11.29    8.77
 129356.040   185.584     6.47    9.05
 129645.334   188.183     8.98    9.98
 129934.629   191.012     9.78   10.40
 130223.925   194.584    12.35   10.31
 130513.222   198.360    13.05   10.75
 130802.520   202.286    13.57   11.15
 131091.820   206.494    14.55   10.55
 131381.120   210.329    13.25    9.24
 131670.422   213.662    11.52    7.50
 131959.725   215.636     6.82    8.53
 132249.029   216.732     3.79    8.97
 132538.334   216.062    -2.32   10.45
 132827.640   214.015    -7.08   10.94
 133116.947   211.829    -7.56   11.20
 133406.256   210.378    -5.01   10.83
 133695.566   206.791   -12.40    9.75
 133984.877   203.636   -10.91    8.65
 134274.189   199.894   -12.93    8.70
 134563.502   195.773   -14.25    9.16
 134852.816   192.429   -11.56    9.84
 135142.131   188.791   -12.57   10.32
 135431.448   186.929    -6.44    9.97
 135720.766   185.532    -4.83    8.67
 136010.084   186.574     3.60   10.01
 136299.404   189.039     8.52   10.75
 136588.726   191.751     9.37    9.87
 136878.048   194.153     8.30    8.44
 137167.371   194.412     0.89    9.07
 137456.696   194.396    -0.06    9.51
 137746.022   193.734    -2.29   10.10
 138035.349   194.046     1.08   10.32
 138324.677   195.929     6.51   10.47
 138614.006   200.739    16.63   12.90
 138903.337   206.250    19.05   11.98
 139192.668   210.246    13.81   10.01
 139482.001   212.445     7.60    8.06
 139771.335   213.756     4.53    6.87
 140060.670   213.056    -2.42    7.84
 140350.007   212.808    -0.86    7.45
 140639.344   210.946    -6.44    6.72
 140928.683   210.162    -2.71    5.98
 141218.023   209.879    -0.98    6.02
 141507.364   210.296     1.44    6.03
 141796.706   209.998    -1.03    6.35
 142086.049   209.259    -2.55    6.15
 142375.394   209.463     0.70    5.94
 142664.739   208.134    -4.60    6.12
 142954.086   206.196    -6.70    5.98
 143243.434   205.429    -2.65    5.29
 143532.784   205.515     0.30    5.95
 143822.134   205.947     1.49    6.22
 144111.486   205.003    -3.26    6.66
 144400.839   203.887    -3.86    6.95
 144690.193   202.946    -3.25    7.18
 144979.548   201.188    -6.08    8.01
 145268.904   197.938   -11.23    8.31
 145558.262   195.005   -10.13    8.10
 145847.621   192.022   -10.31    8.30
 146136.981   189.574    -8.46    8.59
 146426.342   186.722    -9.86    8.56
 146715.704   184.446    -7.87    8.58
 147005.068   182.377    -7.15    8.90
 147294.433   178.222   -14.36    9.72
 147583.799   176.494    -5.97    9.47
 147873.166   174.981    -5.23   10.43
 148162.534   173.670    -4.53   11.56
 148451.904   171.756    -6.61   12.72
 148741.275   169.209    -8.81   14.18
 149030.647   168.796    -1.43   15.22
 149320.020   167.653    -3.95   15.88
 149609.394   166.479    -4.06   17.29
 149898.770   165.679    -2.76   17.53
 150188.147   166.291     2.12   17.15
 150477.525   164.662    -5.63   16.00
 150766.904   164.429    -0.81   13.44
 151056.285   164.112    -1.09   12.49
 151345.667   164.036    -0.26   10.77
 151635.050   162.860    -4.06    9.49
 151924.434   161.308    -5.36    8.11
 152213.819   160.112    -4.13    7.73
 152503.206   158.199    -6.61    8.41
 152792.594   155.619    -8.92   10.41
 153081.983   149.246   -22.02   12.96
 153371.373   142.113   -24.65   15.43
 153660.765   133.462   -29.89   17.44
 153950.158   124.887   -29.63   17.83
 154239.552   118.188   -23.15   15.94
 154528.947   111.112   -24.45   13.09
 154818.343   105.412   -19.70   10.91
 155107.741    99.362   -20.91    9.95
 155397.140    93.532   -20.15   10.13
 155686.540    89.310   -14.59   11.68
 155975.942    84.129   -17.90   11.89
 156265.344    81.289    -9.81   10.00
 156554.748    80.310    -3.38   10.89
 156844.154    83.791    12.03   14.50
 157133.560    88.646    16.77   17.53
 157422.968    95.862    24.94   19.06
 157712.377   103.670    26.98   17.83
 158001.727   109.756    21.03   17.46
 158290.868   115.911    21.29   18.23
 158580.011   123.003    24.53   19.31
 158869.155   132.896    34.21   19.36
 159158.300   140.829    27.44   19.10
 159447.447   149.188    28.91   16.49
 159736.595   156.161    24.12   13.11
 160025.744   162.312    21.27   11.25
 160314.894   168.222    20.44    9.28
 160604.045   172.762    15.70    9.71
 160893.198   176.929    14.41   10.21
 161182.352   181.481    15.74    9.53
 161471.508   184.188     9.36    8.47
 161760.664   185.929     6.02    7.02
 162049.822   185.265    -2.30    7.97
 162338.981   182.929    -8.08   10.71
 162628.142   177.912   -17.35   14.18
 162917.303   172.018   -20.38   16.79
 163206.466   164.395   -26.36   20.28
 163495.630   158.864   -19.13   20.60
 163784.796   154.796   -14.07   19.21
 164073.962   150.412   -15.16   17.41
 164363.130   147.499   -10.07   15.15
 164652.300   146.067    -4.95   10.43
 164941.470   143.929    -7.39    8.43
 165230.642   140.129   -13.14    9.20
 165519.815   134.729   -18.67   10.69
 165808.990   130.032   -16.24   11.98
 166098.165   123.564   -22.37   13.26
 166387.342   118.840   -16.34   13.94
 166676.521   113.479   -18.54   14.19
 166965.700   109.970   -12.13   12.69
 167254.881   106.619   -11.59   12.31
 167544.063   103.344   -11.32   11.47
 167833.246   100.912    -8.41   10.73
 168122.431    99.562    -4.67   11.68
 168411.617    97.362    -7.61   11.48
 168700.804    95.496    -6.45   11.00
 168989.993    93.445    -7.09   11.05
 169279.183    90.289   -10.92   11.87
 169568.374    87.396   -10.00   12.60
 169857.566    85.808    -5.49   13.08
 170146.760    84.494    -4.54   13.45
 170435.955    83.896    -2.07   13.89
 170725.152    83.867    -0.10   14.69
 171014.349    85.308     4.98   15.78
 171303.548    85.054    -0.88   15.57
 171592.749    86.347     4.47   16.25
 171881.950    86.581     0.81   16.24
 172171.153    86.246    -1.16   16.13
 172460.357    85.894    -1.21   14.41
 172749.563    87.250     4.69   13.42
 173038.770    88.229     3.38   10.92
 173327.978    91.119     9.99    9.98
 173617.187    93.912     9.66   11.89
 173906.398    97.802    13.45   13.92
 174195.610   104.101    21.78   14.92
 174484.823   106.670     8.88   16.03
 174774.038   107.084     1.43   16.96
 175063.254   108.085     3.46   19.97
 175352.472   107.050    -3.58   20.64
 175641.690   101.791   -18.18   20.21
 175930.910    97.377   -15.26   18.01
 176220.132    94.653    -9.42   15.60
 176509.354    91.187   -11.98   14.12
 176798.578    88.581    -9.01   11.86
 177087.804    85.596   -10.32    7.56
 177377.030    84.675    -3.18    6.46
 177666.258    84.153    -1.80    6.50
 177955.488    83.396    -2.62    6.15
 178244.718    81.361    -7.03    6.48
 178533.950    80.979    -1.32    6.59
 178823.184    79.745    -4.27    6.09
 179112.418    77.860    -6.52    4.67
 179401.655    75.715    -7.42    4.37
 179690.892    73.896    -6.29    4.51
 179980.131    72.312    -5.47    4.13
 180269.371    71.481    -2.88    4.09
 180558.612    70.112    -4.73    3.97
 180847.855    69.043    -3.70    3.99
 181137.099    68.344    -2.42    4.15
 181426.344    67.312    -3.57    4.38
 181715.591    65.379    -6.68    4.94
 182004.839    62.729    -9.16    5.78
 182294.089    61.604    -3.89    5.88
 182583.340    59.395    -7.64    6.26
 182872.592    56.860    -8.76    6.58
 183161.845    54.544    -8.01    6.29
 183451.100    52.162    -8.23    6.50
 183740.357    50.289    -6.48    6.40
 184029.614    49.802    -1.68    6.49
 184318.873    49.804     0.01    6.92
 184608.134    49.961     0.54    7.53
 184897.395    51.696     6.00    8.34
 185186.659    54.462     9.56    8.78
 185475.923    58.067    12.46    7.10
 185765.189    60.256     7.57    7.67
 186054.456    62.073     6.28    7.63
 186343.725    64.090     6.97    6.87
 186632.995    65.961     6.47    6.62
 186922.266    68.205     7.76    6.25
 187211.539    70.143     6.70    6.76
 187500.813    71.912     6.11    6.35
 187790.088    73.843     6.68    7.08
 188079.365    75.675     6.33    6.73
 188368.643    77.101     4.93    6.45
 188657.923    79.050     6.74    6.08
 188947.204    81.119     7.15    6.63
 189236.486    82.785     5.76    6.03
 189525.770    84.296     5.22    6.34
 189815.055    85.084     2.73    6.39
 190104.342    86.396     4.53    7.06
 190393.629    87.215     2.83    7.96
 190682.919    89.153     6.70    8.94
 190972.209    91.279     7.35    9.55
 191261.502    92.361     3.74    9.29
 191550.795    90.729    -5.64   10.81
 191840.090    89.268    -5.05   11.16
 192129.386    87.239    -7.01   10.67
 192418.684    83.756   -12.04   10.17
 192707.983    81.039    -9.39    8.64
 192997.283    78.396    -9.14    6.45
 193286.585    76.343    -7.10    5.15
 193575.889    75.107    -4.27    4.24
 193865.193    74.078    -3.56    4.34
 194154.499    74.312     0.81    5.15
 194443.807    73.912    -1.38    5.50
 194733.116    74.377     1.61    5.95
 195022.426    74.529     0.52    6.16
 195311.738    75.746     4.21    6.30
 195601.051    76.175     1.48    6.70
 195890.365    75.894    -0.97    6.70
 196179.681    75.649    -0.85    6.79
 196468.999    74.712    -3.24    7.13
 196758.318    75.253     1.87    7.23
 197047.638    74.696    -1.93    7.24
 197336.959    73.601    -3.78    6.61
 197626.282    72.232    -4.73    6.88
 197915.607    71.796    -1.51    6.95
 198204.933    71.920     0.43    6.31
 198494.260    70.791    -3.90    6.16
 198783.589    69.893    -3.10    6.08
 199072.919    69.035    -2.96    6.12
 199362.251    67.971    -3.68    6.19
 199651.584    66.478    -5.16    6.16
 199940.918    64.756    -5.95    5.45
 200230.254    63.125    -5.64    5.92
 200519.591    62.262    -2.98    5.42
 200808.930    61.481    -2.70    5.28
 201098.270    60.862    -2.14    5.54
 201387.612    60.274    -2.03    5.56
 201676.955    59.998    -0.95    5.65
 201966.300    59.756    -0.83    5.73
 202255.645    59.153    -2.09    5.73
 202544.993    57.953    -4.15    5.40
 202834.342    56.153    -6.22    6.23
 203123.692    53.712    -8.44    7.32
 203413.044    51.584    -7.36    7.86
 203702.397    50.550    -3.58    8.01
 203991.752    49.042    -5.21    7.95
 204281.108    49.179     0.47    7.56
 204570.465    48.740    -1.52    7.73
 204859.824    49.745     3.47    7.60
 205149.185    51.998     7.79    6.93
 205438.546    54.005     6.94    6.21
 205727.910    56.146     7.40    7.35
 206017.275    59.546    11.75    6.88
 206306.641    61.774     7.70    7.22
 206596.009    64.802    10.46    7.13
 206885.378    66.572     6.12    5.55
 207174.748    65.779    -2.74    6.51
 207464.121    64.052    -5.97    7.92
 207753.494    61.015   -10.49    8.83
 208042.869    57.564   -11.92    8.40
 208332.246    55.325    -7.74    7.09
 208621.624    53.762    -5.40    5.31
 208911.003    53.096    -2.30    4.71
 209200.384    53.379     0.98    4.64
 209489.766    53.946     1.96    5.11
 209779.150    54.429     1.67    4.97
 210068.536    54.862     1.50    4.91
 210357.923    55.205     1.18    4.86
 210647.311    55.079    -0.43    4.77
 210936.701    56.296     4.20    5.46
 211226.092    57.253     3.31    5.80
 211515.485    58.791     5.31    6.04
 211804.879    60.179     4.80    5.90
 212094.275    61.511     4.60    6.00
 212383.672    63.175     5.75    6.05
 212673.070    64.546     4.74    5.66
 212962.471    65.877     4.60    6.37
 213251.872    66.622     2.57    6.39
 213541.275    66.846     0.77    6.82
 213830.680    67.653     2.79    6.56
 214120.086    68.729     3.72    5.91
 214409.494    69.222     1.70    5.85
 214698.903    69.136    -0.30    6.02
 214988.314    68.601    -1.85    7.02
 215277.726    67.981    -2.14    7.39
 215567.139    67.691    -1.00    7.91
 215856.555    68.153     1.60    7.94
 216145.971    69.412     4.35    6.83
 216435.389    70.412     3.46    5.93
 216724.809    71.188     2.68    5.25
 217014.230    72.019     2.87    4.40
 217303.653    72.308     1.00    4.42
 217593.077    71.629    -2.35    5.10
 217882.503    71.569    -0.21    4.75
 218171.930    70.670    -3.11    5.00
 218461.359    69.846    -2.85    4.75
 218750.789    68.988    -2.96    4.77
 219040.220    68.380    -2.10    5.24
 219329.654    67.607    -2.67    5.74
 219619.089    66.412    -4.13    5.53
 219908.525    65.499    -3.15    5.24
 220197.963    64.879    -2.14    5.23
 220487.086    64.479    -1.38    4.41
 220776.200    63.929    -1.90    4.45
 221065.316    64.629     2.42    4.93
 221354.432    65.429     2.77    5.19
 221643.551    65.445     0.06    5.54
 221932.671    66.879     4.96    6.10
 222221.792    68.496     5.59    6.54
 222510.915    70.312     6.28    6.48
 222800.040    71.636     4.58    5.88
 223089.166    72.947     4.54    5.71
 223378.294    73.762     2.82    5.81
