-320254.094    81.298     0.00   18.52
-319964.969    83.409     7.30   19.22
-319675.847    86.971    12.32   19.97
-319386.727    91.259    14.83   21.62
-319097.609    93.714     8.49   21.48
-318808.493    98.919    18.00   24.05
-318519.379   103.490    15.81   23.47
-318230.267   108.460    17.19   22.99
-317941.157   112.128    12.69   21.57
-317652.049   119.197    24.45   18.90
-317362.943   122.283    10.68   17.39
-317073.839   126.214    13.60   16.87
-316784.738   132.386    21.35   16.31
-316495.638   136.835    15.39   15.73
-316206.540   139.769    10.15   16.24
-315917.444   144.405    16.04   15.06
-315628.351   146.663     7.81   15.03
-315339.259   148.019     4.69   16.57
-315050.169   152.090    14.08   16.77
-314761.082   153.197     3.83   18.68
-314471.996   152.780    -1.44   19.31
-314182.913   151.904    -3.03   17.99
-313893.831   150.225    -5.81   16.20
-313604.751   147.186   -10.51   17.20
-313315.660   140.296   -23.84   19.81
-313026.150   133.387   -23.87   20.84
-312736.642   123.703   -33.45   20.89
-312447.137   117.185   -22.51   21.70
-312157.633   111.607   -19.27   20.96
-311868.132   103.530   -27.90   19.80
-311578.632    95.395   -28.10   18.53
-311289.134    87.327   -27.87   19.79
-310999.639    80.473   -23.68   21.47
-310710.145    73.319   -24.71   21.01
-310420.654    63.921   -32.47   19.48
-310131.164    56.181   -26.74   14.37
-309841.677    51.119   -17.48   10.05
-309552.191    48.729    -8.26    8.51
-309262.708    48.022    -2.44    8.03
-308973.226    47.904    -0.41    8.05
-308683.747    48.269     1.26    8.21
-308394.269    47.887    -1.32    7.47
-308104.794    47.269    -2.13    7.22
-307815.320    45.835    -4.96    6.67
-307525.849    44.536    -4.49    6.02
-307236.379    43.017    -5.25    5.59
-306946.912    42.453    -1.95    4.87
-306657.446    41.984    -1.62    4.79
-306367.983    41.300    -2.36    4.89
-306078.521    41.628     1.13    4.93
-305789.062    41.369    -0.89    4.98
-305499.604    41.276    -0.32    5.26
-305210.149    41.771     1.71    5.10
-304920.695    42.749     3.38    4.57
-304631.243    43.714     3.34    3.92
-304341.794    44.111     1.37    3.24
-304052.346    45.276     4.03    3.48
-303762.900    45.968     2.39    3.93
-303473.457    48.456     8.60    7.06
-303184.015    52.954    15.54   10.19
-302894.575    56.030    10.63   10.84
-302605.138    60.153    14.24   11.43
-302315.702    64.789    16.02   11.43
-302026.268    68.124    11.52   10.02
-301736.836    71.769    12.60    8.74
-301447.406    73.977     7.63    6.84
-301157.978    74.141     0.57    6.76
-300868.552    74.990     2.94    5.24
-300579.128    74.666    -1.12    5.64
-300289.706    74.934     0.93    4.80
-300000.286    75.554     2.14    3.24
-299710.868    75.686     0.46    4.53
-299421.452    75.655    -0.11    5.54
-299132.038    73.079    -8.90    7.67
-298842.626    70.819    -7.81    8.81
-298553.216    69.519    -4.49    9.03
-298263.807    67.300    -7.67    9.05
-297974.401    65.214    -7.21    9.02
-297684.997    64.225    -3.42    7.74
-297395.594    64.378     0.53    6.76
-297106.194    65.531     3.98    6.86
-296816.795    66.446     3.16    6.45
-296527.398    67.191     2.57    5.78
-296238.004    68.005     2.81    4.97
-295948.611    69.663     5.73    3.64
-295659.220    70.640     3.38    3.52
-295369.832    71.663     3.53    3.38
-295080.445    72.490     2.86    3.20
-294791.060    73.507     3.52    3.04
-294501.677    74.163     2.26    3.12
-294212.296    74.186     0.08    3.68
-293922.917    74.800     2.12    3.93
-293633.539    75.269     1.62    4.20
-293344.164    75.584     1.09    4.26
-293054.791    75.818     0.81    4.34
-292765.419    77.219     4.84    4.49
-292476.050    78.802     5.47    5.04
-292186.682    80.293     5.15    5.61
-291897.317    82.352     7.11    5.85
-291607.953    85.594    11.20    7.60
-291318.591    88.483     9.99    8.49
-291029.232    91.615    10.82    9.00
-290739.874    94.236     9.06    8.79
-290450.518    95.369     3.92    8.02
-290161.164    97.429     7.12    7.72
-289871.811    98.466     3.58    7.15
-289582.461    99.436     3.35    6.48
-289293.113    99.336    -0.35    5.67
-289003.766    99.819     1.67    5.50
-288714.422    99.303    -1.78    5.18
-288425.079    97.903    -4.84    6.00
-288135.739    96.497    -4.86    6.44
-287846.400    94.800    -5.86    6.07
-287557.063    93.971    -2.87    6.04
-287267.728    93.103    -3.00    6.20
-286978.395    92.185    -3.17    6.04
-286689.064    92.436     0.87    6.18
-286399.735    92.387    -0.17    6.09
-286110.407    93.165     2.69    5.75
-285821.082    94.169     3.47    5.11
-285531.758    95.569     4.84    5.01
-285242.437    96.145     1.99    4.57
-284953.117    96.922     2.68    4.58
-284663.799    97.530     2.10    4.40
-284374.483    98.429     3.11    4.50
-284085.169   100.192     6.09    5.81
-283795.857   102.090     6.56    6.11
-283506.546   103.262     4.05    5.90
-283217.238   103.119    -0.49    6.49
-282927.932   101.507    -5.57    8.14
-282638.627    97.984   -12.18   10.49
-282349.324    93.921   -14.04   11.92
-282060.023    88.490   -18.77   11.15
-281770.724    85.076   -11.80    9.65
-281481.427    84.249    -2.86    9.45
-281192.132    86.136     6.52   11.75
-280902.839    89.094    10.22   13.21
-280613.547    94.253    17.83   13.22
-280324.258    98.727    15.47   10.50
-280034.970    99.007     0.97   10.52
-279745.684    96.603    -8.31   12.67
-279456.400    93.103   -12.10   13.95
-279167.118    88.689   -15.26   13.83
-278877.838    83.459   -18.08   12.94
-278588.559    78.438   -17.36   11.09
-278299.283    74.732   -12.81    9.15
-278010.008    73.386    -4.65    7.16
-277720.735    71.427    -6.77    6.78
-277431.464    69.887    -5.32    6.46
-277142.195    68.369    -5.25    5.51
-276852.928    68.361    -0.03    3.87
-276563.663    68.569     0.72    4.53
-276274.399    70.039     5.08    5.68
-275985.138    72.378     8.09    7.82
-275695.878    74.853     8.56    8.25
-275406.620    76.586     5.99    8.29
-275117.364    78.169     5.47    7.57
-274828.110    77.766    -1.39    7.35
-274538.857    78.169     1.39    7.49
-274249.607    77.669    -1.73    7.12
-273960.358    76.764    -3.13    6.61
-273671.111    74.463    -7.96    6.67
-273381.866    72.766    -5.87    8.01
-273092.623    71.269    -5.17    8.93
-272803.382    69.303    -6.80    9.80
-272514.143    65.514   -13.10    9.11
-272224.905    62.335   -10.99    6.93
-271935.669    59.852    -8.59    3.64
-271646.435    58.935    -3.17    2.56
-271357.203    58.253    -2.36    2.39
-271067.973    57.821    -1.49    2.69
-270778.745    57.175    -2.24    2.94
-270489.518    56.659    -1.78    3.19
-270200.293    56.203    -1.58    3.91
-269911.070    55.128    -3.72    4.33
-269621.849    53.902    -4.24    4.69
-269332.630    52.663    -4.29    4.11
-269043.412    51.456    -4.17    2.91
-268754.197    50.973    -1.67    2.69
-268464.983    51.076     0.36    2.76
-268175.771    51.427     1.21    2.87
-267886.561    51.749     1.11    2.95
-267597.352    51.853     0.36    2.88
-267308.146    51.441    -1.42    2.78
-267018.941    51.042    -1.38    2.80
-266729.738    50.558    -1.67    2.64
-266440.537    50.344    -0.74    2.50
-266151.338    50.115    -0.79    2.24
-265862.140    50.048    -0.23    2.85
-265572.945    50.387     1.17    4.02
-265283.751    50.128    -0.89    4.08
-264994.559    49.519    -2.10    3.24
-264705.369    49.574     0.19    3.04
-264416.180    49.490    -0.29    2.52
-264126.993    50.103     2.12    3.10
-263837.809    50.308     0.71    3.50
-263548.626    50.519     0.73    4.19
-263259.444    49.547    -3.36    4.86
-262970.265    48.903    -2.23    5.69
-262681.087    47.429    -5.10    6.18
-262391.911    45.986    -4.99    5.87
-262102.737    44.469    -5.24    4.61
-261813.565    42.990    -5.12    3.34
-261524.395    42.019    -3.36    2.33
-261235.226    41.269    -2.59    2.32
-260946.059    40.712    -1.93    2.18
-260656.894    40.191    -1.80    2.16
-260367.731    40.094    -0.34    2.52
-260078.569    39.886    -0.72    2.83
-259789.410    39.819    -0.23    2.71
-259500.252    39.683    -0.47    3.42
-259211.095    39.835     0.53    3.39
-258921.941    39.536    -1.03    2.89
-258632.788    39.492    -0.15    2.75
-258343.638    39.436    -0.19    2.36
-258054.489    39.525     0.31    2.20
-257765.341    40.293     2.66    2.18
-257476.196    40.571     0.96    2.08
-257187.052    41.119     1.90    2.11
-256897.910    42.163     3.61    3.15
-256608.770    42.902     2.56    3.26
-256319.631    43.283     1.32    2.56
-256030.495    43.783     1.73    2.38
-255741.360    44.249     1.61    2.39
-255452.227    44.749     1.73    2.22
-255163.095    44.984     0.81    2.03
-254873.966    45.007     0.08    1.84
-254584.838    45.153     0.50    1.97
-254295.712    44.994    -0.55    2.00
-254006.588    44.920    -0.26    2.29
-253717.465    44.689    -0.80    2.28
-253428.344    44.378    -1.08    2.74
-253139.225    43.804    -1.99    3.09
-252850.108    43.262    -1.87    3.31
-252560.992    42.490    -2.67    3.24
-252271.879    42.734     0.84    3.65
-251982.766    42.703    -0.11    4.11
-251693.656    42.509    -0.67    4.43
-251404.548    44.197     5.84    6.00
-251115.441    46.119     6.65    6.56
-250826.038    46.413     1.02    6.58
-250536.559    47.053     2.21    6.38
-250247.083    47.666     2.12    6.42
-249957.608    47.361    -1.05    6.67
-249668.134    46.242    -3.86    6.67
-249378.663    44.919    -4.57    5.99
-249089.193    44.553    -1.27    5.39
-248799.725    44.059    -1.71    5.32
-248510.258    43.186    -3.02    5.03
-248220.794    41.569    -5.59    4.22
-247931.331    41.150    -1.45    3.32
-247641.870    41.395     0.85    3.83
-247352.410    42.283     3.07    4.64
-247062.953    42.503     0.76    4.58
-246773.497    42.920     1.44    4.09
-246484.042    42.886    -0.12    4.61
-246194.590    42.938     0.18    4.65
-245905.139    43.119     0.63    4.39
-245615.690    42.785    -1.16    4.17
-245326.243    43.619     2.88    4.84
-245036.797    44.755     3.92    4.99
-244747.353    45.697     3.26    5.16
-244457.911    46.220     1.81    5.61
-244168.471    46.769     1.90    5.56
-243879.032    47.232     1.60    5.65
-243589.595    46.819    -1.42    5.64
-243300.160    46.921     0.35    5.92
-243010.726    46.180    -2.56    5.52
-242721.294    45.387    -2.74    4.79
-242431.864    44.956    -1.49    4.46
-242142.436    44.837    -0.41    4.18
-241853.009    44.042    -2.75    2.97
-241563.584    43.751    -1.01    2.08
-241274.161    43.655    -0.33    2.16
-240984.739    43.700     0.15    2.21
-240695.319    43.466    -0.81    2.34
-240405.901    43.276    -0.66    2.35
-240116.485    42.836    -1.52    2.53
-239827.070    42.628    -0.72    2.72
-239537.657    42.490    -0.48    2.78
-239248.245    42.853     1.25    3.59
-238958.836    43.303     1.55    4.14
-238669.428    43.547     0.84    4.11
-238380.021    44.280     2.53    3.92
-238090.617    44.186    -0.32    3.78
-237801.214    44.747     1.94    3.93
-237511.813    44.410    -1.16    3.66
-237222.413    43.988    -1.46    3.50
-236933.015    43.835    -0.53    3.02
-236643.619    44.547     2.46    4.16
-236354.225    45.423     3.03    5.26
-236064.832    45.953     1.83    5.72
-235775.441    46.751     2.76    6.60
-235486.051    47.515     2.64    6.91
-235196.663    48.469     3.30    7.35
-234907.277    49.477     3.48    7.36
-234617.893    49.344    -0.46    7.51
-234328.510    49.283    -0.21    7.87
-234039.129    48.153    -3.91    7.67
-233749.750    47.564    -2.03    7.39
-233460.372    46.094    -5.08    6.39
-233170.996    44.938    -3.99    5.65
-232881.622    44.318    -2.14    4.95
-232592.249    44.099    -0.76    4.17
-232302.878    44.073    -0.09    3.49
-232013.509    43.853    -0.76    3.55
-231724.141    43.800    -0.18    3.68
-231434.775    43.641    -0.55    3.73
-231145.411    42.853    -2.72    3.87
-230856.048    42.353    -1.73    3.63
-230566.687    41.706    -2.24    3.36
-230277.328    41.185    -1.80    3.15
-229987.970    41.163    -0.08    3.00
-229698.614    41.119    -0.15    3.33
-229409.259    41.611     1.70    3.84
-229119.907    42.115     1.74    4.35
-228830.555    41.921    -0.67    4.67
-228541.206    41.749    -0.60    4.59
-228251.858    41.637    -0.39    4.53
-227962.512    41.669     0.11    4.31
-227673.168    41.394    -0.95    4.21
-227383.825    40.594    -2.77    3.68
-227094.483    40.700     0.37    3.60
-226805.144    41.168     1.62    4.02
-226515.806    41.576     1.41    4.57
-226226.470    43.124     5.35    5.41
-225937.135    44.191     3.69    5.67
-225647.802    45.722     5.29    5.57
-225358.471    45.619    -0.35    5.46
-225069.141    45.953     1.15    5.16
-224779.813    46.490     1.86    4.95
-224490.486    46.099    -1.35    4.63
-224201.161    46.001    -0.34    4.19
-223911.838    45.666    -1.16    3.80
-223622.517    45.141    -1.82    3.32
-223333.197    44.834    -1.06    3.10
-223043.878    45.230     1.37    4.07
-222754.562    46.225     3.44    4.78
-222465.246    46.436     0.73    5.32
-222175.933    45.904    -1.84    5.65
-221886.621    45.441    -1.60    5.99
-221597.311    44.603    -2.90    6.37
-221308.002    43.352    -4.32    5.54
-221018.695    42.706    -2.24    4.86
-220729.390    43.386     2.35    5.48
-220440.086    43.956     1.97    5.87
-220150.784    44.852     3.10    5.84
-219861.483    45.542     2.38    5.95
-219572.185    46.869     4.59    6.27
-219282.887    47.404     1.85    6.26
-218993.592    47.649     0.85    6.27
-218704.297    47.525    -0.43    6.17
-218415.005    47.262    -0.91    6.03
-218125.714    47.192    -0.24    5.40
-217836.425    46.836    -1.23    4.54
-217547.137    46.736    -0.35    3.77
-217257.851    46.641    -0.33    3.14
-216968.567    46.904     0.91    3.01
-216679.284    47.463     1.93    3.49
-216390.002    48.378     3.16    5.05
-216100.723    49.003     2.16    5.63
-215811.445    49.076     0.25    5.70
-215522.168    48.887    -0.66    5.89
-215232.893    49.128     0.83    6.05
-214943.620    48.869    -0.89    6.19
-214654.348    49.124     0.88    6.30
-214365.078    49.611     1.68    6.51
-214075.809    51.259     5.70    7.14
-213786.542    52.387     3.90    7.32
-213497.277    53.073     2.37    7.14
-213208.013    52.586    -1.68    6.83
-212918.751    52.786     0.69    6.38
-212629.490    51.837    -3.28    5.79
-212340.231    51.655    -0.63    5.58
-212050.974    50.903    -2.60    4.36
-211761.718    50.542    -1.25    3.59
-211472.464    50.503    -0.14    3.34
-211183.211    50.853     1.21    3.33
-210893.960    50.938     0.30    2.84
-210604.710    51.603     2.30    2.71
-210315.462    52.012     1.42    3.25
-210026.216    53.031     3.52    4.74
-209736.971    54.653     5.61    6.01
-209447.727    56.463     6.26    6.56
-209158.486    57.628     4.03    6.85
-208869.245    59.431     6.23    6.57
-208580.007    60.768     4.62    6.33
-208290.770    60.714    -0.18    6.16
-208001.534    60.033    -2.35    6.72
-207712.300    58.734    -4.49    7.49
-207423.068    56.624    -7.30    7.72
-207133.837    55.076    -5.35    7.61
-206844.608    52.783    -7.93    6.61
-206555.380    50.919    -6.45    4.38
-206266.154    50.852    -0.23    4.14
-205976.929    50.869     0.06    4.26
-205687.706    50.576    -1.01    4.48
-205398.484    50.628     0.18    4.49
-205109.264    50.509    -0.41    4.10
-204820.046    51.153     2.23    4.06
-204530.829    50.656    -1.72    3.15
-204241.614    50.536    -0.42    2.39
-203952.400    50.783     0.85    2.30
-203663.187    50.803     0.07    2.34
-203373.977    51.005     0.70    2.41
-203084.767    51.786     2.70    3.68
-202795.560    52.782     3.44    5.19
-202506.354    53.990     4.18    6.18
-202217.149    55.025     3.58    7.07
-201927.946    55.971     3.27    7.55
-201638.744    57.208     4.28    8.20
-201349.544    57.990     2.70    8.22
-201060.346    58.124     0.46    8.00
-200771.149    58.905     2.70    8.05
-200481.954    59.486     2.01    7.59
-200192.760    59.869     1.33    7.10
-199903.567    60.344     1.64    6.34
-199614.377    61.003     2.28    5.85
-199325.187    61.352     1.21    5.87
-199035.999    60.259    -3.78    5.96
-198746.813    59.507    -2.60    6.50
-198457.628    59.141    -1.27    7.14
-198168.445    58.492    -2.24    7.39
-197879.263    56.729    -6.10    7.04
-197590.083    55.586    -3.95    6.01
-197300.904    56.102     1.78    6.85
-197011.727    57.708     5.56    7.40
-196722.552    59.436     5.98    6.95
-196433.377    60.669     4.27    6.03
-196144.205    62.438     6.12    5.83
-195855.033    63.076     2.21    5.44
-195565.864    62.191    -3.06    5.85
-195276.696    59.717    -8.56    5.82
-194987.529    57.450    -7.84    5.39
-194698.364    56.005    -5.00    5.13
-194409.200    54.102    -6.58    4.49
-194120.038    52.785    -4.55    3.39
-193830.877    52.076    -2.45    2.40
-193541.718    51.820    -0.89    2.95
-193252.561    52.300     1.66    3.17
-192963.404    52.490     0.66    3.19
-192674.250    52.887     1.37    3.08
-192385.097    53.559     2.33    3.25
-192095.945    53.719     0.55    3.52
-191806.795    54.107     1.34    4.14
-191517.646    54.086    -0.07    4.83
-191228.499    53.396    -2.39    4.56
-190939.353    52.438    -3.31    4.04
-190650.209    51.148    -4.46    2.01
-190361.066    50.649    -1.73    1.74
-190071.925    50.419    -0.79    2.42
-189782.785    50.080    -1.17    2.50
-189493.646    49.800    -0.97    2.60
-189204.509    49.819     0.06    2.75
-188915.374    49.734    -0.29    2.67
-188626.065    49.869     0.47    2.71
-188336.615    50.059     0.66    2.80
-188047.167    50.073     0.05    2.18
-187757.720    50.119     0.16    2.15
-187468.275    50.751     2.18    2.85
-187178.832    51.296     1.88    2.78
-186889.389    51.446     0.52    3.07
-186599.949    52.053     2.10    5.02
-186310.509    51.645    -1.41    5.17
-186021.072    50.886    -2.62    4.62
-185731.635    52.395     5.21    6.94
-185442.200    53.886     5.15    8.11
-185152.767    56.837    10.20    9.11
-184863.335    59.676     9.81    9.30
-184573.905    62.686    10.40    8.52
-184284.476    65.045     8.15    6.70
-183995.048    65.192     0.51    6.79
-183705.622    64.736    -1.58    7.32
-183416.197    63.836    -3.11    7.73
-183126.774    64.163     1.13    7.96
-182837.352    63.727    -1.51    7.59
-182547.932    62.919    -2.79    7.26
-182258.513    61.886    -3.57    6.83
-181969.096    60.738    -3.97    6.19
-181679.680    60.090    -2.24    6.08
-181390.266    59.405    -2.37    5.93
-181100.853    59.786     1.32    6.40
-180811.441    58.783    -3.47    6.19
-180522.031    60.019     4.27    7.09
-180232.622    61.819     6.22    7.87
-179943.215    63.300     5.12    7.66
-179653.809    64.369     3.69    7.62
-179364.405    64.025    -1.19    7.45
-179075.002    62.886    -3.93    8.15
-178785.600    62.576    -1.07    8.71
-178496.200    60.751    -6.31    8.10
-178206.801    59.473    -4.42    7.42
-177917.404    57.749    -5.96    6.45
-177628.008    57.128    -2.15    6.36
-177338.614    56.669    -1.58    7.06
-177049.221    54.968    -5.88    7.95
-176759.829    52.992    -6.83    7.65
-176470.439    52.852    -0.48    7.88
-176181.051    52.378    -1.64    7.72
-175891.663    52.683     1.05    7.41
-175602.278    53.736     3.64    8.04
-175312.893    54.938     4.15    8.24
-175023.510    57.421     8.58    8.19
-174734.129    58.641     4.22    7.63
-174444.748    59.569     3.21    7.70
-174155.370    60.328     2.62    7.37
-173865.992    61.542     4.19    7.04
-173576.616    63.480     6.70    6.90
-173287.242    63.975     1.71    7.27
-172997.869    62.869    -3.82    7.55
-172708.497    60.536    -8.06    7.83
-172419.127    59.669    -3.00    7.79
-172129.758    59.771     0.35    7.81
-171840.390    59.027    -2.57    7.41
-171551.024    59.319     1.01    7.16
-171261.660    59.421     0.35    6.86
-170972.296    60.669     4.31    7.11
-170682.935    61.771     3.81    6.93
-170393.574    62.559     2.72    6.80
-170104.215    61.594    -3.34    6.88
-169814.857    60.048    -5.34    6.81
-169525.501    58.656    -4.81    7.49
-169236.146    57.259    -4.83    7.94
-168946.793    56.336    -3.19    7.61
-168657.440    55.283    -3.64    7.30
-168368.090    54.817    -1.61    6.80
-168078.740    54.954     0.47    6.64
-167789.392    55.990     3.58    6.38
-167500.046    58.427     8.42    6.17
-167210.701    60.214     6.18    6.08
-166921.357    60.921     2.44    6.30
-166632.014    60.473    -1.55    7.04
-166342.673    58.318    -7.45    7.98
-166053.334    56.165    -7.44    8.27
-165763.995    53.490    -9.24    7.35
-165474.658    50.990    -8.64    5.58
-165185.323    49.732    -4.35    4.34
-164895.989    48.732    -3.46    1.75
-164606.656    48.460    -0.94    1.79
-164317.324    48.242    -0.75    1.87
-164027.994    48.469     0.78    2.87
-163738.666    49.062     2.05    4.09
-163449.338    50.059     3.44    5.32
-163160.012    52.303     7.75    7.29
-162870.688    54.378     7.17    7.83
-162581.365    55.903     5.27    7.51
-162292.043    56.941     3.59    7.34
-162002.722    57.766     2.85    6.97
-161713.403    57.729    -0.13    6.48
-161424.085    58.768     3.59    7.25
-161134.769    59.436     2.31    7.85
-160845.454    60.714     4.42    8.03
-160556.140    62.469     6.07    7.41
-160266.828    62.869     1.38    7.44
-159977.517    63.453     2.02    7.13
-159688.207    63.386    -0.23    6.84
-159398.899    63.203    -0.63    6.63
-159109.592    61.136    -7.14    7.11
-158820.286    59.554    -5.47    7.36
-158530.982    58.141    -4.88    6.84
-158241.679    57.680    -1.59    7.29
-157952.377    57.836     0.54    7.46
-157663.077    58.536     2.42    7.71
-157373.778    59.817     4.43    8.44
-157084.481    61.736     6.63    8.42
-156795.184    63.641     6.59    8.27
-156505.889    64.789     3.97    7.61
-156216.596    65.903     3.85    6.47
-155927.304    66.327     1.47    5.66
-155638.013    66.421     0.33    5.77
-155348.723    66.712     1.00    6.55
-155059.435    67.378     2.30    6.59
-154770.148    68.514     3.93    5.20
-154480.862    68.563     0.17    5.26
-154191.578    68.236    -1.13    5.58
-153902.295    67.566    -2.32    6.20
-153613.014    64.751    -9.73    7.93
-153323.733    63.921    -2.87    8.10
-153034.454    62.787    -3.92    8.40
-152745.177    61.335    -5.02    8.55
-152455.901    60.576    -2.62    8.55
-152166.626    60.094    -1.67    8.69
-151877.352    59.094    -3.46    8.27
-151588.079    59.736     2.22    8.12
-151298.808    59.249    -1.68    7.83
-151009.539    57.503    -6.04    8.35
-150720.270    56.280    -4.23    8.73
-150431.003    53.956    -8.04    9.15
-150141.737    52.099    -6.42    9.39
-149852.473    51.386    -2.46    9.39
-149563.210    50.869    -1.79    9.30
-149273.948    50.869     0.00    8.87
-148984.687    51.663     2.74   10.06
-148695.428    51.971     1.07   10.73
-148406.170    53.036     3.68   11.03
-148116.913    56.636    12.45   10.59
-147827.658    59.438     9.69    8.61
-147538.404    60.666     4.24    7.29
-147249.151    61.062     1.37    6.86
-146959.899    60.903    -0.55    6.35
-146670.649    60.736    -0.58    6.12
-146381.400    59.956    -2.70    5.86
-146092.152    60.019     0.22    5.82
-145802.906    60.119     0.35    5.86
-145513.661    60.141     0.07    6.31
-145224.417    60.497     1.23    6.50
-144935.175    60.191    -1.05    7.37
-144645.934    60.328     0.47    7.71
-144356.694    59.764    -1.95    7.74
-144067.455    59.886     0.42    7.57
-143778.218    60.180     1.02    7.40
-143488.982    59.214    -3.34    7.59
-143199.747    58.853    -1.25    7.81
-142910.513    57.421    -4.95    8.50
-142621.281    56.094    -4.59    8.96
-142332.050    55.387    -2.44    9.30
-142042.820    54.453    -3.23    9.61
-141753.592    52.700    -6.06   10.33
-141464.365    48.953   -12.96   10.55
-141175.139    44.818   -14.30   10.14
-140885.914    41.691   -10.81   10.02
-140596.691    39.753    -6.70    8.38
-140307.469    37.852    -6.57    7.02
-140018.248    37.903     0.17    7.11
-139729.028    37.753    -0.52    6.96
-139439.810    37.921     0.58    7.30
-139150.593    38.542     2.15    7.65
-138861.377    39.283     2.56    7.99
-138572.163    40.001     2.48    8.19
-138282.950    39.059    -3.26    6.18
-137993.738    39.191     0.46    6.24
-137704.527    39.025    -0.58    5.70
-137415.317    39.361     1.16    5.61
-137126.109    39.918     1.93    5.97
-136836.902    39.669    -0.86    5.52
-136547.696    39.886     0.75    5.58
-136258.492    40.566     2.35    5.57
-135969.288    40.490    -0.26    5.80
-135680.086    39.768    -2.50    6.01
-135390.886    39.395    -1.29    6.07
-135101.686    40.619     4.23    7.06
-134812.488    41.663     3.61    7.14
-134523.291    43.680     6.98    7.79
-134234.095    45.115     4.96    8.02
-133944.900    48.225    10.76    8.14
-133655.707    49.386     4.01    7.84
-133366.515    50.128     2.57    7.40
-133077.324    47.564    -8.87    8.78
-132788.134    45.227    -8.08    9.72
-132498.946    43.971    -4.34    9.54
-132209.759    43.153    -2.83    9.26
-131920.573    43.469     1.10    9.57
-131631.388    43.427    -0.15    9.72
-131342.205    45.501     7.17    9.72
-131053.022    47.836     8.07    9.41
-130763.841    50.749    10.07    8.79
-130474.661    51.853     3.82    8.95
-130185.483    53.214     4.71    8.81
-129896.305    54.732     5.25    8.39
-129607.129    56.683     6.75    8.31
-129317.954    58.584     6.57    7.66
-129028.781    58.353    -0.80    7.86
-128739.608    58.936     2.02    7.92
-128450.437    59.429     1.70    7.75
-128161.267    59.507     0.27    8.04
-127872.098    59.712     0.71    8.20
-127582.930    60.615     3.13    7.75
-127293.764    61.714     3.80    7.02
-127004.598    61.328    -1.33    6.86
-126715.434    61.107    -0.77    6.51
-126426.190    60.712    -1.37    5.64
-126136.767    60.249    -1.60    6.33
-125847.346    59.352    -3.10    6.79
-125557.925    59.689     1.16    6.75
-125268.506    60.904     4.20    7.27
-124979.089    61.904     3.46    7.55
-124689.672    62.973     3.69    6.69
-124400.257    63.318     1.19    5.74
-124110.842    63.536     0.75    5.39
-123821.429    64.053     1.79    4.98
-123532.017    63.869    -0.63    4.84
-123242.607    63.280    -2.04    5.18
-122953.197    62.318    -3.33    4.86
-122663.789    62.036    -0.97    4.69
-122374.382    62.259     0.77    4.61
-122084.976    62.103    -0.54    4.47
-121795.572    61.977    -0.44    4.36
-121506.168    62.232     0.88    4.32
-121216.766    62.361     0.45    4.21
-120927.365    62.158    -0.70    4.19
-120637.965    62.369     0.73    3.89
-120348.566    62.318    -0.18    4.14
-120059.168    62.039    -0.96    3.94
-119769.772    62.624     2.02    3.56
-119480.377    63.700     3.72    3.58
-119190.983    64.869     4.04    3.35
-118901.590    65.615     2.58    2.92
-118612.198    65.936     1.11    2.47
-118322.807    66.255     1.10    2.00
-118033.418    66.446     0.66    1.85
-117744.030    66.076    -1.28    2.17
-117454.643    65.158    -3.17    2.86
-117165.257    64.069    -3.76    5.17
-116875.872    62.922    -3.96    6.42
-116586.489    60.953    -6.81    7.33
-116297.106    60.027    -3.20    6.31
-116007.725    59.531    -1.72    6.10
-115718.345    59.536     0.02    5.88
-115428.966    59.519    -0.06    5.91
-115139.588    61.042     5.26    6.37
-114850.212    63.030     6.87    5.81
-114560.836    64.253     4.23    5.06
-114271.462    65.090     2.89    4.81
-113982.089    65.525     1.50    4.61
-113692.717    65.007    -1.79    4.71
-113403.346    64.280    -2.51    4.92
-113113.976    63.636    -2.23    5.06
-112824.608    63.163    -1.64    5.56
-112535.240    61.786    -4.76    5.62
-112245.874    61.335    -1.56    5.27
-111956.509    59.732    -5.54    5.75
-111667.145    58.404    -4.59    5.71
-111377.782    57.335    -3.69    5.53
-111088.420    56.001    -4.61    5.04
-110799.060    55.232    -2.66    4.64
-110509.700    53.988    -4.30    4.43
-110220.342    53.438    -1.90    4.13
-109930.985    53.387    -0.18    3.75
-109641.629    53.466     0.27    4.04
-109352.274    54.086     2.14    4.63
-109062.920    54.738     2.25    5.91
-108773.568    54.799     0.21    6.23
-108484.216    55.163     1.26    7.17
-108194.866    56.344     4.08    7.71
-107905.517    56.107    -0.82    7.37
-107616.168    56.353     0.85    7.02
-107326.821    56.800     1.55    6.76
-107037.476    58.145     4.65    6.75
-106748.131    59.729     5.47    6.51
-106458.787    61.186     5.04    5.16
-106169.445    62.153     3.34    4.06
-105880.103    62.387     0.81    3.71
-105590.763    61.903    -1.67    3.67
-105301.424    62.030     0.44    4.05
-105012.086    61.751    -0.97    4.17
-104722.749    61.069    -2.35    4.25
-104433.413    60.636    -1.50    4.36
-104144.078    60.132    -1.74    4.88
-103854.745    60.448     1.09    4.63
-103565.412    61.056     2.10    4.10
-103276.081    61.214     0.55    3.90
-102986.750    61.181    -0.12    3.87
-102697.421    61.689     1.76    4.21
-102408.093    62.783     3.78    4.12
-102118.766    62.886     0.36    4.68
-101829.440    62.280    -2.10    5.74
-101540.115    60.902    -4.76    6.81
-101250.792    59.919    -3.40    7.08
-100961.469    59.269    -2.25    7.42
-100672.147    57.904    -4.72    7.63
-100382.827    56.887    -3.51    7.69
-100093.508    56.158    -2.52    7.99
 -99804.189    55.542    -2.13    9.06
 -99514.872    54.450    -3.77    9.31
 -99225.556    52.369    -7.19    9.60
 -98936.241    50.834    -5.31    9.32
 -98646.927    50.300    -1.85    8.52
 -98357.614    50.576     0.95    8.00
 -98068.303    51.312     2.54    7.94
 -97778.992    51.869     1.93    7.27
 -97489.682    54.680     9.71    7.66
 -97200.374    56.525     6.38    7.85
 -96911.067    58.525     6.91    7.65
 -96621.760    60.886     8.16    7.34
 -96332.455    62.598     5.92    6.94
 -96043.151    63.503     3.13    5.68
 -95753.848    63.923     1.45    4.68
 -95464.546    63.783    -0.48    4.41
 -95175.245    63.469    -1.08    4.43
 -94885.945    63.242    -0.79    4.33
 -94596.646    63.124    -0.41    3.89
 -94307.348    63.244     0.42    3.89
 -94018.051    63.869     2.16    3.62
 -93728.756    64.785     3.16    3.48
 -93439.461    65.090     1.05    2.97
 -93150.167    65.069    -0.07    3.00
 -92860.875    64.956    -0.39    2.95
 -92571.584    64.378    -2.00    3.00
 -92282.293    64.098    -0.97    2.94
 -91993.004    63.530    -1.96    3.10
 -91703.716    62.935    -2.06    2.69
 -91414.428    62.632    -1.05    2.56
 -91125.142    62.086    -1.89    2.76
 -90835.857    61.378    -2.45    2.94
 -90546.573    60.310    -3.69    3.17
 -90257.290    59.904    -1.40    3.36
 -89968.008    59.615    -1.00    3.61
 -89678.727    59.542    -0.25    3.81
 -89389.447    59.273    -0.93    4.17
 -89100.169    59.853     2.00    4.28
 -88810.891    60.098     0.85    4.80
 -88521.614    59.934    -0.57    5.45
 -88232.338    60.153     0.76    6.03
 -87943.064    60.153     0.00    6.53
 -87653.790    60.335     0.63    6.95
 -87364.517    60.405     0.24    7.08
 -87075.246    59.141    -4.37    7.42
 -86785.975    58.903    -0.82    7.32
 -86496.706    59.033     0.45    6.85
 -86207.437    58.753    -0.97    6.94
 -85918.170    58.994     0.84    6.94
 -85628.903    58.242    -2.60    7.08
 -85339.638    58.387     0.50    7.25
 -85050.374    58.253    -0.46    8.16
 -84761.110    57.785    -1.62    8.22
 -84471.848    57.197    -2.03    8.63
 -84182.587    57.025    -0.60    9.04
 -83893.326    57.042     0.06    8.57
 -83604.067    56.574    -1.62    8.40
 -83314.809    57.094     1.80    8.12
 -83025.552    57.632     1.86    7.79
 -82736.296    58.145     1.77    7.03
 -82447.040    60.007     6.44    6.36
 -82157.786    60.968     3.32    6.05
 -81868.533    61.186     0.75    5.74
 -81579.281    60.336    -2.94    6.18
 -81290.030    58.799    -5.31    7.13
 -81000.780    57.680    -3.87    7.18
 -80711.530    57.419    -0.90    7.36
 -80422.282    56.714    -2.44    7.44
 -80133.035    56.269    -1.54    8.05
 -79843.789    55.404    -2.99    8.43
 -79554.544    56.369     3.34    7.98
 -79265.300    55.887    -1.67    8.28
 -78976.057    53.395    -8.62    9.05
 -78686.814    52.553    -2.91    9.91
 -78397.573    51.335    -4.21    9.84
 -78108.333    50.446    -3.07    9.99
 -77819.094    49.352    -3.78   10.23
 -77529.856    47.904    -5.01   10.60
 -77240.619    47.463    -1.53   10.46
 -76951.383    48.819     4.69   10.67
 -76662.147    51.656     9.81   10.70
 -76372.913    52.423     2.65   10.54
 -76083.680    55.836    11.80    8.57
 -75794.448    57.111     4.41    7.92
 -75505.216    57.427     1.09    7.69
 -75215.986    57.886     1.59    7.30
 -74926.757    57.197    -2.38    8.23
 -74637.529    55.225    -6.82    8.74
 -74348.301    55.691     1.61    8.65
 -74059.075    56.706     3.51    8.76
 -73769.849    57.683     3.38    8.64
 -73480.625    59.536     6.41    7.08
 -73191.402    60.214     2.34    6.33
 -72902.179    60.291     0.26    6.28
 -72612.958    58.395    -6.55    8.82
 -72323.737    55.128   -11.30   11.25
 -72034.518    52.607    -8.72   10.88
 -71745.299    50.412    -7.59   10.81
 -71456.081    48.566    -6.38   10.25
 -71166.865    48.473    -0.32    9.94
 -70877.649    48.249    -0.77    9.79
 -70588.434    48.673     1.47    9.62
 -70299.221    48.714     0.14    9.17
 -70010.008    49.175     1.59    9.15
 -69720.796    51.059     6.52    9.42
 -69431.585    53.431     8.20    9.61
 -69142.375    56.312     9.96    9.34
 -68853.166    57.136     2.85    9.28
 -68563.958    58.083     3.27    8.65
 -68274.751    60.483     8.30    7.46
 -67985.545    61.766     4.43    7.53
 -67696.340    62.586     2.84    7.11
 -67407.135    63.819     4.26    6.28
 -67117.932    64.017     0.69    6.51
 -66828.730    64.145     0.44    5.82
 -66539.528    63.404    -2.56    6.65
 -66250.328    63.076    -1.13    6.94
 -65961.128    62.175    -3.12    7.15
 -65671.930    62.066    -0.37    7.29
 -65382.732    61.973    -0.32    6.86
 -65093.535    61.022    -3.29    6.91
 -64804.340    60.477    -1.89    6.67
 -64515.145    60.553     0.26    5.81
 -64225.936    60.804     0.87    6.07
 -63936.542    61.429     2.16    5.86
 -63647.148    62.344     3.16    5.62
 -63357.755    63.168     2.85    5.11
 -63068.364    63.094    -0.26    5.10
 -62778.973    62.919    -0.60    4.79
 -62489.583    63.153     0.81    4.37
 -62200.195    62.934    -0.76    3.87
 -61910.807    62.834    -0.35    3.70
 -61621.420    63.303     1.62    3.15
 -61332.034    62.816    -1.68    2.79
 -61042.648    62.724    -0.32    2.41
 -60753.264    61.988    -2.54    1.67
 -60463.881    62.042     0.19    1.60
 -60174.498    61.547    -1.71    1.51
 -59885.117    61.530    -0.06    1.59
 -59595.736    61.436    -0.32    1.59
 -59306.357    61.344    -0.32    1.69
 -59016.978    61.427     0.29    1.87
 -58727.600    61.353    -0.26    1.92
 -58438.223    61.316    -0.13    1.94
 -58148.847    61.344     0.10    1.74
 -57859.472    61.249    -0.33    1.67
 -57570.098    61.219    -0.10    1.72
 -57280.725    61.191    -0.10    1.63
 -56991.352    61.276     0.29    1.98
 -56701.981    61.266    -0.04    2.02
 -56412.610    61.766     1.73    1.62
 -56123.241    61.722    -0.15    1.68
 -55833.872    61.819     0.33    1.71
 -55544.504    61.632    -0.64    1.80
 -55255.137    61.369    -0.91    1.92
 -54965.771    61.255    -0.39    1.87
 -54676.406    61.269     0.05    1.88
 -54387.041    61.186    -0.29    1.76
 -54097.678    61.246     0.21    2.06
 -53808.315    61.209    -0.13    2.20
 -53518.954    61.111    -0.34    2.36
 -53229.593    60.700    -1.42    2.59
 -52940.233    60.352    -1.20    2.66
 -52650.874    59.771    -2.01    3.85
 -52361.516    59.197    -1.98    4.48
 -52072.159    58.421    -2.68    4.95
 -51782.802    58.308    -0.39    5.63
 -51493.447    58.683     1.30    5.67
 -51204.092    59.279     2.06    5.85
 -50914.739    59.197    -0.28    6.29
 -50625.386    58.653    -1.88    6.70
 -50336.034    57.334    -4.56    7.26
 -50046.683    55.266    -7.15    8.72
 -49757.333    53.319    -6.73    8.94
 -49467.983    51.836    -5.13    8.64
 -49178.635    51.703    -0.46    8.42
 -48889.287    51.994     1.01    8.86
 -48599.940    52.598     2.09    8.85
 -48310.595    53.615     3.51    8.76
 -48021.250    56.036     8.37    7.94
 -47731.905    58.755     9.40    4.32
 -47442.562    58.938     0.63    4.11
 -47153.220    59.569     2.18    3.75
 -46863.878    59.852     0.98    4.34
 -46574.538    60.394     1.87    3.99
 -46285.198    60.208    -0.64    4.96
 -45995.859    59.361    -2.93    6.37
 -45706.521    58.507    -2.95    7.59
 -45417.183    57.747    -2.63    8.16
 -45127.847    57.003    -2.57    8.14
 -44838.511    56.145    -2.96    8.35
 -44549.177    55.403    -2.57    9.53
 -44259.843    54.319    -3.74   10.77
 -43970.510    54.959     2.21   10.55
 -43681.177    53.802    -4.00    9.85
 -43391.846    53.283    -1.79    9.66
 -43102.516    54.086     2.77    9.37
 -42813.186    53.697    -1.34    9.46
 -42523.857    54.319     2.15    9.86
 -42234.529    54.835     1.78   10.08
 -41945.202    55.027     0.66   10.46
 -41655.876    54.242    -2.71   10.40
 -41366.550    53.253    -3.42   10.55
 -41077.225    52.181    -3.70   10.96
 -40787.902    52.010    -0.59   10.74
 -40498.579    52.255     0.85   10.75
 -40209.257    53.053     2.76   10.83
 -39919.935    54.293     4.29    9.86
 -39630.615    55.303     3.49    9.54
 -39341.295    56.378     3.72    9.20
 -39051.976    57.663     4.44    8.95
 -38762.658    59.318     5.72    7.70
 -38473.341    60.387     3.69    6.15
 -38184.025    59.607    -2.69    6.89
 -37894.709    60.163     1.92    6.63
 -37605.394    60.734     1.97    5.30
 -37316.080    58.048    -9.28    8.17
 -37026.767    55.666    -8.23    9.89
 -36737.455    54.869    -2.75   10.80
 -36448.144    54.988     0.41   11.42
 -36158.833    56.869     6.50   11.44
 -35869.523    58.232     4.71   10.97
 -35580.214    59.921     5.84    9.43
 -35290.906    62.869    10.19    5.18
 -35001.598    63.453     2.02    3.14
 -34712.292    62.789    -2.30    4.00
 -34422.986    62.887     0.34    3.98
 -34133.681    62.569    -1.10    4.08
 -33844.377    62.220    -1.21    4.22
 -33555.073    62.099    -0.42    4.45
 -33265.771    62.412     1.08    4.43
 -32976.469    61.973    -1.52    4.75
 -32687.168    61.785    -0.65    4.76
 -32397.868    61.530    -0.88    4.94
 -32108.568    61.336    -0.67    5.29
 -31819.270    60.519    -2.82    5.08
 -31529.972    58.936    -5.47    6.24
 -31240.675    54.734   -14.53    9.59
 -30951.378    54.584    -0.52    9.98
 -30662.083    54.734     0.52    9.81
 -30372.788    55.645     3.15    9.46
 -30083.494    56.547     3.12    8.94
 -29794.201    57.636     3.76    8.53
 -29504.909    58.490     2.95    7.96
 -29215.617    57.473    -3.52    8.25
 -28926.327    56.766    -2.44    8.31
 -28637.037    55.436    -4.60    8.47
 -28347.747    55.310    -0.44    8.09
 -28058.459    55.615     1.05    7.74
 -27769.171    56.869     4.34    7.76
 -27479.884    58.115     4.31    7.37
 -27190.598    58.953     2.90    6.72
 -26901.313    59.586     2.19    6.45
 -26612.028    60.095     1.76    6.01
 -26322.745    59.084    -3.50    6.12
 -26033.462    58.456    -2.17    5.70
 -25744.179    59.158     2.43    5.57
 -25454.898    59.387     0.79    5.16
 -25165.617    59.509     0.42    5.47
 -24876.337    60.025     1.78    5.32
 -24587.058    60.800     2.68    5.40
 -24297.780    61.404     2.09    5.06
 -24008.502    61.369    -0.12    5.16
 -23719.225    60.953    -1.44    5.11
 -23429.949    60.852    -0.35    4.85
 -23140.673    60.786    -0.23    3.98
 -22851.399    60.048    -2.55    3.67
 -22562.125    59.369    -2.35    3.16
 -22272.852    58.819    -1.90    2.44
 -21983.579    58.158    -2.29    1.95
 -21694.308    57.984    -0.60    1.87
 -21405.037    57.905    -0.27    1.95
 -21115.766    57.249    -2.27    2.13
 -20826.497    56.853    -1.37    1.87
 -20537.228    56.369    -1.67    1.90
 -20247.960    55.935    -1.50    2.27
 -19958.693    55.611    -1.12    2.42
 -19669.427    55.419    -0.66    2.71
 -19380.161    55.396    -0.08    2.82
 -19090.896    55.053    -1.19    3.12
 -18801.632    54.734    -1.10    3.45
 -18512.368    54.988     0.88    3.90
 -18223.106    55.327     1.17    4.24
 -17933.844    55.953     2.16    5.04
 -17644.582    56.169     0.75    5.49
 -17355.322    55.507    -2.29    6.21
 -17066.062    55.669     0.56    6.59
 -16776.803    56.486     2.82    6.74
 -16487.544    56.326    -0.55    6.69
 -16198.287    55.785    -1.87    7.00
 -15909.030    55.094    -2.39    7.16
 -15619.773    54.186    -3.14    7.82
 -15330.518    53.669    -1.79    7.77
 -15041.263    52.214    -5.03    8.11
 -14752.009    51.697    -1.79    8.32
 -14462.756    51.691    -0.02    6.87
 -14173.503    50.836    -2.96    6.34
 -13884.251    50.753    -0.29    5.38
 -13595.000    51.003     0.86    4.95
 -13305.750    50.542    -1.59    5.00
 -13016.500    49.566    -3.37    4.91
 -12727.251    50.169     2.09    5.10
 -12438.002    51.025     2.96    6.01
 -12148.755    53.053     7.01    6.24
 -11859.508    54.751     5.87    6.31
 -11570.262    56.232     5.12    6.15
 -11281.016    57.438     4.17    5.57
 -10991.771    58.214     2.68    5.26
 -10702.527    57.869    -1.19    5.63
 -10413.284    57.490    -1.31    5.46
 -10124.041    57.249    -0.83    6.09
  -9834.799    57.076    -0.60    6.53
  -9545.557    58.232     3.99    4.84
  -9256.317    58.176    -0.19    5.16
  -8967.077    58.547     1.28    3.64
  -8677.838    56.937    -5.57    6.84
  -8388.599    55.905    -3.57    8.03
  -8099.361    53.318    -8.94    9.30
  -7810.124    50.686    -9.10   10.59
  -7520.887    48.530    -7.45   11.34
  -7231.652    46.443    -7.22   11.06
  -6942.417    43.798    -9.15   10.33
  -6653.182    41.542    -7.80    9.51
  -6363.948    38.459   -10.66    7.66
  -6074.715    37.369    -3.77    5.97
  -5785.483    36.394    -3.37    5.98
  -5496.251    35.938    -1.58    6.14
  -5207.020    34.700    -4.28    5.59
  -4917.790    33.973    -2.51    5.57
  -4628.560    32.886    -3.76    5.39
  -4339.331    31.886    -3.46    4.96
  -4050.103    31.303    -2.02    4.33
  -3760.875    30.336    -3.34    4.37
  -3471.648    27.645    -9.30    9.83
  -3182.422    24.191   -11.94   12.83
  -2893.196    19.766   -15.30   14.44
  -2603.971    16.607   -10.92   14.72
  -2314.746    11.686   -17.01   14.38
  -2025.523     7.119   -15.79   12.32
  -1736.180     3.852   -11.29    9.73
  -1446.815     1.084    -9.57    6.82
  -1157.451     0.115    -3.35    6.43
   -868.087    -0.927    -3.60    5.79
   -578.724    -1.097    -0.59    6.03
   -289.361     0.059     4.00    7.48
      0.001     2.238     7.53    8.67
    289.362     5.395    10.91    9.45
    578.722    10.463    17.51   11.04
    868.082    15.369    16.96   11.13
   1157.442    20.300    17.04   10.67
   1446.800    24.119    13.20    9.13
   1736.158    26.463     8.10    9.07
   2025.515    28.421     6.77    8.08
   2314.872    29.443     3.53    7.48
   2604.228    31.145     5.88    6.94
   2893.584    31.680     1.85    7.23
   3182.938    32.697     3.52    6.90
   3472.292    34.852     7.45    6.67
   3761.646    36.719     6.45    6.66
   4050.999    38.800     7.19    6.56
   4340.351    41.053     7.78    6.28
   4629.702    42.119     3.69    5.90
   4919.053    44.094     6.82    6.22
   5208.404    45.165     3.70    6.95
   5497.753    47.236     7.16    7.53
   5787.102    49.673     8.42    7.31
   6076.451    51.431     6.08    6.70
   6365.798    50.921    -1.76    7.08
   6655.146    49.751    -4.04    8.00
   6944.492    48.503    -4.31    8.51
   7233.838    47.036    -5.07    9.00
   7523.183    46.007    -3.56    8.53
   7812.528    44.429    -5.46    7.71
   8101.872    44.238    -0.66    7.81
   8391.215    44.419     0.63    8.16
   8680.558    45.469     3.63    8.30
   8969.900    47.249     6.15    9.35
   9259.242    49.819     8.88    8.46
   9548.583    50.581     2.64    7.91
   9837.923    51.819     4.28    7.65
  10127.263    52.785     3.34    7.03
  10416.602    55.469     9.28    7.41
  10705.941    57.903     8.41    7.61
  10995.279    59.589     5.83    7.22
  11284.616    60.819     4.25    6.79
  11573.953    62.749     6.67    5.78
  11863.289    63.919     4.04    4.44
  12152.624    64.169     0.87    4.06
  12441.959    63.431    -2.55    4.41
  12731.293    62.611    -2.83    4.84
  13020.627    62.209    -1.39    5.36
  13309.960    62.246     0.13    5.36
  13599.293    62.107    -0.48    4.80
  13888.624    61.469    -2.20    4.89
  14177.956    61.197    -0.94    4.29
  14467.287    61.084    -0.39    3.92
  14756.617    60.986    -0.34    3.98
  15045.946    60.904    -0.28    2.96
  15335.275    60.001    -3.12    2.96
  15624.604    59.564    -1.51    2.43
  15913.931    59.835     0.94    2.41
  16203.259    59.869     0.12    2.46
  16492.585    59.473    -1.37    2.32
  16781.911    59.345    -0.44    2.49
  17071.237    58.800    -1.88    2.56
  17360.561    58.387    -1.43    2.89
  17649.886    58.266    -0.42    2.97
  17939.210    57.680    -2.03    3.07
  18228.533    57.853     0.60    3.02
  18517.855    57.785    -0.24    2.97
  18807.177    57.853     0.24    3.14
  19096.499    58.448     2.06    2.60
  19385.820    58.128    -1.11    2.81
  19675.140    57.803    -1.12    2.80
  19964.460    57.886     0.29    2.92
  20253.779    57.503    -1.33    3.01
  20543.097    57.352    -0.52    3.18
  20832.415    57.249    -0.36    3.44
  21121.733    57.766     1.79    3.74
  21411.050    58.073     1.06    3.53
  21700.366    58.336     0.91    3.55
  21989.682    58.542     0.71    3.20
  22278.997    58.734     0.66    3.54
  22568.312    59.010     0.95    3.61
  22857.626    58.361    -2.24    3.87
  23146.939    58.303    -0.20    4.63
  23436.252    58.208    -0.33    4.85
  23725.565    57.819    -1.34    4.99
  24014.877    57.782    -0.13    4.75
  24304.188    57.666    -0.40    4.51
  24593.499    58.473     2.79    3.68
  24882.809    58.530     0.20    3.65
  25172.119    57.936    -2.05    3.39
  25461.428    57.378    -1.93    3.31
  25750.737    57.369    -0.03    2.87
  26040.045    57.697     1.13    3.08
  26329.352    57.579    -0.41    3.29
  26618.659    57.903     1.12    3.82
  26907.966    58.124     0.76    4.02
  27197.272    58.387     0.91    4.37
  27486.577    58.834     1.55    4.52
  27775.882    59.069     0.81    4.53
  28065.186    59.005    -0.22    4.20
  28354.490    57.246    -6.08    5.54
  28643.793    55.300    -6.73    5.78
  28933.096    54.030    -4.39    5.32
  29222.398    53.269    -2.63    5.67
  29511.700    53.197    -0.25    5.38
  29801.001    53.436     0.83    5.26
  30090.302    53.835     1.38    5.14
  30379.602    54.732     3.10    4.67
  30668.901    54.938     0.72    4.53
  30958.201    56.214     4.41    3.87
  31247.499    56.033    -0.63    4.26
  31536.797    56.214     0.63    4.65
  31826.095    57.056     2.91    4.56
  32115.392    57.869     2.81    4.36
  32404.688    58.128     0.89    4.31
  32693.984    58.450     1.11    3.74
  32983.280    58.286    -0.57    4.03
  33272.575    58.303     0.06    3.75
  33561.869    57.798    -1.74    4.15
  33851.163    57.369    -1.48    4.10
  34140.456    56.480    -3.08    4.24
  34429.749    56.073    -1.41    4.50
  34719.042    55.819    -0.88    4.83
  35008.334    55.352    -1.62    4.93
  35297.625    55.335    -0.06    4.78
  35586.916    55.010    -1.12    4.63
  35876.207    54.768    -0.84    4.41
  36165.497    54.486    -0.97    4.35
  36454.786    55.094     2.10    3.82
  36744.075    54.145    -3.28    4.54
  37033.363    53.780    -1.26    4.87
  37322.651    53.039    -2.56    5.12
  37611.939    52.503    -1.85    5.45
  37901.226    52.253    -0.86    5.49
  38190.512    52.083    -0.59    5.35
  38479.798    51.887    -0.67    5.52
  38769.084    51.005    -3.05    5.42
  39058.369    50.559    -1.54    5.12
  39347.653    50.771     0.73    5.43
  39636.937    51.984     4.19    5.92
  39926.221    52.697     2.46    6.13
  40215.504    54.486     6.18    5.94
  40504.787    55.477     3.42    5.47
  40794.069    56.289     2.81    4.97
  41083.351    56.581     1.01    4.64
  41372.632    55.819    -2.63    4.82
  41661.913    54.197    -5.61    5.72
  41951.193    53.369    -2.86    5.97
  42240.473    52.649    -2.49    5.84
  42529.752    52.615    -0.12    6.01
  42819.031    51.805    -2.80    6.50
  43108.309    50.886    -3.18    6.95
  43397.587    51.209     1.11    6.61
  43686.865    51.547     1.17    6.99
  43976.142    52.525     3.38    7.38
  44265.418    53.230     2.44    6.74
  44554.694    53.904     2.33    6.20
  44843.970    54.663     2.62    6.08
  45133.245    54.387    -0.95    5.75
  45422.520    54.799     1.43    5.56
  45711.794    54.103    -2.41    6.07
  46001.068    53.429    -2.33    5.46
  46290.341    52.673    -2.61    5.24
  46579.614    52.150    -1.81    5.28
  46868.886    51.536    -2.12    5.58
  47158.158    49.886    -5.70    5.66
  47447.430    48.191    -5.86    4.76
  47736.701    46.919    -4.40    5.21
  48025.972    44.536    -8.24    5.98
  48315.242    42.249    -7.91    5.70
  48604.512    41.335    -3.16    5.38
  48893.781    41.938     2.09    5.45
  49183.050    43.312     4.75    6.11
  49472.318    43.990     2.34    5.55
  49761.586    44.836     2.92    4.95
  50050.854    45.298     1.60    3.44
  50340.121    45.649     1.21    3.48
  50629.388    45.595    -0.19    3.57
  50918.654    45.266    -1.14    3.45
  51207.920    46.056     2.73    3.99
  51497.185    47.628     5.44    5.21
  51786.450    49.818     7.57    6.24
  52075.715    52.686     9.92    7.02
  52364.979    54.666     6.84    6.36
  52654.242    55.773     3.83    5.46
  52943.506    55.977     0.70    5.14
  53232.769    55.369    -2.10    5.26
  53522.031    54.869    -1.73    5.55
  53811.293    54.033    -2.89    5.61
  54100.555    53.279    -2.61    5.33
  54389.816    52.749    -1.83    5.50
  54679.076    52.141    -2.10    5.12
  54968.337    52.012    -0.44    5.10
  55257.597    51.230    -2.70    5.15
  55546.856    50.969    -0.90    5.33
  55836.115    50.286    -2.36    5.33
  56125.374    49.276    -3.49    5.55
  56414.632    47.673    -5.54    6.11
  56703.890    47.611    -0.22    5.91
  56993.148    46.869    -2.56    6.39
  57282.405    45.403    -5.07    6.54
  57571.661    45.107    -1.02    6.34
  57860.918    44.361    -2.58    6.49
  58150.173    45.059     2.41    7.81
  58439.429    47.628     8.88    8.56
  58728.684    49.703     7.17    9.11
  59017.939    52.327     9.07    9.20
  59307.193    54.734     8.32    8.22
  59596.447    56.249     5.24    7.29
  59885.700    55.673    -1.99    7.16
  60174.953    53.753    -6.64    7.29
  60464.256    52.269    -5.13    6.85
  60753.592    50.740    -5.28    5.97
  61042.927    49.714    -3.55    5.58
  61332.262    50.335     2.15    6.59
  61621.597    51.327     3.43    6.87
  61910.931    52.576     4.32    7.02
  62200.265    53.574     3.45    6.72
  62489.599    55.318     6.03    6.50
  62778.932    57.128     6.26    5.32
  63068.264    57.663     1.85    5.10
  63357.597    57.714     0.18    4.72
  63646.929    58.069     1.23    4.64
  63936.260    58.473     1.39    4.25
  64225.592    59.586     3.85    4.93
  64514.923    60.637     3.63    4.92
  64804.253    61.007     1.28    5.26
  65093.583    62.542     5.30    5.41
  65382.913    62.819     0.96    6.36
  65672.242    62.069    -2.59    7.69
  65961.571    60.709    -4.70    8.54
  66250.900    59.576    -3.91    9.05
  66540.228    58.107    -5.08    9.15
  66829.556    56.853    -4.33    9.33
  67118.884    56.111    -2.56    8.74
  67408.211    56.519     1.41    8.76
  67697.538    58.153     5.65    8.58
  67986.864    58.624     1.63    8.24
  68276.190    58.103    -1.80    8.47
  68565.516    57.819    -0.98    7.77
  68854.842    58.559     2.56    6.41
  69144.167    57.429    -3.91    5.17
  69433.491    56.905    -1.81    4.04
  69722.816    56.519    -1.33    4.15
  70012.140    56.276    -0.84    4.21
  70301.463    56.319     0.15    3.92
  70590.787    56.191    -0.44    3.75
  70880.110    55.975    -0.75    3.52
  71169.432    56.361     1.34    3.72
  71458.755    56.576     0.74    3.67
  71748.077    57.319     2.57    4.02
  72037.398    57.412     0.32    3.71
  72326.719    57.318    -0.33    3.53
  72616.040    57.094    -0.77    3.67
  72905.361    56.209    -3.06    2.99
  73194.681    55.569    -2.21    2.78
  73484.001    55.480    -0.31    3.06
  73773.321    55.819     1.17    3.32
  74062.640    56.576     2.62    3.84
  74351.959    57.729     3.98    4.24
  74641.277    59.336     5.55    4.53
  74930.596    60.853     5.24    4.71
  75219.914    61.640     2.72    4.62
  75509.231    62.483     2.92    4.48
  75798.549    63.042     1.93    4.82
  76087.866    63.059     0.06    5.00
  76377.182    63.749     2.38    5.24
  76666.498    63.656    -0.32    5.36
  76955.814    63.732     0.26    5.49
  77245.130    64.163     1.49    5.88
  77534.446    64.283     0.42    5.71
  77823.761    63.293    -3.42    5.04
  78113.075    62.569    -2.50    4.35
  78402.390    62.076    -1.70    3.73
  78691.704    61.653    -1.46    3.57
  78981.018    61.602    -0.18    3.52
  79270.331    61.576    -0.09    3.47
  79559.644    61.653     0.26    3.31
  79848.957    62.073     1.45    3.35
  80138.270    62.669     2.06    3.48
  80427.582    63.030     1.25    3.60
  80716.894    63.732     2.42    3.73
  81006.206    64.094     1.25    3.27
  81295.517    64.953     2.97    3.70
  81584.828    65.673     2.49    4.21
  81874.139    65.990     1.10    4.33
  82163.449    66.736     2.58    4.80
  82452.759    67.238     1.73    4.98
  82742.069    66.953    -0.99    5.32
  83031.379    66.969     0.06    5.64
  83320.688    66.768    -0.70    5.95
  83609.997    65.953    -2.82    5.78
  83899.306    65.253    -2.42    5.45
  84188.614    64.319    -3.23    5.19
  84477.922    63.128    -4.12    5.09
  84767.230    62.327    -2.77    4.98
  85056.538    61.036    -4.46    4.26
  85345.845    60.255    -2.70    3.72
  85635.152    59.700    -1.92    4.56
  85924.459    59.404    -1.02    5.59
  86213.765    58.936    -1.62    6.05
  86503.072    58.569    -1.27    6.10
  86792.377    58.559    -0.04    6.63
  87081.683    58.663     0.36    6.75
  87370.988    57.369    -4.47    6.11
  87660.293    57.525     0.54    5.94
  87949.598    59.336     6.26    6.42
  88238.903    61.019     5.82    6.67
  88528.207    62.766     6.04    5.97
  88817.511    63.512     2.58    6.07
  89106.815    63.869     1.23    6.31
  89396.118    65.318     5.01    6.26
  89685.421    66.636     4.56    6.86
  89974.724    68.300     5.75    7.41
  90264.027    71.111     9.71    7.52
  90553.329    72.766     5.72    7.28
  90842.632    74.542     6.14    7.69
  91131.933    75.738     4.14    8.46
  91421.235    76.835     3.79    8.72
  91710.536    76.525    -1.07    9.56
  91999.838    75.783    -2.56   10.01
  92289.138    76.473     2.38   10.23
  92578.439    76.886     1.43   10.23
  92867.739    77.751     2.99    9.53
  93157.040    78.005     0.88    9.35
  93446.340    78.273     0.93    9.66
  93735.639    77.904    -1.28   10.37
  94024.939    77.569    -1.16   10.84
  94314.238    77.310    -0.90   10.75
  94603.537    75.869    -4.98   10.65
  94892.835    73.922    -6.73    9.08
  95182.134    73.456    -1.61    8.15
  95471.432    73.834     1.31    7.88
  95760.730    74.819     3.40    7.58
  96050.027    74.443    -1.30    8.15
  96339.325    73.456    -3.41    8.55
  96628.622    72.836    -2.14    8.44
  96917.919    72.255    -2.01    8.45
  97207.216    72.429     0.60    9.42
  97496.513    72.703     0.95    9.81
  97785.809    73.603     3.11    9.84
  98075.105    75.953     8.12    9.76
  98364.401    77.887     6.69   10.60
  98653.696    78.514     2.17    9.96
  98942.992    79.249     2.54    9.62
  99232.287    78.836    -1.43    9.75
  99521.582    77.119    -5.93    9.71
  99810.877    75.659    -5.05    9.33
 100100.171    73.463    -7.59    7.32
 100389.466    70.959    -8.66    6.18
 100678.760    70.418    -1.87    6.44
 100968.054    71.319     3.12    7.56
 101257.347    72.700     4.77    7.65
 101546.641    74.628     6.66    8.40
 101835.934    76.747     7.32    9.66
 102125.227    78.598     6.40    9.02
 102414.520    80.056     5.04    8.18
 102703.813    82.031     6.83    7.65
 102993.105    82.158     0.44    6.70
 103282.397    81.709    -1.55    6.51
 103571.689    81.073    -2.20    6.22
 103860.981    80.714    -1.24    6.16
 104150.273    80.296    -1.45    5.76
 104439.564    79.042    -4.33    5.47
 104728.855    77.800    -4.29    5.27
 105018.146    77.387    -1.43    4.94
 105307.437    78.111     2.50    5.52
 105596.728    79.736     5.62    7.10
 105886.018    81.283     5.35    7.96
 106175.308    83.686     8.31    9.10
 106464.598    87.173    12.05    8.39
 106753.888    90.300    10.81    7.94
 107043.178    91.673     4.74    8.17
 107332.467    92.953     4.42    8.32
 107621.757    93.636     2.36    9.13
 107911.046    93.852     0.75    8.76
 108200.335    93.576    -0.95    8.55
 108489.623    92.564    -3.50    8.23
 108778.912    91.327    -4.28    8.56
 109068.200    90.153    -4.06    9.64
 109357.489    89.628    -1.81   10.48
 109646.777    87.666    -6.78   11.83
 109936.065    86.957    -2.45   12.18
 110225.352    85.336    -5.60   13.16
 110514.640    83.165    -7.51   13.75
 110803.927    81.576    -5.49   13.20
 111093.214    80.203    -4.75   12.77
 111382.501    79.869    -1.15   11.42
 111671.788    78.732    -3.93   10.62
 111961.075    78.191    -1.87    9.89
 112250.361    79.019     2.86   11.03
 112539.648    76.787    -7.72   11.73
 112828.934    74.512    -7.86   13.07
 113118.220    72.969    -5.33   13.32
 113407.506    70.025   -10.18   12.76
 113696.791    69.132    -3.09   12.32
 113986.077    67.181    -6.74    9.94
 114275.362    66.232    -3.28    9.13
 114564.647    67.547     4.55    9.99
 114853.932    67.869     1.11   10.61
 115143.217    67.837    -0.11   10.47
 115432.502    67.059    -2.69   10.47
 115721.787    65.886    -4.05   10.15
 116011.071    64.990    -3.10    9.25
 116300.356    65.405     1.43    9.04
 116589.640    66.530     3.89    9.39
 116878.924    66.663     0.46    9.10
 117168.208    65.083    -5.46    9.42
 117457.491    63.937    -3.96    9.44
 117746.775    62.905    -3.57    9.69
 118036.058    61.473    -4.95    8.83
 118325.342    59.456    -6.97    8.24
 118614.625    58.017    -4.97    6.38
 118903.908    56.490    -5.28    4.21
 119193.191    56.525     0.12    4.56
 119482.474    57.421     3.10    4.43
 119771.756    59.992     8.89    7.41
 120061.039    63.673    12.72    9.81
 120350.321    66.719    10.53    9.90
 120639.603    68.738     6.98    9.90
 120928.885    69.744     3.48    9.82
 121218.167    69.611    -0.46    9.73
 121507.449    69.869     0.89   10.07
 121796.731    68.073    -6.21    9.61
 122086.013    66.820    -4.33    9.02
 122375.294    67.519     2.41    9.08
 122664.586    68.680     4.01    9.51
 122953.895    69.714     3.58    9.23
 123243.204    72.683    10.26    8.13
 123532.513    74.279     5.52    8.84
 123821.822    77.525    11.22    8.50
 124111.130    80.903    11.68    8.51
 124400.439    82.762     6.43    9.58
 124689.747    84.768     6.93   10.45
 124979.056    85.574     2.79   11.13
 125268.364    87.005     4.95   11.21
 125557.672    89.753     9.50   11.98
 125846.980    90.940     4.10   12.70
 126136.288    91.559     2.14   13.96
 126425.596    93.276     5.94   14.81
 126714.904    95.785     8.67   14.37
 127004.211    95.934     0.52   14.15
 127293.519    94.405    -5.28   13.62
 127582.826    91.853    -8.82   12.04
 127872.134    90.413    -4.98   11.23
 128161.441    90.773     1.24    9.64
 128450.748    90.219    -1.91    8.69
 128740.055    90.180    -0.14    8.24
 129029.362    90.819     2.21    7.50
 129318.669    90.691    -0.44    8.07
 129607.976    91.269     2.00    8.33
 129897.282    90.547    -2.50    8.42
 130186.589    87.869    -9.26    8.47
 130475.896    86.361    -5.21    7.66
 130765.202    86.994     2.19    8.09
 131054.508    88.259     4.37    8.02
 131343.815    89.076     2.82    7.88
 131633.121    89.619     1.88    8.37
 131922.427    91.169     5.36    8.43
 132211.733    91.080    -0.31    8.11
 132501.039    91.007    -0.25    8.48
 132790.345    89.818    -4.11    8.33
 133079.651    88.935    -3.05    8.43
 133368.956    86.649    -7.90    8.01
 133658.262    85.269    -4.77    7.09
 133947.568    84.404    -2.99    6.33
 134236.873    83.466    -3.24    6.43
 134526.179    83.050    -1.44    6.29
 134815.484    82.419    -2.18    6.39
 135104.789    81.676    -2.57    5.99
 135394.095    81.959     0.98    6.05
 135683.400    81.576    -1.32    6.30
 135972.705    82.869     4.47    6.47
 136262.010    83.456     2.03    6.71
 136551.315    83.574     0.41    6.86
 136840.620    82.766    -2.79    7.31
 137129.925    83.283     1.79    7.21
 137419.230    83.783     1.73    7.19
 137708.534    83.286    -1.72    7.23
 137997.839    81.469    -6.28    7.32
 138287.144    79.507    -6.78    7.24
 138576.448    78.003    -5.20    8.02
 138865.753    77.334    -2.31    8.85
 139155.057    76.456    -3.04    9.25
 139444.362    76.853     1.37   11.29
 139733.666    76.463    -1.35   13.30
 140022.971    76.036    -1.47   14.35
 140312.275    75.512    -1.81   14.35
 140601.579    73.594    -6.63   15.10
 140890.884    68.819   -16.50   13.61
 141180.188    65.719   -10.72   11.64
 141469.492    63.595    -7.34   10.25
 141758.796    62.663    -3.22    9.87
 142048.100    60.703    -6.77    9.47
 142337.404    60.729     0.09   10.31
 142626.708    61.624     3.09   10.51
 142916.012    64.598    10.28   10.53
 143205.316    65.853     4.34   11.36
 143494.620    67.564     5.92   11.84
 143783.924    70.697    10.83   10.09
 144073.228    73.019     8.03    8.87
 144362.532    75.310     7.92    7.50
 144651.836    76.083     2.67    7.61
 144941.140    76.751     2.31    7.35
 145230.444    76.045    -2.44    8.75
 145519.747    76.903     2.97   10.05
 145809.051    78.490     5.48   12.61
 146098.355    81.619    10.82   15.73
 146387.659    83.937     8.01   17.68
 146676.962    86.421     8.59   17.88
 146966.266    87.042     2.15   16.17
 147255.570    86.691    -1.21   13.59
 147544.873    85.276    -4.89   10.62
 147834.177    84.649    -2.17    9.15
 148123.481    83.486    -4.02    9.05
 148412.784    82.300    -4.10    9.92
 148702.088    81.084    -4.21    9.97
 148991.392    79.553    -5.29    9.37
 149280.695    79.145    -1.41   10.75
 149569.999    78.686    -1.59   10.95
 149859.303    76.944    -6.02   10.43
 150148.606    77.130     0.65   11.29
 150437.910    75.527    -5.54    9.79
