#    1.001  -7.778  13.413 ;Mean Elev.(m), Avg Gradient(m/km), RMS Gradient(m/km) - SRTM1     
#    0.161  -6.281  13.260 ;Mean Elev.(m), Avg Gradient(m/km), RMS Gradient(m/km) - ASTER GDEM
#    1.744  -7.352  13.786 ;Mean Elev.(m), Avg Gradient(m/km), RMS Gradient(m/km) - GMTED2010 
   1  12.778696  -5.977078     1.149     1.108 10 54659.81826459 29.179
   2  12.776278  -5.976501     1.387     1.394 11 54669.73390960 30.889
   3  12.774624  -5.975609   -60.970   -60.907 10 54679.64955301 11.900
   4  12.776251  -5.976792     1.206     1.205 10 54689.56519624 36.032
   5  12.779366  -5.976271   -58.054   -58.122 10 54699.48083733 13.813
   6  12.780744  -5.976134     1.341     1.379 10 54709.39648205 37.676
   7  12.778097  -5.976845   -50.102   -50.512 10 54719.31213370 11.715
   8  12.773007  -5.973554     2.038     2.068  9 54729.22778159 53.074
   9  12.769047  -5.971874     2.168     2.184  7 54739.14342817 52.193
  10  12.766845  -5.970008     1.850     1.812  7 54749.05907455 31.864
  11  12.767150  -5.971418     1.728     1.731  7 54758.97472147 31.837
  12  12.770383  -5.976827     1.734     1.761  3 54768.89036713 28.743
  14  12.772464  -5.973250    71.380    72.089  4 54788.72164619  1.945
  15  12.774273  -5.975849     2.125     2.120 10 54798.63728487 35.563
  16  12.772332  -5.965787    71.124    71.124  2 54808.55292098 19.363
  17  12.779225  -5.976662     2.426     2.350 10 54818.46856178 40.087
  18  12.777293  -5.975708     2.524     2.554 10 54828.38421348 48.526
  19  12.773179  -5.973840     2.283     2.274  9 54838.29985231 49.422
  20  12.767983  -5.971527     2.129     2.131  7 54848.21550112 53.850
  21  12.764568  -5.970007     2.170     2.179  7 54858.13114946 55.650
  22  12.763864  -5.970474     2.208     2.219  6 54868.04679830 54.032
  23  12.764532  -5.970154     1.824     1.844  7 54877.96244617 34.136
  24  12.766570  -5.970885     1.760     1.778  6 54887.87809123 30.919
  25  12.766342  -5.970325     1.826     1.868  7 54897.79373243 52.069
  26  12.765118  -5.970530     1.380     1.371  6 54907.70937133 30.373
  27  12.764926  -5.970379     1.640     1.572  7 54917.62500922 29.993
  28  12.767082  -5.971095     1.957     2.000  7 54927.54064760 38.643
  29  12.771156  -5.972283     1.823     1.819  7 54937.45628569 36.936
  30  12.776734  -5.976195     1.663     1.612 11 54947.37192270 39.405
  31  12.780209  -5.976208     1.690     1.687 10 54957.28755783 42.552
  32  12.777891  -5.976944     1.806     1.809 10 54967.20320643 48.686
  33  12.775306  -5.976529     1.984     1.940 11 54977.11885343 49.665
  34  12.772737  -5.973563   -47.280   -47.246  9 54987.03449971 15.453
  35  12.772631  -5.973509     1.667     1.667  8 54996.95014684 28.230
  36  12.772384  -5.972792     1.427     1.430  8 55006.86579206 31.199
  37  12.771542  -5.971976     1.220     1.194  7 55016.78143508 27.236
  38  12.770595  -5.972594     1.137     1.105  7 55026.69707714 28.869
  39  12.769105  -5.970526     1.285     1.271  7 55036.61271838 35.628
  40  12.771086  -5.971385     1.387     1.340  7 55046.52835983 29.441
  41  12.776708  -5.976194     1.732     1.690 11 55056.44400072 44.630
  42  12.779953  -5.975672     1.715     1.678 10 55066.35963803 47.367
  43  12.777089  -5.975886     1.303     1.321 10 55076.27528768 49.081
  44  12.771424  -5.972482     1.303     1.320  8 55086.19093432 38.066
  45  12.767702  -5.970973     1.235     1.218  7 55096.10657968 29.952
  46  12.767335  -5.971397     1.563     1.491  7 55106.02222525 34.396
  47  12.768789  -5.972236     1.790     1.800  7 55115.93787065 31.598
  48  12.770185  -5.971582     1.924     1.880  8 55125.85351336 30.689
  49  12.771626  -5.972609     1.941     1.950  7 55135.76915399 31.183
  50  12.772033  -5.972298     1.838     1.869  8 55145.68479244 30.294
  51  12.773182  -5.973893     1.972     1.975  9 55155.60043098 32.011
  52  12.775493  -5.976705     2.298     2.418 11 55165.51607031 37.719
  53  12.778078  -5.977444     2.543     2.535 10 55175.43170913 37.714
  54  12.778989  -5.975389     2.726     2.686 10 55185.34735037 47.935
  55  12.775935  -5.976247     2.704     2.731 11 55195.26300201 52.363
  56  12.770069  -5.971775     2.471     2.462  7 55205.17865078 54.459
  57  12.767125  -5.971364     2.354     2.363  7 55215.09429977 53.840
  58  12.765613  -5.970013     2.304     2.310  7 55225.00994793 45.522
  59  12.766592  -5.971238     1.863     1.822  7 55234.92559477 29.897
  60  12.768292  -5.971650     1.854     1.808  7 55244.84123816 29.525
  61  12.767765  -5.970482     1.908     1.885  7 55254.75687818 32.052
  62  12.766508  -5.970787     1.549     1.535  7 55264.67251699 38.117
  63  12.766240  -5.970387     1.142     1.073  6 55274.58815508 28.138
  64  12.769465  -5.972428     1.675     1.644  7 55284.50379351 39.010
  65  12.775361  -5.976779     2.106     2.135 11 55294.41943109 35.204
  66  12.777770  -5.976022     2.352     2.394 10 55304.33506955 48.987
  67  12.775820  -5.976751     2.209     2.053 10 55314.25071722 38.931
  68  12.772444  -5.973139     2.194     2.210  9 55324.16636166 38.274
  69  12.771115  -5.972370     1.495     1.514  7 55334.08200525 28.584
  70  12.770450  -5.971077     1.302     1.356  7 55343.99764837 29.059
  71  12.771436  -5.972064     1.460     1.405  7 55353.91329142 27.551
  72  12.773138  -5.974176     1.843     1.894  9 55363.82893265 29.343
  73  12.774914  -5.976784     1.693     1.706 10 55373.74457232 26.648
  74  12.775775  -5.976100     1.315     1.367 10 55383.66021019 27.059
  75  12.777366  -5.976418     1.200     1.266 10 55393.57584773 31.117
  76  12.779980  -5.975849     1.256     1.261 10 55403.49148478 33.646
  77  12.778785  -5.977659     1.490     1.465 10 55413.40713703 38.169
  78  12.776068  -5.975679     1.792     1.826 10 55423.32278554 39.072
  79  12.773702  -5.974881     1.834     1.817  9 55433.23843159 45.925
  80  12.770024  -5.971820     1.488     1.516  7 55443.15407507 30.284
  81  12.768319  -5.970560     0.962     0.953  7 55453.06971746 32.861
  82  12.770062  -5.972566     1.202     1.201  7 55462.98535987 25.900
  83  12.773632  -5.974630     1.609     1.590  9 55472.90100039 26.646
  84  12.776737  -5.975573     1.823     1.876 10 55482.81663785 29.820
  85  12.778984  -5.977138     2.212     2.236 10 55492.73227333 31.926
  86  12.780104  -5.975996     2.157     2.066 10 55502.64790694 31.531
  87  12.778785  -5.977473     2.104     2.154 10 55512.56355352 32.812
  88  12.776336  -5.976282     2.096     2.119 10 55522.47920315 34.066
  89  12.774244  -5.975002     2.072     2.071 10 55532.39485147 37.781
  90  12.771814  -5.972399     2.571     2.583  7 55542.31049782 49.968
  91  12.769872  -5.970863     2.547     2.517  7 55552.22614230 55.052
  92  12.769026  -5.971890    69.229    63.293  7 55562.14178581 17.373
  93  12.769760  -5.972150     2.050     2.024  7 55572.05742840 53.417
  94  12.771434  -5.971709     1.859     1.883  7 55581.97306951 52.486
  95  12.775549  -5.976326     1.662     1.710 11 55591.88870862 35.257
  96  12.778146  -5.976057     1.837     1.863 10 55601.80434325 30.241
  97  12.780553  -5.976978     2.318     2.415 10 55611.71997619 30.094
  98  12.782096  -5.976853     1.776     1.754 10 55621.63560981 26.780
  99  12.777766  -5.975859     1.670     1.647 10 55631.55126254 45.123
 100  12.776192  -5.976226     1.133     1.155 11 55641.46691378 38.448
 101  12.775664  -5.976169     1.446     1.474 10 55651.38256227 38.354
 102  12.775022  -5.976349     1.763     1.837 11 55661.29820692 47.143
 103  12.772687  -5.973336     2.125     2.105  9 55671.21384730 46.498
 104  12.772579  -5.973841     1.629     1.599  8 55681.12948663 31.532
 105  12.775857  -5.977047     1.344     1.351 10 55691.04512476 53.094
 106  12.779312  -5.977338     1.280     1.258 10 55700.96076051 31.312
 107  12.780336  -5.975766     1.171     1.150 10 55710.87640027 31.380
 108  12.778028  -5.977327     1.308     1.267 10 55720.79204973 30.701
 109  12.774665  -5.975967     1.481     1.536 10 55730.70769650 28.199
 110  12.772398  -5.973520     1.384     1.348  8 55740.62334208 27.910
 111  12.772009  -5.972879     1.052     1.063  8 55750.53898717 33.397
 112  12.774195  -5.975600     1.027     1.006 10 55760.45463098 50.770
 113  12.775606  -5.975608     1.080     1.031 10 55770.37027131 49.675
 114  12.776765  -5.975824     1.362     1.262 10 55780.28590832 44.399
 115  12.778395  -5.976145     1.500     1.510 10 55790.20154259 32.414
 116  12.780941  -5.975964     1.557     1.514 10 55800.11717542 31.777
 117  12.779915  -5.976997     1.864     1.865 10 55810.03282298 44.337
 118  12.779386  -5.976944     1.296     1.337 10 55819.94847126 31.658
 119  12.780245  -5.976744     1.253     1.274  9 55829.86411507 28.826
 120  12.780735  -5.975849     1.392     1.417 10 55839.77975424 32.038
 121  12.781249  -5.977289     1.910     1.855 10 55849.69539107 31.588
 122  12.781688  -5.976420     2.314     2.369  9 55859.61102577 28.298
 123  12.779223  -5.976512     2.270     2.251  9 55869.52667569 39.311
 124  12.778183  -5.976910     2.055     2.163 10 55879.44232740 43.716
 125  12.778391  -5.977388     2.222     2.229 10 55889.35797260 52.937
 126  12.778835  -5.977292     2.323     2.318 10 55899.27361188 37.247
 127  12.780144  -5.976688     2.783     2.790 10 55909.18924609 40.112
 128  12.776257  -5.976086     2.790     2.785 11 55919.10489615 55.111
 129  12.773322  -5.974222     2.226     2.186  9 55929.02054827 34.976
 130  12.772926  -5.973389     2.017     2.064  9 55938.93619709 36.091
 131  12.773010  -5.973622     1.749     1.798  9 55948.85184131 35.143
 132  12.772589  -5.973318     1.534     1.518  8 55958.76748095 32.093
 133  12.772807  -5.974092     1.528     1.535  8 55968.68311874 26.537
 134  12.775096  -5.976520     1.640     1.701 11 55978.59875642 27.296
 135  12.778482  -5.976716     1.661     1.617 10 55988.51439324 31.459
 136  12.780410  -5.976231     1.639     1.607 10 55998.43003490 46.207
 137  12.778264  -5.976413     1.475     1.446 11 56008.34568643 50.271
 138  12.775687  -5.976465     1.256     1.220 10 56018.26133361 51.651
 139  12.771205  -5.972089     1.284     1.253  7 56028.17697647 32.570
 140  12.769955  -5.972424     1.554     1.564  7 56038.09261854 31.173
 141  12.771546  -5.972055     1.953     1.967  7 56048.00825855 37.654
 142  12.776764  -5.977098     1.526     1.532 10 56057.92389711 34.833
 143  12.781323  -5.976191     1.394     1.400 10 56067.83953001 30.480
 144  12.778416  -5.976497     1.202     1.241 10 56077.75517949 36.092
 145  12.774761  -5.976649     1.205     1.222 10 56087.67082759 27.282
 146  12.771430  -5.972213     1.425     1.440  8 56097.58647251 31.676
 147  12.772385  -5.973032     1.590     1.533  8 56107.50211689 35.267
 148  12.775606  -5.976060     1.491     1.518 10 56117.41774760 35.820
 149  12.778715  -5.977413     1.330     1.311 10 56127.33338586 45.742
 150  12.780432  -5.977061     1.189     1.221 10 56137.24901984 49.992
 151  12.777955  -5.976976     1.189     1.147 10 56147.16466466 53.046
 152  12.775416  -5.976463     1.547     1.516 10 56157.08031321 37.453
 153  12.775101  -5.976845     1.401     1.429 11 56166.99596107 33.566
 154  12.775812  -5.976419     1.461     1.492 10 56176.91160632 31.815
 155  12.777169  -5.976045     1.413     1.444 10 56186.82724683 32.732
 156  12.778222  -5.976637     1.489     1.466 10 56196.74288390 30.982
 157  12.779155  -5.977162     1.767     1.679 10 56206.65851828 32.319
 158  12.780746  -5.976615     1.827     1.764  9 56216.57415132 31.333
 159  12.781586  -5.976287     2.109     2.081  9 56226.48979290 31.509
 160  12.779740  -5.976742     2.184     2.175 10 56236.40544833 35.236
 161  12.777604  -5.976232     2.391     2.402 10 56246.32109969 49.773
 162  12.775650  -5.976012     2.445     2.484 11 56256.23674600 52.039
 163  12.774329  -5.975992     2.371     2.373 10 56266.15238844 54.333
 164  12.773706  -5.974975     2.524     2.542  9 56276.06802887 50.237
 165  12.772893  -5.973422     2.499     2.552  9 56285.98367482 40.689
 166  12.772864  -5.974103     2.807     2.831  8 56295.89932495 51.869
 167  12.771984  -5.972853     2.753     2.775  8 56305.81497049 47.935
 168  12.770821  -5.972320     2.016     1.998  7 56315.73061299 27.107
 169  12.770050  -5.972420     1.799     1.847  7 56325.64625415 27.533
 170  12.771031  -5.972273     1.545     1.545  8 56335.56189475 35.622
 171  12.775464  -5.976762     1.665     1.692 10 56345.47753558 37.980
 172  12.778603  -5.975974     2.071     2.069 10 56355.39317288 52.271
 173  12.777409  -5.976301     2.251     2.197 11 56365.30881932 46.250
 174  12.772716  -5.973138     1.852     1.877  9 56375.22446748 51.755
 176  12.768208  -5.971377     1.726     1.702  7 56395.05575617 52.048
 177  12.769530  -5.970668     1.669     1.715  7 56404.97139748 31.170
 178  12.774507  -5.975813     1.789     1.708 10 56414.88703708 32.546
 179  12.779054  -5.975860     1.875     1.964 10 56424.80267076 32.613
 180  12.777822  -5.976490     1.841     1.860 10 56434.71831731 25.872
 181  12.772259  -5.973472     1.400     1.399  8 56444.63396806 30.661
 182  12.768380  -5.970126     1.326     1.210  7 56454.54961658 39.774
 183  12.768168  -5.970993     1.264     1.230  7 56464.46526360 38.524
 184  12.769685  -5.971860     1.700     1.633  7 56474.38090723 52.928
 185  12.771801  -5.972143     1.705     1.722  8 56484.29654739 36.163
 186  12.775136  -5.976977     1.684     1.664 10 56494.21218520 46.827
 187  12.777126  -5.976275     1.251     1.267 10 56504.12781939 53.088
 188  12.781473  -5.976591     1.159     1.066 10 56514.04345223 49.493
 189  12.780625  -5.976731     1.146     1.125 10 56523.95910246 45.116
 190  12.778852  -5.976449     1.244     1.276  9 56533.87475322 25.646
 192  12.774624  -5.976193     1.748     1.781 10 56553.70604428 33.107
 193  12.772508  -5.973403     1.222     1.224  9 56563.62168621 26.954
 194  12.773672  -5.975372     1.150     1.105  9 56573.53732838 24.620
 195  12.776100  -5.975531     1.523     1.491 10 56583.45296816 35.539
 196  12.780642  -5.975753     2.034     2.048 10 56593.36860364 32.590
 197  12.777723  -5.976106     2.388     2.465 10 56603.28425640 35.787
 198  12.774645  -5.975719     2.432     2.413 10 56613.19990535 55.876
 199  12.772708  -5.973621     2.110     2.136  9 56623.11554967 38.014
 200  12.772953  -5.973670     2.262     2.167  9 56633.03119157 50.467
 201  12.776794  -5.976198     2.385     2.380 10 56642.94682956 48.117
 202  12.775588  -5.976300     2.471     2.465 11 56652.86247997 52.713
 203  12.773020  -5.974177     2.078     2.158  9 56662.77812853 26.581
 204  12.770581  -5.972016     2.039     2.057  8 56672.69377454 29.247
 205  12.769416  -5.971535     1.857     1.821  8 56682.60941979 50.830
 206  12.770201  -5.971128     1.486     1.477  7 56692.52506333 31.146
 207  12.775288  -5.976845     1.134     1.069 10 56702.44070453 39.278
 208  12.778623  -5.976235     1.692     1.670 10 56712.35633920 53.971
 209  12.776153  -5.977004   -47.193   -47.108 10 56722.27198620 15.114
 210  12.769143  -5.970759     2.180     2.145  7 56732.18763590 52.718
 212  12.767877  -5.971139     1.440     1.446  7 56752.01892662 43.238
 213  12.772460  -5.973132     1.443     1.458  8 56761.93456515 52.397
 214  12.778804  -5.976137     2.014     1.996 10 56771.85019720 43.504
 215  12.773358  -5.974117     1.814     1.802  9 56781.76585228 28.938
 216  12.767664  -5.970951     2.081     2.061  7 56791.68150533 27.876
 217  12.763955  -5.970197     2.216     2.246  6 56801.59715631 46.331
 218  12.764369  -5.970164     1.759     1.771  7 56811.51280071 37.647
 219  12.767036  -5.971379     1.518     1.540  7 56821.42844137 43.291
 220  12.770603  -5.971981   -47.662   -48.027  7 56831.34407779 16.210
 221  12.776159  -5.976569     1.927     1.922 10 56841.25971183 46.792
 222  12.778076  -5.976671     2.111     2.135 10 56851.17534884 51.307
 223  12.774025  -5.975209     1.580     1.575 10 56861.09100216 35.632
 224  12.770757  -5.971455     1.058     1.074  7 56871.00665424 40.342
 225  12.770377  -5.972392     1.072     1.030  7 56880.92230461 36.117
 226  12.769205  -5.971278     1.150     1.175  7 56890.83795085 38.294
 227  12.767253  -5.970571     1.355     1.338  7 56900.75359425 28.309
 228  12.765159  -5.970019     1.584     1.556  6 56910.66923588 29.601
 229  12.765792  -5.969975     1.846     1.818  7 56920.58487657 30.229
 230  12.769796  -5.971485     1.955     2.012  8 56930.50051598 42.362
 231  12.776564  -5.975724     1.563     1.622 10 56940.41615147 40.803
 232  12.779585  -5.976782     2.111     2.108 10 56950.33179101 54.082
 233  12.775439  -5.976316     2.118     2.216 11 56960.24744288 38.427
 234  12.770871  -5.972153     2.566     2.542  7 56970.16308871 49.047
 235  12.770775  -5.971977     2.711     2.730  7 56980.07873163 51.779
 236  12.775239  -5.976492     2.697     2.664 11 56989.99437129 48.738
 237  12.780714  -5.976374     2.508     2.504  9 56999.91000371 54.304
 238  12.778149  -5.976835     2.393     2.358 10 57009.82565724 30.319
 239  12.774950  -5.976920     2.188     2.284 10 57019.74130916 25.367
 240  12.770492  -5.971644     2.116     2.185  7 57029.65695719 27.479
 241  12.769008  -5.970578     2.018     2.012  7 57039.57260491 29.222
 242  12.770404  -5.972677     2.080     2.044  7 57049.48825143 39.936
 243  12.773386  -5.974429     1.634     1.553  9 57059.40389408 49.272
 244  12.776604  -5.976295     1.376     1.349 10 57069.31953102 53.933
 245  12.778449  -5.976267     1.449     1.516 10 57079.23516305 34.337
 246  12.778843  -5.977112     1.840     1.773 10 57089.15080047 46.008
 247  12.771835  -5.971880     1.916     1.940  8 57099.06645687 37.022
 248  12.769593  -5.971254     1.647     1.651  7 57108.98211144 30.101
 249  12.770876  -5.972408     1.530     1.474  7 57118.89776128 33.569
 250  12.771290  -5.971587     1.510     1.476  7 57128.81340462 43.014
 251  12.772235  -5.973116     1.559     1.560  8 57138.72904301 29.728
 252  12.774608  -5.975898     1.856     1.879 11 57148.64467831 30.531
 253  12.778782  -5.977340     2.099     2.133 10 57158.56031101 40.425
 254  12.778455  -5.977004     1.669     1.642 10 57168.47595983 40.255
 255  12.775825  -5.976545     1.773     1.734 10 57178.39161580 42.547
 256  12.772423  -5.973433     1.191     1.190  8 57188.30726703 37.520
 257  12.769916  -5.971719     1.103     1.089  8 57198.22291445 35.533
 258  12.769100  -5.972408     1.207     1.185  7 57208.13854854 35.251
 259  12.769008  -5.971031     1.393     1.434  7 57218.05419225 31.282
 260  12.771387  -5.972514     1.243     1.218  7 57227.96983564 31.858
 261  12.775245  -5.976785     1.178     1.195 10 57237.88547756 32.162
 262  12.777007  -5.975651     0.995     0.971 10 57247.80111491 31.924
 263  12.778364  -5.975470     0.939     0.880 10 57257.71674998 26.366
 264  12.780016  -5.976473     0.996     0.933  9 57267.63238441 26.617
 265  12.778655  -5.976230     1.229     1.157 10 57277.54803178 26.895
 266  12.776444  -5.975918     1.476     1.515 10 57287.46368820 24.185
 267  12.774949  -5.976033     1.757     1.727 10 57297.37934198 35.147
 268  12.772883  -5.973949     1.480     1.485  8 57307.29499166 34.612
 269  12.769835  -5.972386     1.552     1.526  7 57317.21063757 42.440
 270  12.767471  -5.971576     1.555     1.560  7 57327.12628016 29.764
 271  12.767667  -5.970560     2.047     2.063  7 57337.04192067 39.495
 272  12.768036  -5.970417     2.066     2.033  7 57346.95756797 30.198
 273  12.769125  -5.971009     2.744     2.732  7 57356.87321484 50.941
 274  12.770720  -5.972460     2.440     2.485  7 57366.78885844 29.438
 275  12.771347  -5.972087     2.359     2.345  8 57376.70449861 30.437
 276  12.773616  -5.974607     2.392     2.424 10 57386.62013804 29.602
 277  12.776857  -5.976578     2.365     2.352 10 57396.53577700 30.629
 278  12.780386  -5.976628     2.695     2.775 10 57406.45141458 33.039
 279  12.778850  -5.976640     2.362     2.343 10 57416.36706561 37.363
 280  12.775555  -5.975985     2.210     2.150 10 57426.28271695 54.880
 281  12.770316  -5.971467     2.102     2.115  7 57436.19836423 53.260
 282  12.767879  -5.970738     1.726     1.730  7 57446.11401053 49.521
 283  12.767768  -5.970898     1.984     1.929  6 57456.02965613 50.876
 284  12.770287  -5.972075     1.993     1.960  7 57465.94529981 48.454
 285  12.775733  -5.976596     1.848     1.880 10 57475.86094053 32.480
 286  12.778627  -5.976743     2.004     1.971 10 57485.77657675 30.278
 287  12.781157  -5.979062     2.077     1.927  7 57495.69221095 31.401
 288  12.781914  -5.976561     1.772     1.797  9 57505.60784451 30.225
 289  12.777491  -5.977162     1.755     1.783 10 57515.52350081 34.737
 290  12.775189  -5.976316     1.635     1.654 10 57525.43915466 29.398
 291  12.773684  -5.974624     2.150     2.042 10 57535.35480600 33.865
 292  12.771225  -5.971534     2.277     2.274  7 57545.27045404 48.316
 293  12.769868  -5.971634     1.904     1.883  7 57555.18610046 51.697
 294  12.769562  -5.972004     1.574     1.498  7 57565.10174525 52.015
 295  12.769896  -5.971218     1.328     1.329  7 57575.01738905 45.684
 296  12.771373  -5.972078     1.422     1.397  7 57584.93303254 38.510
 297  12.773443  -5.974504     1.470     1.447 10 57594.84867434 29.029
