-231996.908   370.441     0.00   20.05
-231707.430   370.887     1.54   22.47
-231417.949   367.219   -12.67   25.62
-231128.467   357.127   -34.86   37.75
-230838.982   343.606   -46.71   42.66
-230549.496   327.830   -54.50   44.11
-230260.007   314.414   -46.34   41.82
-229970.516   296.394   -62.25   36.84
-229681.024   281.968   -49.83   37.68
-229391.529   270.460   -39.75   36.06
-229102.032   261.890   -29.60   34.40
-228812.533   258.377   -12.13   34.64
-228523.033   255.341   -10.49   41.91
-228233.530   261.923    22.73   49.96
-227944.025   274.606    43.81   52.61
-227654.518   287.814    45.62   49.38
-227365.451   293.584    19.96   47.29
-227076.385   291.612    -6.82   46.06
-226787.317   287.153   -15.43   40.31
-226498.247   285.840    -4.54   34.08
-226209.175   282.087   -12.98   31.19
-225920.101   279.823    -7.83   30.23
-225631.025   278.142    -5.82   33.79
-225341.947   278.713     1.97   38.30
-225052.866   267.040   -40.38   51.43
-224763.784   257.429   -33.25   61.73
-224474.700   244.814   -43.64   70.35
-224185.613   232.723   -41.82   75.21
-223896.524   219.136   -47.00   71.37
-223607.434   205.894   -45.80   68.64
-223318.341   198.721   -24.81   64.10
-223029.246   191.956   -23.40   63.01
-222740.150   182.256   -33.55   61.05
-222451.051   175.690   -22.71   62.35
-222161.950   167.722   -27.56   59.30
-221872.847   159.471   -28.54   56.97
-221583.741   154.306   -17.86   53.83
-221294.634   147.015   -25.22   51.79
-221005.525   142.440   -15.82   49.95
-220716.414   137.578   -16.81   46.28
-220427.300   136.843    -2.55   42.28
-220138.185   140.377    12.22   40.85
-219849.067   142.981     9.00   36.62
-219559.947   145.584     9.01   36.39
-219270.825   140.929   -16.10   41.75
-218981.702   130.540   -35.93   45.10
-218692.576   116.049   -50.12   50.46
-218403.448   103.782   -42.43   50.59
-218114.317    97.966   -20.11   45.29
-217825.185    91.740   -21.53   41.65
-217536.051    91.699    -0.14   41.60
-217246.914    98.993    25.23   42.58
-216957.776   113.256    49.33   36.05
-216668.635   126.341    45.25   24.72
-216379.492   132.890    22.65   18.00
-216090.348   139.440    22.65   18.97
-215801.201   145.325    20.35   24.82
-215512.052   155.773    36.13   33.29
-215222.901   166.607    37.47   35.01
-214933.747   173.223    22.88   33.41
-214644.592   181.223    27.67   31.90
-214355.434   188.446    24.98   31.06
-214066.275   198.104    33.40   30.41
-213777.113   201.640    12.23   27.84
-213487.949   203.390     6.05   26.92
-213198.783   200.222   -10.95   30.28
-212909.615   195.629   -15.88   32.03
-212620.445   190.873   -16.45   31.28
-212331.273   190.929     0.19   29.56
-212042.099   191.256     1.13   28.68
-211752.922   196.463    18.01   30.53
-211463.743   197.551     3.76   30.97
-211174.563   199.173     5.61   29.96
-210885.380   201.409     7.73   32.28
-210596.195   202.394     3.41   33.05
-210307.008   196.590   -20.07   32.00
-210017.819   190.683   -20.43   33.75
-209728.627   185.906   -16.52   33.87
-209439.434   177.765   -28.15   30.94
-209150.238   170.273   -25.90   25.18
-208861.040   165.989   -14.82   23.17
-208571.840   165.273    -2.47   24.00
-208282.638   161.343   -13.59   20.54
-207993.434   163.568     7.69   20.29
-207704.228   168.412    16.75   23.80
-207415.019   179.412    38.03   32.77
-207125.809   193.412    48.41   42.25
-206836.596   213.084    68.02   45.78
-206547.381   224.076    38.01   47.37
-206258.164   233.860    33.83   44.15
-205968.945   245.240    39.35   41.97
-205679.723   249.167    13.58   34.84
-205390.500   246.663    -8.66   33.55
-205101.274   243.043   -12.52   22.83
-204812.047   239.731   -11.45   20.43
-204522.817   235.502   -14.62   22.73
-204233.585   228.364   -24.68   33.03
-203944.350   218.205   -35.12   38.52
-203655.114   211.172   -24.32   38.43
-203365.875   205.756   -18.72   35.14
-203076.635   208.595     9.81   35.74
-202787.392   219.360    37.22   44.26
-202498.147   255.440   124.73   75.09
-202208.900   287.660   111.39   83.27
-201919.650   312.486    85.83   87.19
-201630.399   336.409    82.70   79.96
-201341.145   342.900    22.44   70.52
-201051.889   341.290    -5.57   66.02
-200762.631   329.791   -39.75   61.35
-200473.371   313.790   -55.32   54.12
-200184.108   298.618   -52.45   53.84
-199894.844   278.617   -69.14   51.19
-199605.577   263.740   -51.43   46.99
-199316.308   253.625   -34.97   40.86
-199027.037   246.951   -23.07   39.22
-198737.764   239.343   -26.30   34.60
-198448.489   234.090   -18.16   35.32
-198159.211   233.601    -1.69   35.90
-197869.931   235.073     5.09   37.19
-197580.649   233.774    -4.49   40.42
-197291.365   237.572    13.13   44.67
-197002.079   243.190    19.42   44.90
-196712.790   244.673     5.13   44.39
-196423.499   245.027     1.22   43.35
-196134.206   244.722    -1.05   44.95
-195844.911   246.343     5.60   44.81
-195555.614   236.426   -34.28   47.13
-195266.315   225.067   -39.26   46.42
-194977.013   221.551   -12.15   47.38
-194687.709   220.687    -2.99   47.03
-194398.403   210.498   -35.22   44.61
-194109.095   201.894   -29.74   43.30
-193819.784   199.731    -7.48   39.07
-193530.471   201.073     4.64   38.90
-193241.156   206.256    17.92   38.74
-192951.839   203.002   -11.25   35.95
-192662.520   207.149    14.33   38.09
-192373.199   216.409    32.00   44.49
-192083.875   222.385    20.66   48.42
-191794.549   228.477    21.05   50.72
-191505.221   225.142   -11.53   58.22
-191215.890   226.435     4.47   63.58
-190926.558   216.680   -33.71   69.17
-190637.223   199.808   -58.31   76.71
-190347.886   188.584   -38.79   74.67
-190058.547   164.256   -84.08   66.29
-189769.205   145.221   -65.79   55.45
-189479.862   125.323   -68.77   41.46
-189190.516   109.256   -55.53   27.58
-188901.168   102.756   -22.46   26.53
-188611.817    94.087   -29.96   23.98
-188322.465    90.140   -13.64   23.24
-188033.110    89.636    -1.74   23.80
-187743.753    87.098    -8.77   24.14
-187454.394    88.375     4.41   24.26
-187165.032    91.325    10.20   26.13
-186875.669    93.388     7.13   28.16
-186586.303    94.556     4.04   28.30
-186296.935    98.660    14.18   31.70
-186007.564   100.187     5.28   31.32
-185718.192   113.222    45.04   35.94
-185428.817   123.338    34.96   40.99
-185139.440   135.636    42.49   42.72
-184850.060   141.463    20.14   37.42
-184560.679   139.670    -6.20   38.36
-184271.295   133.774   -20.38   41.29
-183981.909   126.109   -26.49   42.68
-183692.521   119.440   -23.04   40.95
-183403.130   109.027   -35.98   38.21
-183113.737   101.379   -26.43   34.90
-182824.342    96.981   -15.20   33.32
-182534.945    95.606    -4.75   33.48
-182245.545    94.850    -2.61   33.44
-181956.143    96.506     5.72   37.76
-181666.739    94.625    -6.50   36.08
-181377.333    96.549     6.65   38.51
-181087.924    90.239   -21.80   23.17
-180798.513    89.123    -3.86   15.29
-180509.100    89.748     2.16    8.51
-180219.685    90.670     3.19    7.48
-179930.267    93.273     8.99    7.63
-179640.847    95.360     7.21    9.15
-179351.425    97.690     8.05   10.05
-179062.001    97.990     1.04   10.98
-178772.574    98.090     0.35   13.65
-178483.145    96.790    -4.49   14.81
-178193.714    93.584   -11.08   15.45
-177904.280    90.206   -11.67   15.33
-177614.845    88.239    -6.79   19.61
-177325.407    87.879    -1.24   23.13
-177035.966    84.748   -10.82   24.54
-176746.524    80.256   -15.52   25.51
-176457.079    72.498   -26.80   25.28
-176167.632    66.239   -21.62   25.81
-175878.182    58.990   -25.04   21.45
-175588.730    53.714   -18.23   14.04
-175299.276    50.606   -10.74   14.10
-175009.820    46.360   -14.67   14.51
-174720.361    40.572   -19.99   10.86
-174430.901    37.440   -10.82   10.62
-174141.437    34.189   -11.23   10.67
-173851.972    32.289    -6.56   10.48
-173562.504    30.636    -5.71   10.29
-173273.034    30.601    -0.12   11.55
-172983.562    30.532    -0.24   10.56
-172694.087    28.394    -7.39    9.61
-172404.610    27.322    -3.70    9.85
-172115.131    26.808    -1.78   11.53
-171825.649    27.756     3.28   15.70
-171536.166    29.705     6.73   18.42
-171246.680    33.324    12.50   19.67
-170957.191    36.502    10.98   19.83
-170667.700    39.912    11.78   17.65
-170378.207    41.306     4.82   12.31
-170088.712    43.028     5.95    9.49
-169799.214    44.067     3.59    9.30
-169509.714    48.640    15.80   15.67
-169220.212    56.053    25.61   19.24
-168930.707    59.450    11.73   20.33
-168641.201    62.042     8.95   20.72
-168351.691    66.090    13.98   20.81
-168062.180    72.601    22.49   22.30
-167772.666    79.306    23.16   27.37
-167483.150    86.519    24.91   30.39
-167193.631    93.618    24.52   33.73
-166904.111   109.799    55.89   38.24
-166614.587   121.167    39.26   38.95
-166325.062   126.978    20.07   38.25
-166035.534   133.706    23.24   35.46
-165746.004   133.934     0.79   34.02
-165456.472   134.687     2.60   32.14
-165167.310   132.185    -8.65   31.42
-164878.278   125.173   -24.26   27.12
-164589.242   123.101    -7.17   26.42
-164300.205   119.356   -12.96   22.29
-164011.165   115.756   -12.45   22.77
-163722.123   112.825   -10.14   22.46
-163433.079   108.894   -13.60   21.84
-163144.032   107.808    -3.76   24.76
-162854.983   108.863     3.65   30.61
-162565.931   110.308     5.00   32.30
-162276.877   111.456     3.97   31.55
-161987.821   110.567    -3.08   32.30
-161698.763   101.894   -30.00   35.08
-161409.702    90.715   -38.67   36.77
-161120.639    81.223   -32.84   32.64
-160831.574    72.715   -29.43   25.61
-160542.506    70.221    -8.63   22.78
-160253.436    67.843    -8.23   21.78
-159964.363    68.556     2.47   21.75
-159675.288    73.015    15.42   22.83
-159386.211    79.896    23.80   23.68
-159097.132    87.308    25.64   21.15
-158808.050    91.578    14.77   20.83
-158518.965    94.328     9.51   21.23
-158229.879   104.056    33.65   21.55
-157940.790   112.177    28.09   22.53
-157651.699   115.377    11.07   22.49
-157362.605   114.073    -4.51   22.90
-157073.509   112.860    -4.20   22.43
-156784.411   113.833     3.36   21.34
-156495.310   116.104     7.86   21.50
-156206.207   117.646     5.33   23.05
-155917.101   120.978    11.52   23.81
-155627.994   126.484    19.05   23.55
-155338.883   133.873    25.56   20.39
-155049.771   131.239    -9.11   22.88
-154760.656   126.337   -16.95   26.08
-154471.539   119.806   -22.59   27.79
-154182.419   113.856   -20.58   25.79
-153893.297   110.998    -9.89   25.56
-153604.173   108.344    -9.18   20.96
-153315.046   107.595    -2.59   19.15
-153025.917   108.222     2.17   20.96
-152736.785   110.095     6.48   22.27
-152447.651   110.306     0.73   22.86
-152158.515   111.096     2.73   22.24
-151869.376   111.155     0.20   21.59
-151580.235   114.412    11.26   24.12
-151291.092   119.306    16.93   26.33
-151001.946   124.981    19.63   25.67
-150712.798   129.981    17.29   24.02
-150423.648   130.929     3.28   22.81
-150134.495   127.343   -12.40   22.75
-149845.339   121.023   -21.85   20.16
-149556.182   114.205   -23.58   15.84
-149267.021   108.506   -19.71   14.76
-148977.859   104.774   -12.91   14.04
-148688.694    98.636   -21.23   15.36
-148399.527    91.156   -25.86   17.94
-148110.357    86.545   -15.95   16.08
-147821.185    83.590   -10.22   14.29
-147532.010    81.292    -7.95   14.17
-147242.834    81.170    -0.42   14.88
-146953.654    81.291     0.42   16.08
-146664.473    82.392     3.81   16.03
-146375.288    84.863     8.54   16.02
-146086.102    83.136    -5.97   15.34
-145796.913    81.390    -6.04   14.96
-145507.722    81.590     0.69   14.46
-145218.528    81.923     1.15   13.25
-144929.332    83.506     5.47   12.06
-144640.133    84.940     4.96   12.43
-144350.932    88.290    11.58   12.25
-144061.729    91.584    11.39   11.10
-143772.523    91.934     1.21   10.62
-143483.315    95.222    11.37   11.96
-143194.104    99.371    14.35   12.72
-142904.891   103.756    15.16   14.84
-142615.676   106.756    10.37   15.95
-142326.458   113.307    22.65   17.76
-142037.237   118.953    19.52   19.74
-141748.015   125.683    23.27   20.36
-141458.790   130.850    17.86   20.20
-141169.562   133.840    10.34   18.06
-140880.332   137.532    12.77   17.06
-140591.099   138.642     3.84   17.36
-140301.864   139.040     1.37   18.20
-140012.627   143.561    15.63   21.49
-139723.387   145.724     7.48   22.28
-139434.145   147.136     4.88   20.56
-139144.901   140.929   -21.46   23.08
-138855.653   136.808   -14.25   22.26
-138566.404   129.274   -26.05   23.71
-138277.152   122.551   -23.24   24.18
-137987.898   113.308   -31.96   21.19
-137698.641   107.722   -19.31   18.10
-137409.381   102.843   -16.87   14.47
-137120.120   103.463     2.15   15.02
-136830.856   100.934    -8.74   15.70
-136541.589    99.646    -4.45   16.42
-136252.320    99.341    -1.05   17.47
-135963.048    97.116    -7.69   16.96
-135673.774    92.515   -15.91   17.94
-135384.498    87.106   -18.70   13.80
-135095.219    87.073    -0.12   12.50
-134805.938    87.402     1.14   12.81
-134516.654    88.024     2.15   13.77
-134227.368    89.723     5.87   15.25
-133938.079    90.063     1.18   15.34
-133648.788    86.601   -11.97   17.30
-133359.494    81.940   -16.11   17.19
-133070.198    78.998   -10.17   16.04
-132780.899    75.867   -10.82   16.08
-132491.598    76.063     0.68   17.85
-132202.295    74.656    -4.86   18.00
-131912.989    74.456    -0.69   18.70
-131623.680    76.830     8.20   18.68
-131334.369    73.856   -10.28   15.79
-131045.056    69.506   -15.04   13.13
-130755.740    67.612    -6.55   12.24
-130466.422    66.567    -3.61   12.93
-130177.101    66.765     0.68   13.15
-129887.778    67.867     3.81   13.36
-129598.452    71.833    13.71   14.10
-129309.123    75.791    13.68   14.37
-129019.793    80.818    17.37   14.80
-128730.459    79.338    -5.11   15.77
-128441.124    75.460   -13.40   18.85
-128151.785    73.224    -7.73   19.30
-127862.445    72.291    -3.22   19.24
-127573.102    69.853    -8.43   17.67
-127283.756    67.879    -6.82   14.57
-126994.408    66.884    -3.44   12.72
-126705.057    68.573     5.84   12.17
-126415.704    69.765     4.12   11.37
-126126.348    70.446     2.35   11.79
-125836.990    69.375    -3.70   12.62
-125547.629    66.392   -10.31   15.17
-125258.266    62.732   -12.65   16.64
-124968.901    59.084   -12.61   14.17
-124679.532    58.934    -0.52   14.35
-124390.162    60.274     4.63   15.81
-124100.789    61.968     5.85   15.84
-123811.413    62.830     2.98   15.80
-123522.035    67.595    16.47   13.22
-123232.654    70.056     8.50   11.15
-122943.271    71.256     4.15   11.87
-122653.885    71.239    -0.06   11.77
-122364.497    75.087    13.29   13.22
-122075.106    79.138    14.00   12.84
-121785.713    81.765     9.08   11.19
-121496.317    82.063     1.03   11.84
-121206.919    80.090    -6.82   13.03
-120917.518    77.397    -9.31   14.40
-120628.115    74.127   -11.30   15.33
-120338.709    70.856   -11.30   14.85
-120049.301    65.968   -16.89   15.57
-119759.890    63.032   -10.14   15.48
-119470.476    58.642   -15.17   14.35
-119181.060    56.104    -8.77   14.56
-118891.642    52.867   -11.19   14.81
-118602.221    51.837    -3.56   14.04
-118312.797    49.917    -6.63   13.11
-118023.371    47.687    -7.70   12.63
-117733.943    47.951     0.91   12.62
-117444.511    48.756     2.78   12.51
-117155.078    50.732     6.82   12.22
-116865.642    54.791    14.02   12.15
-116576.203    56.929     7.39   10.92
-116286.762    56.549    -1.31   11.03
-115997.318    59.917    11.64   11.54
-115707.871    62.490     8.89   11.83
-115418.422    64.946     8.49   13.14
-115128.971    65.906     3.32   13.81
-114839.517    65.881    -0.09   12.83
-114550.060    64.136    -6.03   14.03
-114260.601    61.090   -10.52   15.72
-113971.140    58.426    -9.20   13.97
-113681.675    59.453     3.55   14.28
-113392.209    59.256    -0.68   13.83
-113102.739    59.084    -0.60   14.31
-112813.267    60.087     3.46   16.29
-112523.793    63.502    11.80   16.80
-112234.316    67.125    12.52   17.52
-111944.836    69.463     8.08   20.09
-111655.354    71.106     5.68   21.51
-111365.870    71.730     2.15   21.42
-111076.382    72.896     4.03   19.48
-110786.893    73.723     2.86   18.63
-110497.400    73.900     0.61   18.46
-110207.905    71.443    -8.49   17.27
-109918.408    65.703   -19.83   15.45
-109628.908    59.404   -21.76   16.49
-109339.405    53.291   -21.12   17.73
-109049.900    51.371    -6.63   17.96
-108760.392    49.043    -8.04   17.65
-108470.882    47.567    -5.10   17.88
-108181.369    48.032     1.61   18.53
-107891.853    49.946     6.61   18.79
-107602.335    51.879     6.68   19.06
-107312.814    53.360     5.11   19.39
-107023.291    54.806     5.00   17.98
-106733.765    56.687     6.50   15.94
-106444.237    58.046     4.69   15.49
-106154.706    62.192    14.32   15.08
-105865.172    65.873    12.71   13.74
-105575.636    66.466     2.05   13.69
-105286.097    64.344    -7.33   15.21
-104996.556    59.808   -15.67   19.48
-104707.012    55.440   -15.09   21.27
-104417.465    52.680    -9.53   21.98
-104127.916    48.423   -14.70   23.01
-103838.364    44.739   -12.72   22.33
-103548.810    38.256   -22.39   22.06
-103259.253    35.134   -10.78   22.63
-102969.967    33.773    -4.70   22.79
-102680.965    29.879   -13.47   20.80
-102391.962    25.653   -14.62   17.40
-102102.955    19.690   -20.63   13.17
-101813.946    15.756   -13.61   11.06
-101524.935    12.340   -11.82    9.08
-101235.921     9.256   -10.67    5.09
-100946.904     8.358    -3.11    4.21
-100657.885     8.142    -0.75    4.42
-100368.863     8.432     1.00    4.54
-100079.838     8.890     1.58    5.41
 -99790.811     8.429    -1.59    5.25
 -99501.781     7.805    -2.16    5.44
 -99212.749     6.406    -4.84    4.97
 -98923.714     5.523    -3.06    4.57
 -98634.676     4.567    -3.31    4.44
 -98345.636     4.116    -1.56    4.02
 -98056.593     3.338    -2.69    2.95
 -97767.548     3.290    -0.17    3.52
 -97478.500     4.643     4.68    4.97
 -97189.449     5.222     2.00    5.15
 -96900.396     5.792     1.97    5.30
 -96611.340     6.840     3.62    6.32
 -96322.281     9.394     8.84    7.78
 -96033.220    14.486    17.61   14.08
 -95744.157    21.756    25.15   22.23
 -95455.090    32.756    38.05   28.68
 -95166.021    42.946    35.25   29.69
 -94876.950    55.670    44.02   28.61
 -94587.875    67.956    42.50   25.44
 -94298.799    79.412    39.63   20.37
 -94009.719    86.490    24.48   20.52
 -93720.637    91.185    16.24   20.11
 -93431.552    94.549    11.64   18.38
 -93142.465    98.456    13.51   17.91
 -92853.375   101.190     9.45   16.59
 -92564.282    99.781    -4.87   15.96
 -92275.187    99.310    -1.63   13.32
 -91986.089    97.825    -5.14   12.47
 -91696.988    95.256    -8.89   11.20
 -91407.885    92.723    -8.76   10.63
 -91118.779    89.584   -10.86   10.63
 -90829.671    86.825    -9.54    9.11
 -90540.559    83.606   -11.13    9.24
 -90251.446    79.860   -12.96    9.79
 -89962.329    76.355   -12.12    9.52
 -89673.210    73.090   -11.29    9.34
 -89384.088    70.390    -9.34    9.04
 -89094.964    67.056   -11.53    7.43
 -88805.837    65.256    -6.23    6.28
 -88516.707    64.561    -2.40    4.60
 -88227.575    63.670    -3.08    4.14
 -87938.440    62.240    -4.95    5.22
 -87649.302    61.240    -3.46    5.08
 -87360.162    60.153    -3.76    4.14
 -87071.019    59.015    -3.94    4.66
 -86781.873    57.344    -5.78    5.18
 -86492.725    56.523    -2.84    5.00
 -86203.574    56.612     0.31    4.77
 -85914.420    56.323    -1.00    4.86
 -85625.264    55.222    -3.81    4.34
 -85336.105    54.221    -3.46    4.92
 -85046.943    53.173    -3.63    5.41
 -84757.779    51.306    -6.46    6.73
 -84468.612    49.683    -5.62    6.94
 -84179.442    47.377    -7.97    6.42
 -83890.269    45.808    -5.43    5.63
 -83601.094    44.360    -5.01    6.23
 -83311.917    43.101    -4.35    6.95
 -83022.736    42.683    -1.45    7.36
 -82733.553    42.101    -2.01    7.49
 -82444.367    40.392    -5.91    7.85
 -82155.179    37.971    -8.37    7.72
 -81865.988    36.850    -3.88    7.89
 -81576.794    36.192    -2.27    8.62
 -81287.597    36.053    -0.48    9.15
 -80998.398    36.985     3.22    9.01
 -80709.196    38.067     3.74    8.97
 -80419.992    39.584     5.25    9.16
 -80130.785    40.990     4.86    8.90
 -79841.575    41.706     2.48    8.41
 -79552.362    40.885    -2.84    8.30
 -79263.147    38.953    -6.68    8.32
 -78973.928    36.956    -6.90    8.67
 -78684.708    34.560    -8.29    8.16
 -78395.484    34.160    -1.38    9.32
 -78106.258    34.595     1.51   10.65
 -77817.029    37.023     8.39   11.24
 -77527.798    39.070     7.08   11.78
 -77238.563    40.894     6.31   12.17
 -76949.326    41.456     1.94   11.68
 -76660.087    41.697     0.83   10.79
 -76370.844    42.869     4.05    9.55
 -76081.599    42.934     0.22    8.62
 -75792.351    42.435    -1.73    8.86
 -75503.101    42.375    -0.21    8.79
 -75213.848    41.618    -2.62    8.90
 -74924.592    40.633    -3.41    9.23
 -74635.333    39.705    -3.21    9.40
 -74346.072    39.894     0.66    9.54
 -74056.807    41.325     4.95   11.05
 -73767.541    45.239    13.53   12.20
 -73478.271    47.765     8.73   11.97
 -73188.999    50.156     8.27   11.64
 -72899.724    52.929     9.58   10.92
 -72610.446    55.590     9.20    9.96
 -72321.165    58.291     9.34    9.64
 -72031.882    59.540     4.32    9.57
 -71742.596    60.206     2.30    9.99
 -71453.308    58.773    -4.95   12.02
 -71164.016    57.291    -5.12   12.98
 -70874.722    56.239    -3.64   13.45
 -70585.425    54.791    -5.01   13.12
 -70296.126    53.289    -5.19   12.68
 -70006.823    52.748    -1.87   12.16
 -69717.518    53.187     1.52   12.96
 -69428.210    55.773     8.94   15.39
 -69138.900    55.532    -0.83   15.57
 -68849.587    56.940     4.86   15.14
 -68560.270    57.790     2.94   14.66
 -68270.952    59.773     6.86   15.61
 -67981.630    61.756     6.86   16.92
 -67692.306    62.981     4.23   17.34
 -67402.979    66.740    12.99   19.22
 -67113.649    70.981    14.66   20.57
 -66824.316    73.650     9.23   21.46
 -66534.981    72.207    -4.99   19.91
 -66245.643    70.116    -7.23   17.80
 -65956.302    68.894    -4.22   14.87
 -65666.959    68.971     0.26   14.07
 -65377.612    73.535    15.77   18.17
 -65088.263    78.765    18.07   21.20
 -64798.911    82.590    13.22   21.16
 -64509.557    85.291     9.33   20.00
 -64220.199    86.221     3.21   19.07
 -63930.839    85.590    -2.18   17.63
 -63641.476    84.825    -2.64   14.21
 -63352.110    87.906    10.65   16.77
 -63062.742    93.291    18.61   18.23
 -62773.371    96.722    11.86   17.53
 -62483.997    99.291     8.88   18.16
 -62194.620   103.032    12.93   18.95
 -61905.240   108.945    20.43   22.84
 -61615.858   119.601    36.82   31.83
 -61326.473   128.934    32.25   36.09
 -61037.085   137.953    31.16   35.76
 -60747.694   147.189    31.91   32.95
 -60458.301   155.708    29.44   30.35
 -60168.905   163.951    28.48   27.58
 -59879.506   164.740     2.72   26.68
 -59590.104   161.870    -9.91   27.28
 -59300.699   154.894   -24.10   29.33
 -59011.292   143.573   -39.12   33.48
 -58721.882   135.256   -28.74   34.70
 -58432.469   122.885   -42.74   32.63
 -58143.053   110.721   -42.03   25.49
 -57853.634   102.740   -27.58   19.61
 -57564.213   101.167    -5.43   21.24
 -57274.789   106.676    19.03   27.39
 -56985.362   110.070    11.73   31.29
 -56695.932   117.456    25.52   36.43
 -56406.500   125.256    26.95   37.70
 -56117.064   131.894    22.93   34.81
 -55827.626   133.697     6.23   31.78
 -55538.185   137.087    11.71   29.43
 -55248.741   133.756   -11.51   32.07
 -54959.295   125.884   -27.20   32.06
 -54669.845   113.572   -42.53   27.61
 -54380.393   105.951   -26.33   22.40
 -54090.938   100.687   -18.19   18.98
 -53801.480   102.765     7.18   21.73
 -53512.020   104.653     6.52   22.20
 -53222.556   108.325    12.69   23.86
 -52933.090   109.136     2.80   24.12
 -52643.621   109.549     1.43   23.90
 -52354.149   111.423     6.47   24.30
 -52064.674   106.748   -16.15   22.29
 -51775.197   101.906   -16.72   16.70
 -51485.717   101.344    -1.94   17.38
 -51196.233   103.584     7.74   18.02
 -50906.747   105.806     7.68   18.11
 -50617.259   109.290    12.03   21.06
 -50327.767   112.830    12.23   23.90
 -50038.272   116.239    11.77   24.82
 -49748.775   118.739     8.64   28.23
 -49459.275   115.828   -10.06   25.84
 -49169.772   113.322    -8.66   26.03
 -48880.266   111.027    -7.93   22.76
 -48590.757   111.308     0.97   20.83
 -48301.246   118.256    24.00   24.61
 -48011.732   124.998    23.28   26.35
 -47722.214   131.473    22.37   27.12
 -47432.694   141.473    34.54   24.94
 -47143.172   145.956    15.49   20.52
 -46853.646   149.595    12.57   16.74
 -46564.117   151.730     7.37   16.46
 -46274.586   150.673    -3.65   20.75
 -45985.052   155.394    16.31   22.39
 -45695.515   159.036    12.58   22.28
 -45405.975   162.706    12.68   21.69
 -45116.432   168.494    19.99   14.27
 -44826.886   168.463    -0.10   14.93
 -44537.338   162.032   -22.21   22.11
 -44247.786   154.388   -26.40   25.36
 -43958.232   145.595   -30.36   26.12
 -43668.675   138.823   -23.39   23.70
 -43379.115   135.325   -12.08   22.85
 -43089.552   134.222    -3.81   21.69
 -42799.987   138.174    13.65   22.81
 -42510.418   140.106     6.67   22.12
 -42220.847   139.961    -0.50   21.66
 -41931.272   139.098    -2.98   22.38
 -41641.695   133.963   -17.73   25.25
 -41352.115   127.223   -23.28   26.04
 -41062.532   122.036   -17.91   23.41
 -40773.091   118.535   -12.10   19.08
 -40484.125   116.912    -5.62   19.50
 -40195.156   117.917     3.48   21.22
 -39906.184   116.906    -3.50   22.81
 -39617.209   118.765     6.43   22.25
 -39328.231   123.929    17.87   22.80
 -39039.251   128.189    14.74   25.07
 -38750.267   130.273     7.21   24.17
 -38461.281   131.722     5.01   22.80
 -38172.292   132.833     3.84   22.91
 -37883.300   124.136   -30.09   30.93
 -37594.305   116.673   -25.82   30.87
 -37305.307   109.338   -25.38   26.24
 -37016.306   108.677    -2.29   26.86
 -36727.303   116.923    28.53   34.41
 -36438.296   132.096    52.50   39.39
 -36149.287   146.176    48.72   35.90
 -35860.275   159.990    47.80   25.16
 -35571.259   168.206    28.43   16.58
 -35282.242   169.981     6.14   13.94
 -34993.221   162.853   -24.66   21.06
 -34704.197   153.140   -33.61   26.26
 -34415.170   138.067   -52.15   32.67
 -34126.141   119.950   -62.68   34.93
 -33837.108   108.929   -38.13   29.42
 -33548.073   100.998   -27.44   20.30
 -33259.035    99.636    -4.71   17.87
 -32969.994   107.481    27.14   25.42
 -32680.950   118.388    37.73   31.43
 -32391.903   130.670    42.49   31.84
 -32102.853   143.412    44.08   27.07
 -31813.800   151.067    26.48   20.34
 -31524.745   157.343    21.71   14.84
 -31235.686   161.740    15.21   13.86
 -30946.625   167.206    18.91   16.14
 -30657.561   168.511     4.51   16.59
 -30368.493   165.555   -10.23   20.97
 -30079.423   159.084   -22.38   29.14
 -29790.350   148.573   -36.36   36.71
 -29501.274   137.106   -39.67   39.80
 -29212.196   122.256   -51.37   38.08
 -28923.114   107.187   -52.13   30.96
 -28634.029    92.956   -49.23   18.03
 -28344.942    90.502    -8.49   15.03
 -28055.851    92.623     7.34   15.40
 -27766.758    94.256     5.65   14.81
 -27477.661    97.070     9.73   15.98
 -27188.562    98.138     3.69   16.17
 -26899.460    96.406    -5.99   17.24
 -26610.355    92.390   -13.89   19.40
 -26321.247    84.739   -26.46   21.63
 -26032.136    79.715   -17.38   23.16
 -25743.022    71.340   -28.97   18.99
 -25453.905    67.677   -12.67   16.22
 -25164.786    66.985    -2.39   16.25
 -24875.663    67.274     1.00   16.35
 -24586.537    67.656     1.32   16.20
 -24297.409    72.040    15.16   18.14
 -24008.277    75.765    12.88   18.81
 -23719.143    80.722    17.14   18.72
 -23430.006    83.853    10.83   17.37
 -23140.865    87.043    11.03   16.80
 -22851.722    90.056    10.42   15.39
 -22562.576    92.821     9.56   15.93
 -22273.427    91.170    -5.71   16.33
 -21984.275    92.291     3.88   18.97
 -21695.120    96.392    14.18   23.32
 -21405.962   101.412    17.36   26.41
 -21116.801   100.273    -3.94   28.03
 -20827.637    94.825   -18.84   24.96
 -20538.471    92.722    -7.27   24.36
 -20249.301    92.963     0.83   21.75
 -19960.128    95.273     7.99   27.61
 -19670.953    95.142    -0.45   30.33
 -19381.774    98.808    12.68   32.69
 -19092.592   107.307    29.39   36.42
 -18803.408   115.309    27.67   36.18
 -18514.220   120.481    17.88   36.29
 -18225.030   123.156     9.25   35.02
 -17935.837   122.595    -1.94   33.56
 -17646.640   119.191   -11.77   33.27
 -17357.441   119.649     1.59   34.59
 -17068.239   110.273   -32.42   36.28
 -16779.033    99.186   -38.34   34.43
 -16489.825    93.111   -21.01   32.68
 -16200.614    90.990    -7.34   32.44
 -15911.400    97.723    23.28   31.66
 -15622.183   101.036    11.46   30.12
 -15332.963   100.906    -0.45   28.30
 -15043.740   103.356     8.47   26.34
 -14754.514   102.358    -3.45   25.95
 -14465.285   100.305    -7.10   26.04
 -14176.053    96.056   -14.69   26.47
 -13886.818    89.167   -23.82   25.76
 -13597.580    84.731   -15.34   25.28
 -13308.339    78.153   -22.74   25.46
 -13019.095    75.060   -10.69   25.84
 -12729.848    71.032   -13.92   27.41
 -12440.598    62.463   -29.62   26.92
 -12151.345    56.687   -19.97   25.82
 -11862.089    50.392   -21.76   23.38
 -11572.830    44.806   -19.31   22.63
 -11283.568    38.222   -22.76   22.04
 -10994.303    30.173   -27.83   19.74
 -10705.035    24.399   -19.96   18.92
 -10415.765    17.136   -25.11   12.98
 -10126.491    11.440   -19.69   10.97
  -9837.214     7.765   -12.70    8.40
  -9547.934     4.601   -10.94    4.81
  -9258.651     2.971    -5.63    2.25
  -8969.365     2.343    -2.17    1.84
  -8680.076     2.327    -0.06    1.82
  -8390.784     2.402     0.26    1.73
  -8101.490     2.519     0.40    1.59
  -7812.192     2.756     0.82    1.45
  -7522.891     2.606    -0.52    1.42
  -7233.587     2.653     0.16    1.41
  -6944.280     2.790     0.47    1.32
  -6654.970     2.490    -1.04    1.44
  -6365.657     2.306    -0.63    1.57
  -6076.341     1.748    -1.93    1.63
  -5787.022     1.572    -0.61    1.73
  -5497.700     1.306    -0.92    1.85
  -5208.375     0.894    -1.42    1.88
  -4919.047     0.656    -0.82    1.81
  -4629.716     0.256    -1.38    1.89
  -4340.382     0.833     1.99    3.40
  -4051.045     1.687     2.95    4.58
  -3761.704     2.520     2.88    5.08
  -3472.361     3.453     3.23    5.24
  -3183.015     3.629     0.61    5.25
  -2893.666     4.043     1.43    5.24
  -2604.314     3.601    -1.53    4.87
  -2314.958     2.642    -3.31    3.82
  -2025.600     1.821    -2.84    2.49
  -1736.238     2.307     1.68    3.23
  -1446.874     2.440     0.46    3.48
  -1157.507     2.170    -0.93    3.48
   -868.136     1.808    -1.25    3.56
   -578.763     1.290    -1.79    3.46
   -289.386     0.833    -1.58    3.35
     -0.006     0.322    -1.76    3.02
    289.376    -0.554    -3.03    1.05
    578.762    -0.591    -0.13    0.61
    868.151    -0.305     0.99    1.12
   1157.543     0.006     1.08    1.36
   1446.938    -0.006    -0.04    1.37
   1736.335     0.123     0.45    1.48
   2025.736     1.173     3.63    3.32
   2315.141     2.705     5.29    5.12
   2604.548     3.612     3.14    5.38
   2893.958     4.756     3.95    5.24
   3183.371     5.568     2.80    4.89
   3472.787     6.356     2.72    4.40
   3762.207     6.098    -0.89    4.25
   4051.629     4.590    -5.21    3.85
   4341.054     3.560    -3.56    3.70
   4630.483     2.498    -3.67    3.80
   4919.915     1.323    -4.06    3.12
   5209.349     0.590    -2.53    2.63
   5498.787    -0.002    -2.05    1.97
   5788.228    -0.498    -1.71    0.87
   6077.672    -0.110     1.34    1.48
   6367.119     0.358     1.62    2.13
   6656.569     0.595     0.82    2.42
   6946.022     0.646     0.18    2.46
   7235.478     0.532    -0.39    2.43
   7524.937     0.481    -0.18    2.44
   7814.399     0.015    -1.61    2.06
   8103.865    -0.252    -0.92    1.91
   8393.333    -0.019     0.80    2.13
   8682.805     0.680     2.42    2.61
   8972.280     1.187     1.75    2.67
   9261.757     1.765     1.99    2.69
   9551.238     2.514     2.59    2.83
   9840.722     2.833     1.10    2.55
  10130.209     2.816    -0.06    2.06
  10419.699     2.946     0.45    1.97
  10709.193     2.860    -0.30    1.90
  10998.689     2.756    -0.36    1.88
  11288.188     2.673    -0.29    1.65
  11577.691     2.273    -1.38    1.31
  11867.196     2.024    -0.86    1.24
  12156.705     1.906    -0.41    1.26
  12446.217     1.953     0.16    1.36
  12735.732     1.853    -0.34    1.35
  13025.250     1.790    -0.22    1.17
  13314.771     1.723    -0.23    1.26
  13604.295     1.825     0.35    1.27
  13893.823     2.046     0.76    1.28
  14183.353     2.306     0.90    1.28
  14472.887     4.731     8.37    6.85
  14762.423    11.208    22.37   16.49
  15051.963    21.663    36.11   27.29
  15341.506    40.888    66.40   43.17
  15631.052    60.307    67.07   50.44
  15920.601    87.153    92.72   52.13
  16210.153   104.584    60.20   45.33
  16499.709   119.239    50.61   39.33
  16789.267   129.032    33.82   38.12
  17078.829   133.446    15.24   40.13
  17368.393   137.423    13.73   41.59
  17657.961   142.573    17.79   39.58
  17947.532   148.929    21.95   36.12
  18237.106   158.256    32.21   27.58
  18526.684   163.309    17.45   18.59
  18816.264   166.360    10.54    8.61
  19105.848   166.623     0.91    5.43
  19395.434   165.341    -4.43    4.65
  19685.024   162.014   -11.49   10.63
  19974.617   159.989    -7.00   13.60
  20264.213   154.731   -18.15   22.80
  20553.812   151.429   -11.40   24.63
  20843.415   149.224    -7.61   26.44
  21133.020   145.437   -13.08   27.49
  21422.629   143.877    -5.39   26.69
  21711.582   140.206   -12.71   26.87
  22000.521   141.923     5.94   25.87
  22289.463   144.123     7.61   26.40
  22578.409   150.140    20.82   26.58
  22867.357   155.240    17.65   25.03
  23156.309   160.756    19.09   20.47
  23445.264   166.828    21.01   14.15
  23734.222   170.375    12.28    7.59
  24023.183   171.756     4.78    5.77
  24312.148   172.240     1.67    5.82
  24601.115   172.799     1.93    5.76
  24890.086   173.528     2.52    5.79
  25179.059   174.412     3.06    5.55
  25468.036   175.204     2.74    5.35
  25757.016   175.806     2.09    5.20
  26045.999   175.443    -1.26    5.00
  26334.986   175.584     0.49    4.84
  26623.975   175.498    -0.30    4.83
  26912.968   175.170    -1.13    5.00
  27201.963   174.224    -3.28    5.04
  27490.962   173.409    -2.82    5.12
  27779.964   173.256    -0.53    4.76
  28068.970   173.101    -0.54    4.47
  28357.978   173.015    -0.30    4.17
  28646.990   174.036     3.53    4.43
  28936.004   175.240     4.16    5.17
  29225.022   176.174     3.23    6.41
  29514.043   176.067    -0.37    7.60
  29803.067   175.140    -3.21    9.74
  30092.095   171.114   -13.93   13.78
  30381.125   164.884   -21.56   18.59
  30670.159   152.006   -44.55   25.11
  30959.196   142.406   -33.21   24.92
  31248.236   134.437   -27.57   21.86
  31537.279   129.432   -17.32   18.44
  31826.326   128.556    -3.03   18.27
  32115.375   134.498    20.56   22.98
  32404.428   139.756    18.19   25.61
  32693.484   146.879    24.64   26.76
  32982.543   155.714    30.56   24.63
  33271.605   164.894    31.76   21.12
  33560.671   172.756    27.20   17.82
  33849.739   177.207    15.40   15.98
  34138.811   181.373    14.41   13.35
  34427.886   184.853    12.04    8.47
  34716.965   187.595     9.49    2.89
  35006.046   188.399     2.78    2.07
  35295.131   188.773     1.29    2.02
  35584.218   189.308     1.85    2.65
  35873.309   189.863     1.92    3.07
  36162.404   189.791    -0.25    4.69
  36451.501   188.929    -2.98    8.84
  36740.602   189.446     1.79    9.42
  37029.705   191.172     5.97   10.74
  37318.812   196.190    17.36   11.86
  37607.922   201.343    17.82   12.82
  37897.036   206.506    17.86   15.66
  38186.152   211.489    17.23   16.07
  38475.272   218.032    22.63   16.05
  38764.395   224.890    23.72   15.98
  39053.521   231.545    23.02   15.42
  39342.651   239.369    27.06   15.51
  39631.783   247.114    26.78   14.07
  39920.919   254.612    25.94   13.82
  40210.058   261.446    23.63   11.98
  40499.201   264.273     9.78   10.05
  40788.346   267.355    10.66    8.81
  41077.495   267.481     0.43   10.17
  41366.647   265.833    -5.70   14.26
  41655.802   260.256   -19.28   20.53
  41944.960   254.623   -19.48   26.62
  42234.122   249.040   -19.31   29.22
  42523.286   241.568   -25.84   32.33
  42812.454   230.673   -37.68   32.64
  43101.626   220.081   -36.63   31.66
  43390.800   217.799    -7.89   31.06
  43679.978   214.308   -12.07   27.64
  43969.159   217.174     9.91   28.40
  44258.343   219.799     9.08   27.83
  44547.530   227.426    26.37   29.35
  44836.721   232.963    19.15   30.40
  45125.915   235.484     8.72   31.91
  45415.112   241.590    21.11   34.96
  45704.312   249.443    27.15   33.95
  45993.516   252.176     9.45   32.56
  46282.723   251.032    -3.95   31.61
  46571.933   250.118    -3.16   31.29
  46861.146   241.879   -28.49   32.36
  47150.363   231.799   -34.86   32.12
  47439.582   223.978   -27.04   27.78
  47728.806   216.169   -27.00   20.38
  48018.032   211.481   -16.21   18.39
  48307.261   211.460    -0.07   19.20
  48596.494   216.173    16.30   22.33
  48885.730   219.043     9.92   23.22
  49174.970   218.498    -1.89   23.36
  49464.212   216.773    -5.96   21.85
  49753.458   214.169    -9.00   20.36
  50042.707   216.406     7.74   21.96
  50331.959   221.206    16.59   31.52
  50621.215   230.490    32.09   37.82
  50910.474   245.076    50.43   37.06
  51199.736   254.584    32.87   32.08
  51489.001   257.273     9.30   29.15
  51778.270   256.549    -2.50   29.04
  52067.542   246.781   -33.77   33.29
  52356.817   232.830   -48.23   31.84
  52646.096   216.636   -55.98   27.80
  52935.377   204.291   -42.67   26.39
  53224.662   196.096   -28.33   26.45
  53513.951   188.519   -26.19   26.39
  53803.242   179.123   -32.48   20.76
  54092.537   172.371   -23.34   18.44
  54381.835   166.946   -18.75   15.79
  54671.137   160.467   -22.40   10.61
  54960.441   158.306    -7.47    9.96
  55249.749   155.015   -11.38    7.51
  55539.061   152.535    -8.57    7.03
  55828.375   151.118    -4.90    5.16
  56117.693   150.791    -1.13    6.35
  56407.014   151.325     1.85    6.98
  56696.338   153.850     8.72    8.75
  56985.666   156.633     9.62   13.79
  57274.997   157.653     3.52   14.30
  57564.331   158.273     2.14   14.54
  57853.669   156.417    -6.41   13.05
  58143.010   156.799     1.32   12.91
  58432.354   155.450    -4.66    9.58
  58721.701   153.956    -5.16    7.80
  59011.052   154.371     1.43    8.92
  59300.406   154.310    -0.21    9.57
  59589.764   152.273    -7.04   10.35
  59879.124   147.646   -15.99   11.38
  60168.488   143.547   -14.17   10.46
  60457.856   140.950    -8.97    9.90
  60747.226   138.549    -8.30    8.33
  61036.600   136.358    -7.57    6.45
  61325.977   136.239    -0.41    6.81
  61615.358   137.756     5.25    8.78
  61904.742   139.306     5.36    9.55
  62194.129   140.823     5.24    8.96
  62483.519   141.963     3.94    9.53
  62772.913   142.453     1.69    9.72
  63062.310   143.423     3.35   10.72
  63351.711   141.929    -5.16    8.73
  63641.114   140.223    -5.89    8.83
  63930.521   138.290    -6.68    8.05
  64219.932   135.981    -7.98    7.85
  64509.345   133.515    -8.52    7.22
  64798.762   130.894    -9.06    6.61
  65088.183   128.584    -7.98    5.80
  65377.607   126.722    -6.43    5.21
  65667.034   125.256    -5.06    4.14
  65956.464   124.667    -2.04    3.89
  66245.898   124.934     0.92    4.79
  66535.335   125.611     2.34    5.32
  66824.775   126.573     3.32    5.72
  67114.219   127.109     1.85    5.82
  67403.666   127.221     0.39    5.41
  67693.116   126.481    -2.56    5.98
  67982.570   123.673    -9.70    6.22
  68272.027   121.797    -6.48    6.69
  68561.487   119.466    -8.05    6.85
  68850.951   117.239    -7.69    5.90
  69140.418   115.290    -6.73    5.64
  69429.889   113.432    -6.42    5.57
  69719.363   112.437    -3.44    5.66
  70008.840   110.706    -5.98    4.44
  70298.320   109.551    -3.99    4.01
  70587.804   108.515    -3.58    3.52
  70877.291   107.596    -3.18    3.06
  71166.782   107.006    -2.04    3.59
  71456.276   106.808    -0.68    4.37
  71745.773   106.338    -1.62    4.96
  72035.274   105.456    -3.05    4.82
  72324.778   104.343    -3.85    4.33
  72614.285   103.756    -2.02    4.08
  72903.796   103.343    -1.43    4.35
  73193.310   102.568    -2.68    4.28
  73482.827   101.791    -2.68    4.05
  73772.348   100.823    -3.34    5.09
  74061.872   100.187    -2.20    5.55
  74351.400    98.460    -5.97    5.24
  74640.931    96.821    -5.66    5.62
  74930.465    94.856    -6.79    5.20
  75220.003    92.601    -7.79    4.94
  75509.544    90.625    -6.82    4.27
  75799.089    88.722    -6.57    4.33
  76088.636    86.629    -7.23    3.73
  76378.188    84.840    -6.18    3.17
  76667.742    83.240    -5.52    2.97
  76957.300    81.981    -4.35    3.07
  77246.862    80.506    -5.09    2.91
  77536.426    79.116    -4.80    3.10
  77825.994    78.109    -3.48    3.16
  78115.566    76.968    -3.94    3.08
  78405.141    76.511    -1.58    3.25
  78694.719    76.358    -0.53    3.92
  78984.301    76.406     0.17    4.81
  79273.886    76.106    -1.04    5.36
  79563.475    76.153     0.16    5.97
  79853.066    75.611    -1.87    7.01
  80142.662    74.556    -3.64    6.79
  80432.260    72.670    -6.51    6.52
  80721.862    70.934    -5.99    7.00
  81011.468    68.670    -7.82    7.12
  81301.077    65.978    -9.30    7.92
  81590.689    63.549    -8.38    7.90
  81880.305    61.623    -6.65    8.27
  82169.924    59.877    -6.03    8.48
  82459.546    57.153    -9.41    8.36
  82749.172    54.918    -7.72    8.14
  83038.802    52.873    -7.06    7.65
  83328.435    51.092    -6.15    6.53
  83618.071    49.555    -5.31    5.49
  83907.181    49.101    -1.57    5.35
  84196.086    48.172    -3.22    6.04
  84484.995    47.023    -3.98    6.14
  84773.908    46.923    -0.35    6.33
  85062.823    47.084     0.56    6.29
  85351.742    46.856    -0.79    6.66
  85640.665    48.344     5.15    8.04
  85929.591    49.973     5.64    8.84
  86218.520    52.666     9.32    9.31
  86507.453    55.256     8.96    8.74
  86796.389    57.740     8.59    9.42
  87085.329    60.490     9.52    9.59
  87374.272    62.273     6.17   11.04
  87663.218    65.481    11.10   11.10
  87952.168    68.912    11.88   12.24
  88241.121    72.040    10.82   12.11
  88530.078    74.221     7.55   11.60
  88819.038    76.561     8.10   10.86
  89108.001    78.015     5.03    8.68
  89396.968    78.640     2.16    7.82
  89685.938    78.477    -0.56    6.98
  89974.912    76.006    -8.55    8.42
  90263.889    72.825   -11.01    9.46
  90552.870    68.800   -13.93   11.95
  90841.854    64.223   -15.84   13.33
  91130.841    59.894   -14.98   12.75
  91419.832    58.090    -6.24   12.21
  91708.826    57.670    -1.45   13.81
  91997.824    59.929     7.82   15.08
  92286.825    64.446    15.63   16.64
  92575.830    72.843    29.05   17.41
  92864.838    80.043    24.92   15.63
  93153.849    86.481    22.27   14.98
  93442.864    92.917    22.27   13.45
  93731.883    96.864    13.65   13.06
  94020.905    99.840    10.30   11.21
  94309.930   101.353     5.24   10.03
  94598.959   101.443     0.31    9.71
  94887.991    99.502    -6.71   10.78
  95177.026    96.899    -9.01   11.84
  95466.065    94.561    -8.09   11.75
  95755.108    91.740    -9.76   10.44
  96044.154    89.748    -6.89   10.26
  96333.203    89.304    -1.54   10.92
  96622.256    90.799     5.17   10.95
  96911.312    94.540    12.94   11.39
  97200.372    96.739     7.61   10.00
  97489.435    98.322     5.48    9.49
  97778.502   100.840     8.71    8.93
  98067.572   104.551    12.84   11.48
  98356.646   110.929    22.06   14.53
  98645.723   116.899    20.65   15.14
  98934.804   122.990    21.07   14.97
  99223.888   128.239    18.16   12.73
  99512.975   130.906     9.23   10.54
  99802.066   130.173    -2.54   11.27
 100091.161   127.222   -10.21   13.36
 100380.258   123.567   -12.64   14.58
 100669.360   119.239   -14.97   14.27
 100958.465   116.043   -11.05   10.37
 101247.573   114.222    -6.30    7.78
 101536.685   114.156    -0.23    7.60
 101825.800   115.912     6.07    7.69
 102114.919   119.808    13.48    8.13
 102404.041   121.978     7.50    9.51
 102693.167   124.323     8.11   10.25
 102982.296   126.551     7.71   10.63
 103271.429   128.578     7.01    9.91
 103560.565   129.774     4.14    9.15
 103849.705   131.584     6.26    9.09
 104138.848   134.273     9.30    9.88
 104427.995   138.289    13.89   11.34
 104717.145   142.515    14.62   14.48
 105006.298   147.523    17.32   13.94
 105295.456   148.670     3.97   14.11
 105584.616   147.890    -2.70   14.50
 105873.780   144.123   -13.03   16.33
 106162.948   139.906   -14.58   16.43
 106452.119   133.142   -23.39   13.90
 106741.294   128.343   -16.60   10.35
 107030.472   125.806    -8.77    7.89
 107319.654   125.601    -0.71    7.80
 107608.839   126.273     2.32    7.98
 107898.027   128.087     6.27    7.95
 108187.220   130.917     9.79    9.23
 108476.415   133.808    10.00   10.15
 108765.614   136.185     8.22   10.48
 109054.817   138.590     8.32   10.82
 109344.023   142.138    12.27   11.55
 109633.233   143.929     6.19   13.07
 109922.446   143.446    -1.67   13.55
 110211.663   144.429     3.40   13.67
 110500.883   147.519    10.68   19.06
 110790.107   156.850    32.26   30.10
 111079.335   164.732    27.25   32.33
 111368.566   173.222    29.35   32.98
 111657.800   185.791    43.46   31.91
 111947.038   195.799    34.60   29.77
 112236.279   205.540    33.68   21.57
 112525.524   212.482    24.00   16.06
 112814.773   215.929    11.92   14.36
 113104.025   219.573    12.60   12.05
 113393.280   222.449     9.94   10.53
 113682.539   224.240     6.19   10.02
 113971.802   226.090     6.40   11.17
 114261.068   227.073     3.40   12.85
 114550.338   231.158    14.12   17.11
 114839.611   233.327     7.50   17.42
 115128.888   233.573     0.85   17.81
 115418.168   230.756    -9.74   17.51
 115707.452   226.109   -16.07   18.10
 115996.740   221.723   -15.16   16.32
 116286.031   218.358   -11.63   16.37
 116575.325   214.584   -13.05   14.04
 116864.623   213.835    -2.59   14.36
 117153.925   213.486    -1.21   14.83
 117443.230   218.056    15.80   19.77
 117732.539   224.470    22.17   20.01
 118021.851   230.680    21.47   23.23
 118311.167   235.274    15.88   24.97
 118600.486   234.956    -1.10   24.70
 118889.809   234.187    -2.66   24.61
 119179.136   233.683    -1.74   25.86
 119468.466   229.187   -15.54   24.07
 119757.800   223.791   -18.65   22.08
 120047.137   221.101    -9.30   22.80
 120336.478   217.556   -12.25   22.48
 120625.822   213.109   -15.37   23.81
 120915.170   206.084   -24.28   23.87
 121204.521   197.973   -28.03   22.48
 121493.876   190.149   -27.04   21.72
 121783.235   183.601   -22.63   21.33
 122072.597   175.584   -27.71   21.21
 122361.963   168.409   -24.80   19.65
 122651.332   162.633   -19.96   16.54
 122940.705   158.309   -14.94   14.27
 123230.082   153.890   -15.27    6.87
 123519.462   151.618    -7.85    5.16
 123808.846   150.918    -2.42    4.93
 124098.233   149.506    -4.88    3.20
 124387.624   149.240    -0.92    3.14
 124677.018   148.705    -1.85    3.13
 124966.416   148.116    -2.03    3.14
 125255.818   147.523    -2.05    3.09
 125545.223   147.189    -1.16    3.34
 125834.632   146.902    -0.99    3.31
 126124.044   146.697    -0.71    3.24
 126413.460   146.567    -0.45    2.93
 126702.880   148.773     7.62   10.38
 126992.303   156.774    27.64   24.26
 127281.730   165.994    31.86   35.72
 127571.160   171.325    18.42   39.68
 127860.594   173.843     8.70   43.46
 128150.031   171.894    -6.73   44.28
 128439.473   165.223   -23.05   42.11
 128728.917   156.912   -28.71   37.15
 129018.366   146.067   -37.47   26.58
 129307.818   137.606   -29.23    6.22
 129597.273   136.081    -5.27    4.04
 129886.733   136.136     0.19    3.87
 130176.195   135.781    -1.23    4.04
 130465.662   135.940     0.55    3.72
 130755.132   136.369     1.48    4.25
 131044.606   136.346    -0.08    4.59
 131334.083   136.240    -0.37    4.90
 131623.564   135.618    -2.15    5.25
 131913.048   134.885    -2.53    5.41
 132202.536   134.699    -0.64    5.62
 132492.028   134.656    -0.15    5.85
 132781.524   135.138     1.66    6.54
 133071.023   136.081     3.26    6.70
 133360.525   137.406     4.58    7.47
 133650.031   140.985    12.36    8.13
 133939.541   143.821     9.80    8.54
 134229.055   146.040     7.66    8.47
 134518.572   148.325     7.89    8.10
 134808.093   149.477     3.98    8.02
 135097.617   149.360    -0.40    7.63
 135387.145   147.945    -4.89    8.33
 135676.677   145.205    -9.46    8.46
 135966.212   141.308   -13.46    7.00
 136255.751   140.653    -2.26    6.35
 136545.294   141.990     4.62    8.82
 136834.840   143.748     6.07    9.64
 137124.390   146.239     8.60   10.17
 137413.944   148.340     7.25    9.73
 137703.501   150.046     5.89    9.65
 137993.062   151.463     4.90    9.12
 138282.626   151.873     1.42    9.07
 138572.194   151.956     0.29    9.03
 138861.766   152.579     2.15    9.85
 139151.342   153.006     1.48    9.47
 139440.921   154.173     4.03    8.95
 139730.504   154.011    -0.56    7.71
 140020.090   154.563     1.91    7.43
 140309.680   155.617     3.64    7.32
 140599.274   156.373     2.61    6.80
 140888.871   158.426     7.09    7.28
 141178.472   161.379    10.20    7.72
 141468.077   164.940    12.29    8.82
 141757.685   170.324    18.59    9.81
 142047.297   174.611    14.80   11.24
 142336.913   178.490    13.39   12.59
 142626.533   182.098    12.46   12.32
 142916.156   184.494     8.27   13.15
 143205.782   189.101    15.91   14.51
 143495.413   192.256    10.89   14.65
 143785.047   195.463    11.07   13.99
 144074.685   196.981     5.24   13.69
 144364.326   197.343     1.25   13.46
 144653.971   196.612    -2.52   13.70
 144943.620   193.240   -11.64   14.13
 145233.273   191.946    -4.47   13.62
 145522.929   188.806   -10.84   12.47
 145812.589   185.432   -11.65    9.68
 146101.888   183.343    -7.22    6.54
 146390.760   181.873    -5.09    7.23
 146679.636   180.773    -3.81    7.65
 146968.516   178.482    -7.93    8.32
 147257.400   176.221    -7.83    7.42
 147546.287   174.473    -6.05    7.03
 147835.178   172.467    -6.94    7.43
 148124.072   170.531    -6.70    8.65
 148412.970   168.340    -7.58    8.68
 148701.872   166.036    -7.97    8.12
 148990.778   164.595    -4.99    7.18
 149279.687   164.053    -1.88    6.76
 149568.600   165.123     3.70    7.78
 149857.516   167.825     9.35    8.93
 150146.437   171.971    14.35   11.02
 150435.361   176.573    15.93   12.02
 150724.288   179.446     9.94   11.24
 151013.219   181.595     7.44    9.97
 151302.154   181.601     0.02    9.85
 151591.093   181.273    -1.14   10.40
 151880.036   180.205    -3.70   11.13
 152168.982   176.790   -11.82   10.12
 152457.931   174.584    -7.63    8.64
 152746.885   175.756     4.06    8.62
 153035.842   177.224     5.08    8.64
 153324.803   179.390     7.49    8.19
 153613.767   181.601     7.65    9.42
 153902.736   185.888    14.84   11.49
 154191.708   189.412    12.19   11.54
 154480.683   191.106     5.87   10.70
 154769.663   191.833     2.51   11.69
 155058.646   189.956    -6.49   13.22
 155347.632   186.429   -12.21   14.42
 155636.623   181.173   -18.19   13.07
 155925.617   176.537   -16.04   10.07
 156214.615   172.773   -13.02    8.00
 156503.617   170.371    -8.31    6.65
 156792.622   169.990    -1.32    7.79
 157081.631   170.490     1.73   10.53
 157370.644   171.205     2.47   10.68
 157659.660   171.985     2.70   12.01
 157948.680   172.549     1.95   13.18
 158237.704   171.994    -1.92   13.75
 158526.732   170.945    -3.63   12.87
 158815.763   168.081    -9.91   11.05
 159104.798   166.808    -4.40    9.70
 159393.837   167.703     3.10   10.42
 159682.880   171.010    11.44   12.25
 159971.926   173.273     7.83   12.74
 160260.976   176.010     9.47   12.68
 160550.030   179.756    12.96   12.77
 160839.087   181.309     5.37   12.25
 161128.149   183.156     6.39   12.54
 161417.213   183.274     0.41   10.80
 161706.282   185.551     7.88   11.52
 161995.355   186.705     3.99   11.27
 162284.431   188.584     6.50    9.80
 162573.511   189.636     3.64   10.11
 162862.594   190.590     3.30    9.29
 163151.682   188.486    -7.28   10.26
 163440.773   185.360   -10.81   10.34
 163729.868   181.490   -13.39   10.49
 164018.966   179.114    -8.22   10.92
 164308.069   174.601   -15.61    9.79
 164597.175   170.306   -14.86    9.62
 164886.285   166.890   -11.82    8.38
 165175.398   164.617    -7.86    7.08
 165464.516   161.870    -9.50    6.08
 165753.637   159.823    -7.08    5.49
 166042.762   158.912    -3.15    4.85
 166331.890   158.756    -0.54    5.00
 166621.023   159.158     1.39    5.24
 166910.159   159.656     1.72    5.38
 167199.299   161.053     4.83    5.65
 167488.443   162.677     5.62    5.69
 167777.590   164.551     6.48    6.96
 168066.741   166.850     7.95    6.94
 168355.896   168.676     6.32    6.42
 168645.055   170.456     6.16    5.72
 168934.218   172.653     7.60    5.82
 169223.384   176.850    14.51   11.32
 169512.554   183.739    23.83   16.69
 169801.728   187.912    14.43   16.45
 170090.906   190.843    10.13   14.90
 170380.087   195.239    15.20   14.03
 170669.272   197.360     7.33   12.60
 170958.461   199.290     6.67   12.88
 171247.654   201.092     6.23   12.81
 171536.851   204.239    10.88   17.12
 171826.051   209.240    17.29   27.65
 172115.255   213.498    14.72   29.68
 172404.463   214.567     3.70   31.17
 172693.675   211.486   -10.65   31.74
 172982.890   212.273     2.72   32.40
 173272.109   213.998     5.97   35.40
 173561.332   211.524    -8.55   36.12
 173850.559   205.106   -22.19   35.98
 174139.790   199.063   -20.89   35.12
 174429.024   196.869    -7.59   36.04
 174718.263   194.612    -7.80   38.22
 175007.505   192.506    -7.28   38.28
 175296.751   184.561   -27.47   35.01
 175586.000   176.084   -29.31   32.29
 175875.254   169.856   -21.53   30.07
 176164.511   162.273   -26.22   26.92
 176453.772   156.127   -21.25   19.69
 176743.037   152.923   -11.08   17.81
 177032.306   149.118   -13.15    7.49
 177321.578   149.782     2.29    7.94
 177610.854   151.153     4.74    7.62
 177900.135   152.207     3.64    7.70
 178189.419   151.808    -1.38    7.92
 178478.706   149.612    -7.59    7.59
 178767.998   147.308    -7.97    6.55
 179057.293   146.612    -2.41    6.28
 179346.593   146.902     1.00    6.82
 179635.896   147.173     0.94    6.67
 179925.202   148.404     4.25    6.95
 180214.513   150.291     6.52    7.12
 180503.828   152.412     7.33    6.99
 180793.146   152.806     1.36    6.10
 181082.468   151.873    -3.23    6.21
 181371.794   150.142    -5.98    7.02
 181661.124   148.205    -6.69    7.86
 181950.458   146.073    -7.37    7.61
 182239.795   145.502    -1.97    6.28
 182529.136   146.584     3.74    7.12
 182818.482   149.206     9.06    9.39
 183107.831   153.511    14.88   12.02
 183397.183   159.646    21.21   12.32
 183686.540   163.677    13.93   11.18
 183975.901   166.519     9.82    9.78
 184265.265   168.825     7.97    8.73
 184554.633   170.847     6.99    9.20
 184844.005   171.797     3.29    9.47
 185133.381   172.877     3.73    9.66
 185422.761   173.791     3.16    9.99
 185712.145   175.549     6.08   10.11
 186001.532   179.404    13.32   11.96
 186290.923   182.498    10.69   12.79
 186580.319   187.706    18.00   19.55
 186869.718   190.774    10.60   21.50
 187159.121   196.561    20.00   22.46
 187448.527   197.109     1.89   20.66
 187737.938   193.923   -11.01   19.06
 188027.352   189.814   -14.20   16.65
 188316.771   186.169   -12.60   17.01
 188606.193   179.446   -23.23   18.02
 188895.619   172.494   -24.02   17.48
 189185.049   166.940   -19.19   14.82
 189474.483   164.109    -9.78   13.16
 189763.920   165.153     3.61   15.45
 190053.362   167.856     9.34   20.36
 190342.807   172.187    14.96   22.11
 190632.256   174.998     9.71   22.58
 190921.710   181.306    21.79   21.00
 191211.167   184.420    10.76   20.09
 191500.628   185.490     3.69   18.87
 191790.092   184.063    -4.93   16.53
 192079.561   180.940   -10.79   15.42
 192369.034   174.325   -22.85   13.84
 192658.510   168.781   -19.15   13.45
 192947.990   164.673   -14.19   12.98
 193237.474   159.663   -17.31   11.76
 193526.963   154.998   -16.12   10.26
 193816.455   151.670   -11.50    9.28
 194105.950   151.371    -1.03    9.02
 194395.450   153.070     5.87    9.18
 194684.954   154.590     5.25    8.80
 194974.461   153.653    -3.24    8.62
 195263.973   153.274    -1.31    9.13
 195553.488   150.978    -7.93   10.19
 195843.007   148.494    -8.58   10.39
 196132.531   146.840    -5.71    9.49
 196422.058   146.346    -1.71    8.91
 196711.588   148.515     7.49   11.04
 197001.123   151.818    11.41   11.35
 197290.662   154.978    10.91   10.26
 197580.205   157.256     7.87    8.33
 197869.751   156.946    -1.07    8.03
 198159.302   154.073    -9.92    9.22
 198448.856   150.636   -11.87   11.08
 198738.414   146.023   -15.93   12.56
 199027.977   139.873   -21.24   13.26
 199317.543   134.732   -17.76   12.42
 199607.113   128.373   -21.96   11.17
 199896.687   123.134   -18.09   11.26
 200186.265   118.697   -15.32   10.94
 200475.846   112.808   -20.34    9.32
 200765.432   110.322    -8.59    8.73
 201055.022   107.392   -10.12    8.22
 201344.615   104.663    -9.42    8.27
 201634.213   102.912    -6.05    8.89
 201923.814   101.722    -4.11    9.44
 202213.420   100.073    -5.69    9.32
 202503.029    97.656    -8.35    8.82
 202792.642    93.540   -14.22    8.51
 203082.259    91.618    -6.63    9.43
 203371.880    89.084    -8.75    9.14
 203661.505    85.256   -13.22   10.42
 203951.134    81.612   -12.58   10.99
 204240.767    77.523   -14.12    9.63
 204530.404    75.435    -7.21    8.31
 204820.045    74.223    -4.18    8.02
 205109.689    72.825    -4.83    7.89
 205399.338    70.896    -6.66    8.28
 205688.991    68.535    -8.15    9.09
 205978.647    67.481    -3.64    9.13
 206268.308    65.358    -7.33    8.32
 206557.972    64.739    -2.14    7.37
 206847.641    65.940     4.14    8.27
 207137.313    69.123    10.99    9.35
 207426.989    72.939    13.17    9.67
 207716.669    78.002    17.48   10.40
 208006.354    83.685    19.62   12.52
 208295.874    88.765    17.55   14.05
 208584.714    94.170    18.71   15.27
 208873.558   100.453    21.75   17.37
 209162.406   105.687    18.12   17.27
 209451.258   109.140    11.95   16.31
 209740.114   112.756    12.52   15.00
 210028.973   116.687    13.61   13.18
 210317.837   121.337    16.10   12.84
 210606.705   126.356    17.38   12.29
 210895.576   129.780    11.85   12.58
 211184.452   133.327    12.28   10.84
 211473.332   135.084     6.08    9.81
 211762.215   134.440    -2.23    9.38
 212051.102   132.573    -6.46    9.17
 212339.994   130.240    -8.08    9.22
 212628.889   128.187    -7.10    8.42
 212917.788   126.223    -6.80    6.60
 213206.692   126.618     1.37    6.32
 213495.599   127.490     3.02    6.61
 213784.510   128.945     5.04    6.51
 214073.425   130.940     6.90    7.12
 214362.344   135.423    15.52    7.72
 214651.267   138.324    10.04    7.61
 214940.194   141.023     9.34    7.48
 215229.125   142.825     6.24    7.00
 215518.060   145.388     8.87    6.41
 215806.999   147.781     8.28    6.71
 216095.942   149.446     5.76    7.53
 216384.889   152.377    10.14    8.39
 216673.839   156.185    13.18    8.41
 216962.794   159.440    11.26    7.61
 217251.753   161.561     7.34    7.15
 217540.716   163.109     5.36    6.31
 217829.682   164.049     3.26    6.47
 218118.653   164.808     2.63    6.30
 218407.628   164.090    -2.49    7.20
 218696.606   164.722     2.19    7.14
 218985.589   164.551    -0.59    7.00
 219274.575   165.739     4.11    6.55
 219563.566   167.532     6.21    6.99
 219852.560   169.601     7.16    7.77
 220141.559   170.906     4.52    7.97
 220430.562   171.551     2.23    8.28
 220719.568   170.239    -4.54    8.57
 221008.579   168.683    -5.39    8.53
 221297.593   165.810    -9.94    7.69
 221586.612   164.155    -5.73    6.26
 221875.634   163.109    -3.62    5.18
 222164.661   163.340     0.80    5.61
 222453.691   164.814     5.10    6.50
 222742.726   166.642     6.33    6.49
 223031.764   168.823     7.55    6.81
 223320.807   171.774    10.21    6.36
 223609.853   173.837     7.14    6.36
 223898.904   176.440     9.00    6.99
 224187.958   178.388     6.74    7.76
 224477.017   180.239     6.41    7.90
 224766.079   181.325     3.76    7.53
 225055.146   181.629     1.05    7.29
 225344.216   180.714    -3.17    7.28
 225633.291   178.305    -8.33    8.14
 225922.370   175.273   -10.49    8.89
 226211.452   170.877   -15.21    9.69
 226500.539   167.463   -11.81   10.18
 226789.629   163.291   -14.43    9.23
 227078.724   158.879   -15.26    8.88
 227367.823   154.567   -14.92    9.49
 227656.925   149.409   -17.84    9.73
 227946.032   145.808   -12.46   10.16
 228235.143   141.867   -13.63   10.37
 228524.258   138.305   -12.32    9.72
 228813.377   134.714   -12.42    7.70
 229102.499   132.273    -8.44    6.11
 229391.626   130.923    -4.67    5.93
 229680.757   130.748    -0.61    5.46
 229969.892   131.890     3.95    5.49
 230259.031   133.683     6.20    5.82
 230548.174   135.789     7.28    6.49
 230837.321   138.515     9.43    7.13
 231126.472   142.056    12.25    7.44
 231415.627   143.239     4.09    6.39
 231704.787   141.289    -6.74    7.67
 231993.950   138.956    -8.07    9.81
 232283.117   135.748   -11.10   10.35
 232572.288   132.860    -9.99    9.97
 232861.464   130.631    -7.71    7.94
 233150.643   129.690    -3.26    6.63
 233439.827   130.498     2.79    7.29
 233729.014   132.896     8.29    8.15
 234018.206   136.506    12.49    7.95
 234307.401   140.170    12.67    9.08
 234596.601   142.256     7.21    9.57
 234885.805   145.040     9.62   10.12
 235175.013   148.338    11.41   10.30
 235464.224   151.739    11.76    9.50
 235753.440   153.623     6.51   10.43
 236042.660   156.453     9.78   11.05
 236331.884   159.205     9.52   11.71
 236621.113   160.690     5.13   10.89
 236910.345   162.906     7.66    9.61
 237199.581   165.998    10.69    9.65
 237488.821   168.524     8.73   10.46
 237778.066   171.656    10.83    9.95
 238067.314   175.170    12.15   10.39
 238356.567   179.289    14.24    9.91
 238645.823   183.618    14.97    9.66
 238935.084   186.705    10.67    9.00
 239224.349   190.026    11.48    8.56
