-155345.183    34.412     0.00    5.71
-155055.898    35.009     2.06    5.55
-154766.613    35.700     2.39    5.69
-154477.329    36.512     2.81    5.78
-154188.044    37.519     3.48    5.51
-153898.759    38.971     5.02    4.24
-153609.474    39.869     3.11    2.54
-153320.189    39.404    -1.61    3.29
-153030.904    38.762    -2.22    3.95
-152741.620    38.269    -1.70    3.93
-152452.335    38.214    -0.19    4.01
-152163.050    37.738    -1.65    3.86
-151873.765    37.886     0.51    3.34
-151584.480    37.869    -0.06    2.76
-151295.195    37.680    -0.66    2.63
-151005.911    37.404    -0.95    2.36
-150716.626    36.689    -2.47    2.04
-150427.341    36.249    -1.52    2.01
-150138.056    36.073    -0.61    2.23
-149848.771    35.921    -0.52    2.37
-149559.486    35.512    -1.41    2.31
-149270.201    35.509    -0.01    2.49
-148980.916    35.269    -0.83    2.31
-148691.631    35.443     0.60    2.64
-148402.346    35.501     0.20    2.91
-148113.061    35.628     0.44    2.90
-147823.775    35.653     0.09    2.80
-147534.490    35.276    -1.30    2.98
-147245.205    35.296     0.07    3.01
-146955.920    34.904    -1.35    2.90
-146666.635    34.456    -1.55    2.51
-146377.349    34.266    -0.66    2.64
-146088.064    34.090    -0.61    2.86
-145798.779    34.082    -0.02    3.23
-145509.493    34.076    -0.02    3.36
-145220.208    34.090     0.05    3.69
-144930.922    33.512    -2.00    3.73
-144641.637    33.553     0.14    4.03
-144352.351    33.263    -1.00    4.10
-144063.066    32.818    -1.54    3.87
-143773.780    32.569    -0.86    3.50
-143484.494    32.571     0.01    3.25
-143195.209    32.093    -1.65    2.82
-142905.923    31.336    -2.62    2.35
-142616.637    30.836    -1.73    2.21
-142327.351    30.579    -0.89    1.90
-142038.065    30.191    -1.34    1.72
-141748.779    29.853    -1.17    1.66
-141459.493    29.726    -0.44    1.61
-141170.207    29.756     0.10    1.64
-140880.921    29.852     0.33    1.59
-140591.635    29.990     0.48    1.55
-140302.348    29.971    -0.07    1.71
-140013.062    30.334     1.25    1.72
-139723.776    30.503     0.58    1.75
-139434.489    30.835     1.15    1.76
-139145.203    30.968     0.46    1.80
-138855.916    31.419     1.56    1.84
-138566.629    31.923     1.74    1.98
-138277.343    32.005     0.28    2.05
-137988.056    32.473     1.62    2.14
-137698.769    32.700     0.78    2.25
-137409.482    32.903     0.70    2.19
-137120.195    33.076     0.60    1.99
-136830.908    33.404     1.13    2.02
-136541.621    33.921     1.79    1.81
-136252.333    34.136     0.74    1.66
-135963.046    34.361     0.78    1.71
-135673.759    34.785     1.46    1.69
-135384.471    34.662    -0.42    1.98
-135095.184    34.536    -0.44    1.90
-134805.896    34.935     1.38    2.31
-134516.608    35.386     1.56    2.71
-134227.320    35.820     1.50    2.83
-133938.032    36.173     1.22    2.99
-133648.744    36.628     1.57    2.78
-133359.456    36.903     0.95    2.68
-133070.168    36.938     0.12    2.78
-132780.880    36.460    -1.66    3.03
-132491.591    35.835    -2.16    3.26
-132202.303    34.956    -3.04    3.26
-131913.014    34.473    -1.67    3.12
-131623.726    33.666    -2.79    2.87
-131334.437    33.353    -1.08    2.72
-131045.148    33.611     0.89    3.05
-130755.859    33.569    -0.14    3.37
-130466.570    33.476    -0.32    3.21
-130177.281    33.197    -0.97    3.21
-129887.991    32.919    -0.96    3.14
-129598.702    32.835    -0.29    3.24
-129309.412    32.636    -0.69    2.96
-129020.123    33.030     1.36    2.90
-128730.833    33.611     2.01    2.84
-128441.543    34.124     1.77    2.77
-128152.253    34.669     1.89    2.82
-127862.963    34.950     0.97    2.69
-127573.673    34.818    -0.46    2.62
-127284.383    35.019     0.70    2.60
-126995.092    34.308    -2.46    2.36
-126705.802    33.935    -1.29    2.21
-126416.511    33.818    -0.40    2.25
-126127.220    33.802    -0.06    2.34
-125837.929    33.971     0.59    2.39
-125548.638    34.335     1.26    2.44
-125259.347    34.336     0.00    2.35
-124970.056    35.162     2.86    2.80
-124680.764    35.986     2.85    2.93
-124391.473    36.953     3.34    2.88
-124102.181    37.834     3.05    3.12
-123812.889    38.564     2.52    3.20
-123523.598    39.507     3.26    2.85
-123234.305    40.119     2.12    2.29
-122945.013    40.107    -0.04    2.40
-122655.721    40.276     0.59    2.61
-122366.428    40.593     1.10    2.27
-122077.136    40.387    -0.71    2.37
-121787.843    40.513     0.44    2.20
-121498.550    40.819     1.06    2.21
-121209.257    40.869     0.17    2.30
-120919.964    40.956     0.30    2.35
-120630.670    41.155     0.69    2.18
-120341.377    41.353     0.68    2.22
-120052.083    41.162    -0.66    2.05
-119762.789    41.053    -0.38    1.98
-119473.496    40.937    -0.40    1.96
-119184.201    40.645    -1.01    1.77
-118894.907    40.180    -1.61    2.32
-118605.613    39.387    -2.74    2.56
-118316.318    38.951    -1.50    2.31
-118027.023    38.335    -2.13    2.20
-117737.729    37.956    -1.31    1.89
-117448.434    37.975     0.07    1.86
-117159.138    38.007     0.11    1.73
-116869.843    38.498     1.70    1.56
-116580.547    38.581     0.29    1.60
-116291.252    38.785     0.70    1.55
-116001.956    38.729    -0.19    1.53
-115712.660    38.818     0.31    1.57
-115423.364    39.069     0.87    1.64
-115134.067    39.157     0.30    1.63
-114844.771    39.000    -0.54    1.94
-114555.497    38.834    -0.58    2.01
-114266.238    38.697    -0.47    1.92
-113976.979    38.601    -0.33    1.97
-113687.720    38.469    -0.46    1.92
-113398.460    38.082    -1.34    1.83
-113109.201    37.921    -0.56    1.92
-112819.941    37.751    -0.59    1.89
-112530.681    37.731    -0.07    2.04
-112241.421    37.553    -0.62    2.10
-111952.160    37.053    -1.73    2.16
-111662.900    36.253    -2.77    2.71
-111373.639    35.119    -3.92    3.20
-111084.378    33.456    -5.75    4.00
-110795.117    31.818    -5.66    3.94
-110505.855    29.404    -8.35    4.16
-110216.594    27.525    -6.49    4.07
-109927.332    25.803    -5.95    3.16
-109638.070    24.744    -3.66    2.64
-109348.808    24.107    -2.20    2.24
-109059.546    24.283     0.61    2.60
-108770.283    24.569     0.99    2.73
-108481.021    24.869     1.04    2.90
-108191.758    25.619     2.59    2.94
-107902.495    26.438     2.83    2.79
-107613.231    27.343     3.13    2.90
-107323.968    28.259     3.17    2.67
-107034.704    29.446     4.10    2.45
-106745.440    30.402     3.30    2.19
-106456.176    31.056     2.26    2.00
-106166.912    31.548     1.70    1.80
-105877.647    31.703     0.54    2.02
-105588.382    31.852     0.52    1.94
-105299.117    31.771    -0.28    2.29
-105009.852    31.783     0.04    2.37
-104720.587    31.680    -0.36    2.62
-104431.321    31.456    -0.77    2.53
-104142.055    31.456     0.00    2.16
-103852.789    31.269    -0.64    2.26
-103563.523    31.559     1.00    2.01
-103274.256    31.653     0.32    2.09
-102984.990    31.476    -0.61    2.02
-102695.723    30.749    -2.52    2.56
-102406.456    30.279    -1.62    2.92
-102117.188    29.786    -1.70    3.07
-101827.921    29.033    -2.60    2.87
-101538.653    28.483    -1.90    2.71
-101249.385    28.456    -0.10    2.68
-100960.116    28.988     1.84    2.77
-100670.848    29.353     1.26    2.57
-100381.579    29.736     1.33    2.49
-100092.310    30.076     1.18    2.05
 -99803.041    29.852    -0.77    2.13
 -99513.771    29.536    -1.09    1.92
 -99224.501    29.569     0.12    1.88
 -98935.231    29.673     0.36    2.04
 -98645.961    29.904     0.80    1.92
 -98356.691    29.717    -0.65    2.22
 -98067.420    29.676    -0.14    2.42
 -97778.149    29.769     0.32    2.54
 -97488.878    30.039     0.93    2.67
 -97199.606    29.619    -1.45    2.81
 -96910.335    29.394    -0.78    2.72
 -96621.063    29.641     0.86    2.43
 -96331.790    30.019     1.31    2.28
 -96042.518    30.352     1.15    2.13
 -95753.245    30.069    -0.98    2.33
 -95463.972    29.419    -2.25    2.84
 -95174.699    28.714    -2.44    3.48
 -94885.426    27.473    -4.29    3.91
 -94596.152    25.780    -5.85    3.58
 -94306.878    24.492    -4.45    3.15
 -94017.604    23.632    -2.97    2.58
 -93728.329    22.903    -2.52    2.09
 -93439.054    22.145    -2.62    2.21
 -93149.779    21.676    -1.62    2.21
 -92860.504    21.412    -0.91    2.26
 -92571.228    20.835    -1.99    2.12
 -92281.952    20.476    -1.24    2.07
 -91992.676    20.344    -0.46    1.78
 -91703.400    20.431     0.30    1.71
 -91414.123    20.593     0.56    1.77
 -91124.846    21.214     2.15    2.22
 -90835.569    21.984     2.66    2.60
 -90546.291    22.662     2.34    2.64
 -90257.014    23.680     3.52    2.79
 -89967.736    24.300     2.15    2.51
 -89678.457    24.835     1.85    2.36
 -89389.179    25.169     1.16    1.96
 -89099.900    25.269     0.35    1.92
 -88810.620    24.803    -1.61    1.82
 -88521.341    24.387    -1.44    1.67
 -88232.061    23.818    -1.97    1.90
 -87942.781    23.236    -2.01    2.00
 -87653.501    23.107    -0.45    1.88
 -87364.220    22.703    -1.40    1.89
 -87074.939    22.290    -1.43    1.80
 -86785.658    21.973    -1.10    1.76
 -86496.376    21.751    -0.77    1.52
 -86207.095    21.700    -0.18    1.42
 -85917.813    21.469    -0.80    1.54
 -85628.530    21.456    -0.05    1.48
 -85339.247    21.208    -0.85    1.18
 -85049.964    21.209     0.00    1.07
 -84760.681    21.005    -0.70    1.06
 -84471.397    21.017     0.04    1.25
 -84182.113    20.954    -0.22    1.25
 -83892.829    20.719    -0.81    1.23
 -83603.545    20.676    -0.15    1.37
 -83314.260    20.662    -0.05    1.59
 -83024.975    20.615    -0.16    1.60
 -82735.689    20.615     0.00    1.59
 -82446.403    20.434    -0.63    1.37
 -82157.117    20.316    -0.41    1.44
 -81867.831    20.036    -0.97    1.49
 -81578.544    20.045     0.03    1.82
 -81289.257    19.740    -1.05    1.65
 -80999.970    19.386    -1.22    1.64
 -80710.682    19.191    -0.67    1.62
 -80421.394    18.956    -0.82    1.60
 -80132.106    19.012     0.20    1.74
 -79842.817    18.603    -1.42    1.38
 -79553.528    18.513    -0.31    1.41
 -79264.239    18.263    -0.87    1.38
 -78974.949    18.073    -0.66    1.44
 -78685.659    17.923    -0.52    1.37
 -78396.369    17.802    -0.42    1.35
 -78107.078    17.645    -0.54    1.23
 -77817.787    17.636    -0.03    1.41
 -77528.496    17.369    -0.92    1.40
 -77239.204    17.318    -0.18    1.37
 -76949.912    17.404     0.30    1.68
 -76660.620    17.921     1.79    2.54
 -76371.327    18.082     0.56    3.07
 -76082.034    18.180     0.34    3.25
 -75792.741    18.615     1.51    3.54
 -75503.447    18.731     0.40    3.31
 -75214.153    18.361    -1.28    2.27
 -74924.859    18.434     0.25    2.51
 -74635.564    18.503     0.24    2.51
 -74346.269    19.033     1.83    2.60
 -74056.974    19.637     2.09    3.00
 -73767.678    20.387     2.59    3.29
 -73478.382    20.937     1.90    3.54
 -73189.086    21.111     0.60    4.31
 -72899.789    21.345     0.81    4.64
 -72610.492    21.197    -0.51    4.36
 -72321.194    20.335    -2.98    4.47
 -72031.896    19.852    -1.67    4.43
 -71742.598    19.203    -2.24    4.18
 -71453.299    18.469    -2.53    3.62
 -71164.000    18.231    -0.82    2.62
 -70874.701    17.919    -1.08    2.44
 -70585.401    18.244     1.12    2.40
 -70296.101    18.530     0.99    2.41
 -70006.801    18.607     0.27    2.45
 -69717.500    18.242    -1.26    2.57
 -69428.199    18.082    -0.55    2.63
 -69138.898    18.387     1.05    3.35
 -68849.596    18.266    -0.42    3.75
 -68560.293    18.174    -0.32    4.32
 -68270.991    18.519     1.19    4.82
 -67981.688    18.127    -1.35    5.19
 -67692.384    17.466    -2.29    5.41
 -67403.081    15.953    -5.23    5.01
 -67113.776    14.851    -3.81    4.81
 -66824.472    14.558    -1.01    4.79
 -66535.167    14.480    -0.27    5.05
 -66245.862    14.818     1.17    5.08
 -65956.556    16.093     4.41    5.48
 -65667.250    17.300     4.17    5.68
 -65377.943    18.536     4.27    5.38
 -65088.637    19.886     4.67    4.72
 -64799.329    20.636     2.59    3.47
 -64510.022    20.903     0.92    2.52
 -64220.714    20.655    -0.86    2.29
 -63931.405    20.768     0.39    2.43
 -63642.096    20.490    -0.96    2.43
 -63352.787    19.919    -1.97    2.75
 -63063.478    19.124    -2.75    3.00
 -62774.168    17.988    -3.93    2.56
 -62484.857    17.490    -1.72    2.13
 -62195.546    17.084    -1.40    1.64
 -61906.235    17.107     0.08    1.79
 -61616.924    17.361     0.88    1.83
 -61327.612    17.403     0.14    1.66
 -61038.299    17.507     0.36    1.63
 -60748.986    17.351    -0.54    1.69
 -60459.673    17.236    -0.40    1.64
 -60170.359    16.937    -1.03    1.38
 -59881.045    16.836    -0.35    1.26
 -59591.731    16.749    -0.30    1.19
 -59302.416    16.887     0.48    1.30
 -59013.101    17.145     0.89    1.23
 -58723.785    17.231     0.30    1.19
 -58434.469    17.279     0.17    1.17
 -58145.152    17.438     0.55    1.26
 -57855.835    17.680     0.83    1.41
 -57566.518    18.030     1.21    1.56
 -57277.200    18.093     0.22    1.73
 -56987.882    18.230     0.47    1.80
 -56698.563    18.231     0.00    1.68
 -56409.244    18.361     0.45    1.85
 -56119.925    18.483     0.42    2.30
 -55830.605    18.766     0.98    2.45
 -55541.284    19.768     3.46    3.00
 -55251.964    20.768     3.46    3.36
 -54962.642    21.321     1.91    3.26
 -54673.321    22.048     2.51    2.86
 -54383.999    22.446     1.37    2.77
 -54094.676    22.731     0.99    2.78
 -53805.353    23.099     1.27    2.89
 -53516.030    23.056    -0.15    2.60
 -53226.706    23.042    -0.05    2.40
 -52937.382    23.141     0.34    2.43
 -52648.057    23.378     0.82    2.53
 -52358.765    23.263    -0.40    2.76
 -52069.537    22.803    -1.59    2.97
 -51780.308    22.242    -1.94    3.15
 -51491.079    21.242    -3.46    3.77
 -51201.850    20.084    -4.01    3.66
 -50912.620    19.480    -2.09    3.23
 -50623.390    19.042    -1.51    3.08
 -50334.159    18.640    -1.39    2.97
 -50044.928    18.419    -0.76    3.05
 -49755.696    18.273    -0.51    2.72
 -49466.464    18.463     0.66    2.94
 -49177.232    19.145     2.36    3.29
 -48887.999    19.986     2.91    3.45
 -48598.765    20.666     2.35    3.65
 -48309.531    21.700     3.57    3.56
 -48020.297    22.559     2.97    3.22
 -47731.062    23.361     2.77    2.97
 -47441.827    24.017     2.27    2.78
 -47152.591    24.586     1.97    2.91
 -46863.355    25.321     2.54    2.94
 -46574.118    26.162     2.91    2.85
 -46284.881    27.007     2.92    2.27
 -45995.643    27.536     1.83    2.38
 -45706.405    28.042     1.75    2.07
 -45417.167    27.951    -0.31    2.01
 -45127.927    27.749    -0.70    1.97
 -44838.688    27.852     0.36    2.16
 -44549.448    28.042     0.66    2.26
 -44260.207    28.076     0.12    2.10
 -43970.966    27.968    -0.38    2.14
 -43681.725    28.197     0.79    1.99
 -43392.483    28.419     0.77    2.02
 -43103.240    28.476     0.20    2.09
 -42813.998    28.327    -0.52    2.05
 -42524.754    27.998    -1.14    2.10
 -42235.510    27.615    -1.33    2.15
 -41946.266    27.103    -1.77    2.18
 -41657.021    26.518    -2.02    2.22
 -41367.776    26.025    -1.71    2.33
 -41078.530    25.598    -1.47    2.56
 -40789.283    25.286    -1.08    2.75
 -40500.037    24.968    -1.10    3.03
 -40210.789    24.387    -2.01    2.88
 -39921.541    24.073    -1.09    2.76
 -39632.293    24.133     0.21    2.30
 -39343.044    24.086    -0.16    2.08
 -39053.795    23.734    -1.22    2.26
 -38764.545    23.645    -0.31    2.65
 -38475.295    23.141    -1.74    2.99
 -38186.044    22.973    -0.58    3.10
 -37896.792    22.036    -3.24    3.43
 -37607.541    20.819    -4.21    3.71
 -37318.288    20.203    -2.13    3.63
 -37029.035    18.869    -4.61    3.17
 -36739.782    17.904    -3.34    2.88
 -36450.528    16.836    -3.69    2.65
 -36161.274    16.042    -2.75    2.46
 -35872.019    15.636    -1.40    2.40
 -35582.763    14.937    -2.42    2.24
 -35293.507    14.584    -1.22    2.18
 -35004.251    14.335    -0.86    2.09
 -34714.994    14.119    -0.75    1.93
 -34425.736    13.968    -0.52    1.69
 -34136.478    14.039     0.25    1.79
 -33847.219    14.536     1.72    2.27
 -33557.960    15.059     1.81    2.56
 -33268.701    15.904     2.92    3.17
 -32979.440    16.469     1.95    3.09
 -32690.180    16.680     0.73    3.43
 -32400.919    16.640    -0.14    3.34
 -32111.657    15.835    -2.78    3.45
 -31822.395    14.231    -5.54    3.79
 -31533.132    12.956    -4.41    3.72
 -31243.868    11.318    -5.66    3.72
 -30954.604    10.345    -3.36    4.07
 -30665.340     9.525    -2.84    4.11
 -30376.075     9.111    -1.43    4.32
 -30086.809     9.404     1.01    4.83
 -29797.543    10.128     2.50    4.83
 -29508.277    10.603     1.64    4.66
 -29219.010    10.904     1.04    3.86
 -28929.742    11.903     3.45    3.44
 -28640.474    12.030     0.44    2.59
 -28351.205    11.645    -1.33    2.81
 -28061.936    10.753    -3.09    3.18
 -27772.666     9.581    -4.05    3.14
 -27483.395     8.503    -3.73    3.22
 -27194.124     7.244    -4.35    3.12
 -26904.853     6.869    -1.30    3.77
 -26615.581     7.589     2.49    5.36
 -26326.308     9.157     5.42    7.47
 -26037.035    10.869     5.92    9.70
 -25747.761    13.456     8.94   11.26
 -25458.487    16.751    11.39   12.50
 -25169.212    19.641     9.99   12.26
 -24879.936    20.719     3.73   11.57
 -24590.660    20.603    -0.40   11.62
 -24301.384    20.937     1.16   10.57
 -24012.106    20.353    -2.02    9.86
 -23722.829    19.293    -3.66    8.38
 -23433.550    17.869    -4.92    7.82
 -23144.272    17.387    -1.67    7.08
 -22854.992    17.971     2.02    6.71
 -22565.712    18.953     3.39    5.46
 -22276.432    19.343     1.35    4.53
 -21987.150    19.036    -1.06    5.07
 -21697.869    17.766    -4.39    5.62
 -21408.586    16.805    -3.32    6.40
 -21119.303    15.469    -4.62    6.13
 -20830.020    14.700    -2.66    6.30
 -20540.736    13.662    -3.59    6.49
 -20251.451    11.905    -6.07    6.44
 -19962.166    10.336    -5.42    6.85
 -19672.880     8.208    -7.35    6.91
 -19383.594     6.296    -6.61    6.66
 -19094.307     4.680    -5.59    5.51
 -18805.019     2.941    -6.01    3.47
 -18515.731     2.253    -2.38    3.06
 -18226.442     1.783    -1.62    1.45
 -17937.153     2.086     1.05    1.47
 -17647.863     2.076    -0.03    1.58
 -17358.572     2.318     0.83    1.57
 -17069.281     2.611     1.01    2.00
 -16779.989     2.714     0.36    2.26
 -16490.697     3.000     0.99    2.69
 -16201.404     2.749    -0.87    2.56
 -15912.111     2.903     0.53    2.76
 -15622.816     2.887    -0.06    2.61
 -15333.522     2.749    -0.48    2.03
 -15044.226     3.337     2.03    2.37
 -14754.930     3.569     0.80    2.16
 -14465.634     4.148     2.00    2.39
 -14176.337     4.280     0.46    2.17
 -13887.039     5.180     3.11    2.80
 -13597.740     5.361     0.63    2.77
 -13308.441     5.157    -0.70    3.03
 -13019.142     5.169     0.04    3.07
 -12729.841     5.300     0.45    3.12
 -12440.540     5.266    -0.12    3.02
 -12151.239     5.641     1.30    3.02
 -11861.937     5.242    -1.38    2.79
 -11572.634     5.453     0.73    2.90
 -11283.331     5.438    -0.05    2.79
 -10994.027     5.973     1.85    3.24
 -10704.722     6.209     0.82    3.46
 -10415.417     6.700     1.70    3.66
 -10126.111     6.269    -1.49    3.63
  -9836.804     5.736    -1.84    3.45
  -9547.497     5.053    -2.36    3.57
  -9258.190     4.423    -2.18    3.29
  -8968.881     3.717    -2.44    2.61
  -8679.572     3.111    -2.09    1.76
  -8390.263     2.903    -0.72    1.23
  -8100.952     2.755    -0.51    1.25
  -7811.641     2.749    -0.02    1.14
  -7522.330     2.753     0.01    1.24
  -7233.017     2.744    -0.03    1.18
  -6943.705     2.885     0.49    1.27
  -6654.391     2.853    -0.11    1.32
  -6365.077     2.835    -0.06    1.30
  -6075.762     2.835    -0.00    1.24
  -5786.447     2.921     0.30    1.29
  -5497.131     2.903    -0.06    1.34
  -5207.814     2.920     0.06    1.46
  -4918.497     2.869    -0.18    1.56
  -4629.179     2.920     0.18    1.87
  -4339.860     2.834    -0.30    2.03
  -4050.540     2.717    -0.40    2.02
  -3761.220     2.456    -0.90    2.03
  -3471.900     2.246    -0.72    2.03
  -3182.578     1.835    -1.42    1.74
  -2893.257     1.542    -1.01    1.37
  -2603.934     1.335    -0.72    1.06
  -2314.611     1.133    -0.70    0.86
  -2025.287     0.986    -0.51    0.85
  -1735.962     0.717    -0.93    0.45
  -1446.637     0.636    -0.28    0.53
  -1157.311     0.501    -0.47    0.56
   -867.984     0.421    -0.28    0.57
   -578.657     0.279    -0.49    0.53
   -289.329     0.141    -0.48    0.49
     -0.000     0.090    -0.18    0.46
    289.329    -0.006    -0.33    0.43
    578.659    -0.079    -0.25    0.35
    867.990    -0.131    -0.18    0.26
   1157.321    -0.113     0.06    0.30
   1446.653    -0.081     0.11    0.29
   1735.986    -0.079     0.01    0.29
   2025.319    -0.080    -0.00    0.29
   2314.653    -0.077     0.01    0.23
   2603.988    -0.114    -0.13    0.13
   2893.323    -0.131    -0.06    0.00
   3182.659    -0.148    -0.06    0.13
   3471.996    -0.247    -0.34    0.42
   3761.334    -0.320    -0.25    0.51
   4050.672    -0.372    -0.18    0.54
   4340.011    -0.385    -0.04    0.54
   4629.350    -0.436    -0.18    0.59
   4918.691    -0.393     0.15    0.54
   5208.032    -0.345     0.17    0.46
   5497.373    -0.314     0.11    0.43
   5786.716    -0.286     0.10    0.41
   6076.059    -0.260     0.09    0.38
   6365.402    -0.214     0.16    0.33
   6654.747    -0.148     0.23    0.13
   6944.092    -0.131     0.06    0.00
   7233.438    -0.131     0.00    0.00
   7522.784    -0.131     0.00    0.00
   7812.132    -0.131     0.00    0.00
   8101.480    -0.131     0.00    0.00
   8390.828    -0.131     0.00    0.00
   8680.178    -0.059     0.25    0.53
   8969.528     0.219     0.96    1.23
   9258.879     0.576     1.23    1.50
   9548.230     0.853     0.96    1.67
   9837.572     0.920     0.23    1.71
  10126.771     1.290     1.28    1.77
  10415.971     1.421     0.45    1.79
  10705.171     1.404    -0.06    1.70
  10994.372     1.476     0.25    1.65
  11283.573     1.387    -0.31    1.66
  11572.776     1.666     0.97    1.78
  11861.979     1.559    -0.37    1.88
  12151.183     1.762     0.70    2.02
  12440.387     2.017     0.88    2.09
  12729.592     1.836    -0.63    2.05
  13018.798     1.902     0.23    2.02
  13308.005     2.115     0.74    2.10
  13597.213     2.249     0.46    2.11
  13886.421     2.453     0.71    2.50
  14175.630     2.645     0.67    2.72
  14464.839     3.492     2.93    3.67
  14754.050     3.852     1.24    3.71
  15043.261     4.818     3.34    4.26
  15332.473     5.938     3.87    5.00
  15621.685     7.920     6.85    6.66
  15910.899    10.353     8.41    7.44
  16200.113    11.956     5.54    8.25
  16489.327    14.157     7.61    8.02
  16778.543    14.673     1.78    7.80
  17067.759    16.293     5.60    7.89
  17356.976    16.541     0.86    7.71
  17646.194    15.107    -4.96    8.53
  17935.413    12.936    -7.51    8.73
  18224.632    11.744    -4.12    9.43
  18513.852     8.869    -9.94    9.21
  18803.073     6.496    -8.20    8.09
  19092.295     3.903    -8.97    5.47
  19381.517     3.192    -2.46    3.51
  19670.740     3.554     1.25    3.82
  19959.964     4.353     2.76    3.94
  20249.188     5.387     3.58    4.32
  20538.414     6.063     2.34    4.25
  20827.640     6.361     1.03    4.05
  21116.867     6.615     0.88    3.60
  21406.094     6.438    -0.61    3.74
  21695.323     6.645     0.72    3.96
  21984.552     7.219     1.99    4.57
  22273.782     8.090     3.01    4.93
  22563.013     8.837     2.58    5.24
  22852.244    10.598     6.09    5.87
  23141.476    10.834     0.81    6.10
  23430.709     9.920    -3.16    6.30
  23719.943     8.404    -5.24    6.10
  24009.178     7.919    -1.68    6.07
  24298.413     7.378    -1.87    5.63
  24587.649     5.666    -5.92    3.41
  24876.886     4.800    -2.99    1.93
  25166.124     4.709    -0.32    1.91
  25455.362     5.039     1.14    2.90
  25744.602     5.615     1.99    4.77
  26033.842     6.869     4.34    6.44
  26323.083     8.335     5.07    7.37
  26612.324    10.584     7.77    8.27
  26901.567    13.869    11.36    8.95
  27190.810    16.751     9.96    8.25
  27480.054    19.069     8.02    7.12
  27769.299    20.938     6.46    4.56
  28058.544    21.318     1.31    3.43
  28347.791    21.180    -0.48    3.23
  28637.038    20.680    -1.73    3.08
  28926.286    20.164    -1.78    3.00
  29215.534    19.921    -0.84    3.14
  29504.784    19.697    -0.77    3.30
  29794.034    20.334     2.20    3.19
  30083.286    20.800     1.61    3.07
  30372.538    21.369     1.97    2.79
  30661.790    21.683     1.08    2.58
  30951.044    21.378    -1.05    2.71
  31240.298    20.922    -1.58    2.57
  31529.554    20.869    -0.18    2.53
  31818.810    20.553    -1.09    2.21
  32108.066    20.303    -0.86    2.89
  32397.324    19.724    -2.00    3.56
  32686.582    19.923     0.69    3.58
  32975.842    19.835    -0.30    4.28
  33265.102    19.887     0.18    4.43
  33554.363    19.443    -1.53    4.89
  33843.624    19.017    -1.47    5.37
  34132.887    18.611    -1.40    5.57
  34422.150    16.818    -6.20    6.62
  34711.415    16.343    -1.64    6.60
  35000.680    15.519    -2.85    6.98
  35289.945    16.053     1.84    6.59
  35579.212    16.453     1.38    6.25
  35868.480    17.835     4.78    5.70
  36157.748    18.290     1.57    5.31
  36447.017    19.480     4.11    3.91
  36736.287    19.766     0.99    3.00
  37025.558    19.755    -0.04    2.92
  37314.829    19.903     0.51    2.72
  37604.102    19.992     0.31    2.95
  37893.375    20.438     1.54    2.68
  38182.649    20.869     1.49    2.54
  38471.924    21.303     1.50    2.70
  38761.200    21.395     0.32    2.77
  39050.477    21.208    -0.64    2.67
  39339.754    21.059    -0.52    2.77
  39629.033    20.782    -0.96    2.88
  39918.312    20.869     0.30    2.83
  40207.592    20.803    -0.23    2.80
  40496.873    20.466    -1.16    2.77
  40786.155    19.990    -1.65    2.62
  41075.437    20.318     1.13    2.54
  41364.721    20.293    -0.08    2.63
  41654.005    20.249    -0.15    3.16
  41943.290    20.082    -0.57    3.86
  42232.576    19.490    -2.05    4.22
  42521.863    19.852     1.25    5.07
  42811.151    20.611     2.62    5.14
  43100.440    22.093     5.13    4.32
  43389.729    23.319     4.24    3.44
  43679.019    24.059     2.56    2.63
  43968.311    24.336     0.96    2.66
  44257.603    24.780     1.53    2.57
  44546.896    24.904     0.43    2.52
  44836.189    24.804    -0.35    3.00
  45125.484    24.768    -0.12    3.07
  45414.780    24.705    -0.22    3.22
  45704.076    24.834     0.44    3.24
  45993.373    24.369    -1.60    3.49
  46282.671    24.107    -0.91    3.33
  46571.970    23.536    -1.97    3.06
  46861.270    23.345    -0.66    2.73
  47150.571    23.300    -0.15    2.70
  47439.873    23.036    -0.91    2.42
  47729.175    23.238     0.70    2.21
  48018.479    22.986    -0.87    2.43
  48307.783    23.191     0.71    2.57
  48597.088    23.059    -0.46    2.60
  48886.394    23.480     1.45    2.77
  49175.701    24.236     2.61    2.91
  49465.009    24.953     2.48    3.08
  49754.318    25.335     1.32    2.99
  50043.627    24.853    -1.67    3.90
  50332.938    23.819    -3.57    5.27
  50622.249    22.080    -6.01    6.01
  50911.561    20.769    -4.53    6.12
  51200.875    18.835    -6.69    5.62
  51490.189    17.214    -5.60    5.05
  51779.504    16.141    -3.71    3.97
  52068.820    16.387     0.85    4.23
  52358.136    16.749     1.25    4.47
  52647.454    17.048     1.03    4.42
  52936.773    17.869     2.84    5.39
  53226.092    19.988     7.32    7.34
  53515.412    21.819     6.33    8.25
  53804.734    23.904     7.20    9.07
  54094.056    26.941    10.50    9.42
  54383.379    29.253     7.99    8.69
  54672.703    31.525     7.85    6.90
  54962.028    31.619     0.33    5.94
  55251.354    30.404    -4.20    5.79
  55540.681    29.662    -2.56    5.26
  55830.008    29.025    -2.20    5.17
  56119.337    28.197    -2.86    4.26
  56408.666    28.427     0.79    4.54
  56697.997    28.249    -0.62    4.83
  56987.328    28.283     0.12    4.72
  57276.660    29.421     3.93    5.10
  57565.994    31.490     7.15    6.40
  57855.328    32.982     5.16    6.34
  58144.663    34.429     5.00    6.52
  58433.999    36.259     6.33    6.44
  58723.336    36.922     2.29    6.21
  59012.674    37.076     0.53    6.84
  59302.012    38.219     3.95    7.58
  59591.352    39.446     4.24    7.07
  59880.693    40.099     2.26    6.48
  60170.034    42.119     6.98    7.27
  60459.377    45.042    10.10    8.07
  60748.720    47.976    10.14    8.85
  61038.064    51.353    11.67   11.01
  61327.410    55.703    15.03   12.22
  61616.756    59.473    13.03   12.40
  61906.103    63.753    14.79   11.65
  62195.451    64.990     4.28   10.67
  62484.800    66.073     3.74   10.60
  62774.150    66.003    -0.24   11.22
  63063.501    66.719     2.48   10.57
  63352.853    68.203     5.13   12.49
  63642.206    71.111    10.05   14.02
  63931.560    73.480     8.19   14.11
  64220.915    75.300     6.29   12.81
  64510.270    75.099    -0.70   11.84
  64799.627    73.853    -4.31   11.98
  65088.985    73.209    -2.23   11.99
  65378.343    72.700    -1.76   12.40
  65667.703    73.490     2.73   11.51
  65957.063    74.303     2.81   12.87
  66246.425    78.203    13.48   13.27
  66535.787    81.022     9.74   12.46
  66825.151    83.318     7.93   11.12
  67114.515    82.887    -1.49   11.56
  67403.880    79.919   -10.26   14.26
  67693.247    78.086    -6.33   15.11
  67982.614    75.353    -9.44   15.53
  68271.982    72.920    -8.41   16.03
  68561.351    71.780    -3.94   16.29
  68850.722    73.936     7.45   16.93
  69140.093    77.231    11.39   15.75
  69429.465    78.738     5.21   13.88
  69718.838    76.887    -6.40   14.22
  70008.212    75.887    -3.46   14.53
  70297.587    71.887   -13.82   14.47
  70586.963    69.266    -9.06   13.59
  70876.340    69.263    -0.01   13.06
  71165.718    70.749     5.13   14.37
  71455.097    75.269    15.62   15.31
  71744.477    78.905    12.56   15.77
  72033.858    84.480    19.26   15.84
  72323.072    88.240    13.00   16.21
  72612.242    89.819     5.46   16.60
  72901.414    89.673    -0.51   17.37
  73190.586    91.852     7.54   15.87
  73479.759    88.628   -11.15   18.19
  73768.933    84.269   -15.07   19.04
  74058.108    77.019   -25.07   19.16
  74347.284    70.086   -23.98   17.12
  74636.462    64.249   -20.19   14.51
  74925.640    63.225    -3.54   13.95
  75214.819    65.780     8.83   16.03
  75503.999    66.603     2.84   16.96
  75793.180    67.719     3.86   17.43
  76082.362    69.525     6.24   16.99
  76371.545    73.107    12.39   16.08
  76660.730    75.662     8.84   14.96
  76949.915    77.353     5.84   15.08
  77239.101    82.157    16.61   14.89
  77528.288    88.219    20.96   12.55
  77817.476    91.436    11.12    9.45
  78106.665    91.869     1.50    9.31
  78395.856    90.786    -3.75   11.24
  78685.047    87.576   -11.10   13.03
  78974.239    86.640    -3.24   13.51
  79263.432    84.186    -8.49   13.81
  79552.627    80.387   -13.14   15.17
  79841.822    78.404    -6.86   16.09
  80131.018    77.923    -1.66   17.14
  80420.216    79.968     7.07   18.28
  80709.414    83.225    11.26   17.08
  80998.613    81.719    -5.21   18.83
  81287.814    81.042    -2.34   18.85
  81577.015    80.798    -0.84   18.29
  81866.218    79.953    -2.92   17.49
  82155.421    80.111     0.55   15.33
  82444.626    76.303   -13.17   17.20
  82733.831    70.369   -20.52   19.85
  83023.038    64.076   -21.76   20.90
  83312.245    58.645   -18.78   19.52
  83601.454    54.300   -15.02   16.48
  83890.664    53.574    -2.51   15.73
  84179.874    53.869     1.02   16.30
  84469.086    55.111     4.29   16.97
  84758.299    54.249    -2.98   17.52
  85047.513    49.518   -16.36   17.16
  85336.728    44.515   -17.30   16.59
  85625.944    40.119   -15.20   15.62
  85915.161    35.603   -15.62   12.46
  86204.379    32.659   -10.18   10.29
  86493.598    31.783    -3.03    8.79
  86782.818    33.753     6.81   10.51
  87072.039    36.632     9.96   12.01
  87361.261    41.236    15.92   13.44
  87650.484    46.729    18.99   13.72
  87939.709    50.973    14.67   13.92
  88228.934    52.025     3.64   13.33
  88518.161    52.936     3.15   13.48
  88807.388    54.174     4.28   14.02
  89096.617    55.542     4.73   12.79
  89385.846    58.019     8.57   14.66
  89675.077    59.378     4.70   14.87
  89964.309    62.802    11.84   15.22
  90253.541    63.353     1.91   14.07
  90542.775    61.553    -6.22   14.49
  90832.010    58.636   -10.08   15.79
  91121.246    57.168    -5.08   15.95
  91410.483    54.564    -9.00   15.52
  91699.722    54.680     0.40   15.53
  91988.961    57.486     9.70   17.37
  92278.201    61.328    13.28   18.24
  92567.442    65.589    14.73   18.86
  92856.685    68.919    11.52   16.73
  93145.928    72.476    12.30   15.41
  93435.173    74.805     8.05   14.22
  93724.419    75.903     3.80   12.71
  94013.665    76.835     3.22   11.28
  94302.913    75.283    -5.37   11.87
  94592.162    70.835   -15.38   15.64
  94881.412    67.395   -11.89   16.53
  95170.663    63.768   -12.54   16.35
  95459.916    62.789    -3.38   16.72
  95749.169    62.124    -2.30   16.42
  96038.423    62.387     0.91   16.14
  96327.679    65.683    11.39   16.53
  96616.935    68.490     9.70   16.61
  96906.193    72.935    15.37   16.96
  97195.452    78.007    17.54   16.75
  97484.711    82.387    15.14   16.27
  97773.972    86.300    13.53   13.71
  98063.234    88.542     7.75   10.98
  98352.498    87.803    -2.56   11.41
  98641.762    85.956    -6.39   12.30
  98931.027    83.219    -9.46   12.67
  99220.294    81.101    -7.32   10.88
  99509.561    81.576     1.64   10.95
  99798.830    83.410     6.34   11.86
 100088.099    84.486     3.72   12.09
 100377.370    86.310     6.31   12.21
 100666.642    85.566    -2.57   12.10
 100955.915    83.076    -8.61   11.49
 101245.190    79.536   -12.24   13.17
 101534.465    76.056   -12.03   13.47
 101823.741    72.819   -11.19   11.58
 102113.019    70.525    -7.93   10.43
 102402.298    68.225    -7.95    7.86
 102691.577    67.185    -3.60    6.63
 102980.858    68.136     3.29    6.57
 103270.140    69.436     4.49    6.06
 103559.423    70.835     4.84    6.15
 103848.708    72.003     4.04    5.57
 104137.993    72.318     1.09    5.12
 104427.280    71.751    -1.96    5.39
 104716.567    70.513    -4.28    6.33
 105005.856    69.157    -4.69    6.19
 105295.146    67.673    -5.13    5.62
 105584.437    66.589    -3.75    5.00
 105873.729    66.503    -0.30    4.72
 106163.023    66.611     0.37    4.29
 106452.317    67.918     4.52    5.66
 106741.613    67.636    -0.97    5.75
 107030.909    67.954     1.10    6.16
 107320.207    67.576    -1.31    6.93
 107609.506    66.494    -3.74    6.81
 107898.806    66.103    -1.35    7.14
 108188.108    64.378    -5.96    6.34
 108477.410    62.869    -5.21    4.41
 108766.714    62.421    -1.55    4.09
 109056.018    62.976     1.92    5.27
 109345.324    63.819     2.91    5.46
 109634.631    63.628    -0.66    5.13
 109923.939    64.686     3.66    6.66
 110213.249    64.569    -0.40    6.65
 110502.559    64.111    -1.59    5.73
 110791.871    63.438    -2.32    3.93
 111081.184    63.852     1.43    4.96
 111370.498    63.837    -0.05    5.96
 111659.813    64.335     1.72    7.38
 111949.129    64.446     0.38    8.13
 112238.446    64.611     0.57    8.53
 112527.765    64.066    -1.88    8.38
 112817.085    63.047    -3.52    7.09
 113106.406    61.086    -6.78    6.92
 113395.728    61.369     0.98    7.72
 113685.051    60.799    -1.97    7.19
 113974.375    60.525    -0.95    7.79
 114263.701    60.598     0.25    8.03
 114553.028    60.785     0.64    8.27
 114842.356    60.386    -1.38    8.83
 115131.685    59.025    -4.71    9.74
 115421.015    56.973    -7.09    9.96
 115710.346    55.352    -5.60    9.68
 115999.679    53.919    -4.95    9.41
 116289.013    52.802    -3.86    8.01
 116578.348    53.525     2.50    7.82
 116867.684    55.090     5.41    8.11
 117157.021    54.512    -2.00    7.93
 117446.360    55.446     3.23    8.22
 117735.700    54.886    -1.93    8.16
 118025.041    53.369    -5.24    8.20
 118314.383    51.853    -5.24    8.29
 118603.726    50.726    -3.89    7.99
 118893.070    50.886     0.55    7.78
 119182.416    49.835    -3.63    7.40
 119471.763    48.353    -5.12    7.06
 119761.111    48.017    -1.16    7.25
 120050.460    47.799    -0.75    7.17
 120339.811    49.053     4.33    7.95
 120629.162    48.441    -2.11    7.92
 120918.515    48.773     1.15    7.67
 121207.869    47.569    -4.16    7.08
 121497.225    47.734     0.57    6.67
 121786.581    47.835     0.35    6.91
 122075.939    47.300    -1.85    6.18
 122365.298    46.751    -1.90    6.15
 122654.658    47.174     1.46    6.10
 122944.019    48.982     6.25    7.75
 123233.381    48.954    -0.10    7.85
 123522.745    48.566    -1.34    7.89
 123812.110    48.496    -0.24    7.65
 124101.476    48.318    -0.62    8.92
 124390.843    49.181     2.98    9.87
 124680.212    49.387     0.71   10.29
 124969.582    48.456    -3.22   10.76
 125258.953    46.766    -5.84   10.82
 125548.325    46.128    -2.20   11.09
 125837.698    45.136    -3.43   10.32
 126127.073    43.628    -5.21    9.42
 126416.449    43.769     0.49    9.30
 126705.826    43.834     0.22    9.58
 126995.204    44.680     2.92    9.87
 127284.584    44.394    -0.99    9.91
 127573.965    43.107    -4.45    8.85
 127863.347    43.700     2.05    9.11
 128152.730    43.369    -1.14    8.80
 128442.114    43.076    -1.01    9.45
 128731.500    42.969    -0.37    8.96
 129020.887    42.886    -0.29    9.39
 129310.275    42.419    -1.61    9.66
 129599.665    41.559    -2.97    8.56
 129889.055    42.751     4.12    9.89
 130178.447    42.150    -2.08    9.85
 130467.840    41.186    -3.33    9.40
 130757.235    39.804    -4.78    8.35
 131046.630    39.231    -1.98    8.71
 131336.027    39.169    -0.21    9.42
 131625.425    40.283     3.85   11.20
 131914.824    39.886    -1.37   11.80
 132204.225    41.276     4.80   13.65
 132493.627    42.073     2.75   13.76
 132783.030    42.230     0.54   13.75
 133072.434    42.343     0.39   13.40
 133361.840    41.519    -2.85   12.64
 133651.247    41.231    -0.99   11.53
 133940.655    40.208    -3.54   10.66
 134230.064    38.953    -4.34    9.80
 134519.336    39.003     0.17    9.76
 134808.476    38.318    -2.37    8.92
 135097.618    36.316    -6.92    7.41
 135386.761    35.553    -2.64    7.17
 135675.906    33.937    -5.59    6.94
 135965.051    32.219    -5.94    7.70
 136254.198    30.611    -5.56    7.64
 136543.346    29.709    -3.12    7.36
 136832.496    29.436    -0.94    6.96
 137121.646    29.231    -0.71    6.51
 137410.798    29.353     0.42    6.37
 137699.952    29.103    -0.86    6.47
 137989.106    28.576    -1.82    6.12
 138278.262    27.352    -4.23    6.78
 138567.419    26.249    -3.82    6.85
 138856.577    25.492    -2.62    6.72
 139145.737    24.731    -2.63    6.60
 139434.898    24.649    -0.28    6.84
 139724.060    25.869     4.22    7.45
 140013.223    27.921     7.10    7.32
 140302.388    30.660     9.47    7.68
 140591.554    30.869     0.73    7.00
 140880.721    30.736    -0.46    7.16
 141169.890    32.799     7.13    8.87
 141459.060    36.490    12.76   11.05
 141748.231    37.632     3.95   10.49
 142037.403    39.581     6.74   11.03
 142326.577    41.536     6.76   10.93
 142615.752    44.128     8.96    9.87
 142904.928    44.438     1.07    9.66
 143194.106    43.554    -3.06   11.09
 143483.285    43.003    -1.90   11.44
 143772.465    44.136     3.92   11.29
 144061.646    44.421     0.99   10.26
 144350.829    44.969     1.90   10.37
 144640.013    46.548     5.46    9.55
 144929.199    46.937     1.35    9.85
 145218.385    46.174    -2.64   10.04
 145507.573    47.036     2.98   10.39
 145796.763    44.902    -7.38   11.19
 146085.953    45.012     0.38   11.84
 146375.145    47.513     8.65   11.30
 146664.338    45.680    -6.34   10.80
 146953.533    43.753    -6.66   11.29
 147242.729    41.164    -8.95   11.21
 147531.926    39.042    -7.34   11.53
 147821.124    36.463    -8.92   10.39
 148110.324    32.423   -13.97    7.88
 148399.525    29.676    -9.50    7.55
 148688.728    27.903    -6.13    6.85
 148977.931    27.969     0.23    6.68
 149267.136    28.438     1.62    7.46
 149556.343    29.994     5.38    9.17
 149845.551    32.276     7.89   11.72
 150134.760    33.731     5.03   11.47
 150423.970    34.443     2.46   10.91
 150713.182    34.615     0.59   11.50
 151002.395    34.466    -0.52   11.98
 151291.609    34.542     0.26   12.45
 151580.825    36.662     7.33   13.10
 151870.042    39.804    10.86   12.45
 152159.260    42.714    10.06   11.96
 152448.480    46.751    13.96   12.12
 152737.701    49.145     8.28   12.85
 153026.923    51.203     7.11   13.56
 153316.147    53.279     7.18   14.12
 153605.372    55.136     6.42   14.37
 153894.598    58.503    11.64   13.86
 154183.826    57.782    -2.49   14.63
 154473.055    55.025    -9.53   14.95
 154762.285    50.700   -14.95   15.02
 155051.517    46.581   -14.24   14.46
 155340.750    44.787    -6.20   13.85
 155629.985    42.421    -8.18   13.11
 155919.221    38.525   -13.47    9.96
 156208.458    35.852    -9.24    9.17
 156497.696    35.310    -1.88    9.97
 156786.936    35.969     2.28   11.16
 157076.177    36.973     3.47   11.21
 157365.420    37.581     2.10   12.20
 157654.664    38.191     2.11   11.76
 157943.909    37.683    -1.76   11.22
 158233.156    34.968    -9.39   11.56
 158522.404    32.802    -7.49   10.62
 158811.653    29.319   -12.04   10.06
 159100.904    26.869    -8.47    8.99
 159390.156    27.056     0.64    9.42
 159679.410    25.507    -5.35    7.07
 159968.664    25.019    -1.69    6.44
 160257.921    24.181    -2.90    4.91
 160547.178    23.762    -1.45    4.92
 160836.437    24.919     4.00    6.85
 161125.697    25.369     1.56    7.07
 161414.959    26.321     3.29    7.78
 161704.222    26.666     1.19    7.66
 161993.487    25.953    -2.47    6.37
 162282.753    25.214    -2.55    6.57
 162572.020    24.576    -2.21    6.79
 162861.288    22.700    -6.49    7.64
 163150.558    20.208    -8.61    8.44
 163439.830    19.902    -1.06    9.71
 163729.102    19.564    -1.17   11.88
 164018.377    20.637     3.71   14.96
 164307.652    23.124     8.60   18.01
 164596.929    23.835     2.46   17.35
 164886.207    24.837     3.46   17.01
 165175.487    23.973    -2.99   15.88
 165464.768    21.404    -8.88   12.83
 165754.051    20.128    -4.41    9.90
 166043.334    18.273    -6.41    8.13
 166332.620    16.669    -5.54    7.07
 166621.906    15.835    -2.88    6.61
 166911.194    15.853     0.06    7.67
 167200.484    16.203     1.21    7.37
 167489.775    16.352     0.52    7.69
 167779.067    18.558     7.62    8.39
 168068.361    20.937     8.22    9.41
 168357.656    25.853    16.99   11.27
 168646.952    30.709    16.79   10.96
 168936.250    34.231    12.18    9.50
 169225.549    36.361     7.36    8.30
 169514.850    36.542     0.63    7.57
 169804.152    35.623    -3.17    8.23
 170093.456    34.421    -4.16    9.28
 170382.761    32.395    -7.00    9.67
 170672.067    31.030    -4.72   10.60
 170961.375    29.208    -6.30   11.00
 171250.684    26.969    -7.74   11.69
 171539.995    24.107    -9.90   11.88
 171829.307    21.886    -7.68   11.65
 172118.620    19.869    -6.97   10.91
 172407.935    17.197    -9.24    9.30
 172697.251    14.327    -9.92    8.29
 172986.569    11.988    -8.08    5.64
 173275.888    12.031     0.15    5.87
 173565.209    12.691     2.28    7.08
 173854.531    16.636    13.64   11.28
 174143.854    20.782    14.33   12.04
 174433.179    24.240    11.95   11.83
 174722.505    27.736    12.08    9.63
 175011.833    28.019     0.98    8.09
 175301.162    26.904    -3.86    8.20
 175590.493    24.709    -7.59    8.75
 175879.825    22.219    -8.60    8.97
 176169.159    19.242   -10.29    8.66
 176458.493    16.886    -8.14    7.13
 176747.830    14.988    -6.56    5.78
 177037.168    13.959    -3.56    5.47
 177326.507    14.615     2.27    6.87
 177615.848    13.214    -4.84    6.77
 177905.190    12.986    -0.79    7.11
 178194.533    12.107    -3.04    7.22
 178483.879    10.818    -4.46    5.93
 178773.225    10.180    -2.20    5.04
 179062.573    10.404     0.77    5.32
 179351.922    11.919     5.23    7.22
 179641.273    14.766     9.84    9.40
 179930.626    18.513    12.95   12.06
 180219.979    21.697    11.00   12.83
 180509.335    25.818    14.24   11.83
 180798.691    28.476     9.19   11.61
 181088.049    30.469     6.89   10.64
 181377.409    31.303     2.88   11.33
 181666.770    31.045    -0.89   10.93
 181956.133    30.059    -3.41   10.93
 182245.497    27.703    -8.14   11.38
 182534.862    24.749   -10.21   11.70
 182824.229    20.936   -13.18   11.32
 183113.598    16.783   -14.35   11.15
 183402.968    11.042   -19.84    9.45
 183692.339     8.080   -10.24    8.11
 183981.712     5.119   -10.23    6.23
 184271.086     2.886    -7.72    4.55
 184560.462     1.473    -4.88    2.46
 184849.839     0.703    -2.66    1.34
 185139.218     0.619    -0.29    1.31
 185428.598     0.700     0.28    1.30
 185717.980     0.717     0.06    1.24
 186007.363     0.703    -0.05    1.18
 186296.748     0.755     0.18    1.07
 186586.134     0.887     0.46    0.94
 186875.522     0.903     0.06    1.00
 187164.911     0.766    -0.47    1.00
 187454.301     0.738    -0.10    1.15
 187743.694     0.738     0.00    1.12
 188033.087     0.956     0.75    1.25
 188322.482     1.056     0.35    1.24
 188611.879     1.405     1.21    1.26
 188901.277     1.966     1.94    1.67
 189190.677     3.225     4.35    3.16
 189480.078     4.919     5.85    4.87
 189769.480     7.404     8.59    6.38
 190058.884    10.641    11.19    7.49
 190348.290    13.412     9.57    7.81
 190637.697    16.956    12.25    7.89
 190927.106    19.197     7.75    7.82
 191216.516    20.683     5.13    8.53
 191505.927    20.800     0.41    9.85
 191795.341    20.766    -0.12   10.67
 192084.755    20.197    -1.97   11.14
 192374.171    18.689    -5.21   10.57
 192663.589    16.507    -7.54    8.63
 192953.008    16.042    -1.61    7.46
 193242.429    15.662    -1.31    6.34
 193531.851    14.956    -2.44    5.28
 193821.275    16.951     6.90    7.42
 194110.700    18.536     5.48    8.18
 194400.127    21.069     8.75    9.39
 194689.555    22.308     4.28    9.62
 194978.985    25.007     9.33   10.60
 195268.416    28.653    12.60   11.69
 195557.849    31.598    10.18   11.48
 195847.283    34.603    10.38   11.01
 196136.719    38.066    11.97   10.75
 196426.157    41.473    11.77    9.32
 196715.518    43.611     7.39    7.78
 197004.630    43.869     0.89    7.98
 197293.743    44.069     0.69    8.16
 197582.858    43.662    -1.41    8.31
 197871.974    42.019    -5.68    8.92
 198161.092    41.711    -1.06    8.80
 198450.211    40.486    -4.24    8.43
 198739.332    40.353    -0.46    7.64
 199028.455    40.719     1.27    7.44
 199317.579    41.836     3.86    6.91
 199606.704    42.975     3.94    6.30
 199895.831    43.157     0.63    5.98
 200184.960    41.852    -4.51    6.42
 200474.090    41.203    -2.25    6.37
 200763.222    41.099    -0.36    5.88
 201052.355    40.624    -1.64    5.84
 201341.490    41.519     3.10    6.41
 201630.626    42.244     2.51    7.40
 201919.764    43.111     3.00    8.10
 202208.903    44.186     3.72    8.06
 202498.044    45.564     4.77    7.70
 202787.187    47.318     6.06    7.75
 203076.331    50.042     9.42    8.14
 203365.477    52.208     7.49    8.37
 203654.624    55.124    10.08    8.78
 203943.773    57.934     9.72    8.24
 204232.923    60.954    10.45    7.13
 204522.075    63.834     9.96    5.00
 204811.229    65.412     5.46    3.76
 205100.384    66.662     4.33    3.13
 205389.540    67.361     2.42    2.58
 205678.698    67.507     0.51    2.12
 205967.858    67.076    -1.49    2.72
 206257.019    65.921    -3.99    3.85
 206546.182    64.076    -6.38    5.54
 206835.347    62.519    -5.38    5.86
 207124.513    60.749    -6.12    6.31
 207413.680    59.069    -5.81    6.97
 207702.849    58.566    -1.74    6.84
 207992.020    58.662     0.33    6.80
 208281.192    58.619    -0.15    6.50
 208570.366    58.107    -1.77    6.02
 208859.542    57.615    -1.70    5.74
 209148.719    57.191    -1.47    5.49
 209437.897    55.456    -6.00    6.05
 209727.078    54.005    -5.02    6.42
 210016.259    52.547    -5.04    6.80
 210305.443    50.069    -8.57    7.81
 210594.628    48.042    -7.01    8.58
 210883.814    46.395    -5.70    9.13
 211173.002    44.501    -6.55    8.37
 211462.192    43.141    -4.70    7.93
 211751.384    41.837    -4.51    6.81
 212040.577    41.463    -1.29    6.70
 212329.771    42.019     1.93    7.14
 212618.967    42.080     0.21    7.15
 212908.165    41.852    -0.79    6.78
 213197.364    42.921     3.70    6.89
 213486.565    43.496     1.99    7.00
 213775.768    44.436     3.25    5.99
 214064.972    45.255     2.83    6.14
 214354.177    46.119     2.99    6.16
 214643.385    47.062     3.26    5.91
 214932.594    47.305     0.84    6.41
 215221.804    45.786    -5.25    7.64
 215511.016    43.818    -6.80    8.43
 215800.230    41.231    -8.95    8.52
 216089.446    39.694    -5.32    8.28
 216378.663    38.734    -3.32    7.72
 216667.881    37.988    -2.58    7.69
 216957.101    36.353    -5.65    7.56
 217246.323    35.569    -2.71    7.50
 217535.547    35.226    -1.19    7.46
 217824.772    33.700    -5.28    7.63
 218113.999    32.576    -3.88    7.35
 218403.227    30.919    -5.73    7.08
 218692.457    29.421    -5.18    6.46
 218981.688    27.887    -5.31    6.99
 219270.922    27.404    -1.67    7.61
 219560.156    26.197    -4.17    7.26
 219849.393    25.119    -3.73    7.57
 220138.631    24.387    -2.53    7.28
 220427.871    23.719    -2.31    7.17
 220717.112    23.115    -2.09    7.04
 221006.355    21.869    -4.31    6.63
 221295.600    20.296    -5.44    6.58
 221584.846    18.886    -4.87    6.91
 221874.094    18.107    -2.69    6.61
 222163.343    17.209    -3.10    6.41
 222452.594    16.576    -2.19    6.34
 222741.847    15.686    -3.08    6.39
 223031.102    13.937    -6.05    5.73
 223320.358    13.836    -0.35    5.55
 223609.616    13.300    -1.85    4.91
 223898.875    12.649    -2.25    4.44
 224188.136    12.624    -0.09    3.97
 224477.399    13.219     2.06    3.97
 224766.663    14.066     2.93    3.89
 225055.929    14.007    -0.20    3.65
 225345.197    13.786    -0.76    3.96
 225634.466    13.576    -0.73    3.92
 225923.737    12.717    -2.97    3.89
 226213.009    11.802    -3.16    4.08
 226502.284    11.242    -1.93    3.99
 226791.560    10.119    -3.88    3.63
 227080.837     9.834    -0.99    3.72
 227370.116     9.469    -1.26    4.01
 227659.397     9.180    -1.00    4.05
 227948.680     8.756    -1.46    3.62
 228237.964     8.236    -1.80    3.16
 228527.250     7.666    -1.97    2.28
 228816.538     8.507     2.91    4.01
 229105.827    10.619     7.30    5.78
 229395.118    11.553     3.23    5.81
 229684.410    12.886     4.61    6.26
 229973.705    15.361     8.56    6.47
 230263.001    17.352     6.88    5.70
 230552.298    18.780     4.94    5.24
 230841.598    18.453    -1.13    5.71
 231130.898    18.956     1.74    6.27
 231420.201    18.786    -0.59    6.65
 231709.505    18.128    -2.27    6.94
 231998.811    16.387    -6.02    7.25
 232288.119    14.904    -5.13    6.57
 232577.429    14.093    -2.80    6.28
 232866.740    14.230     0.47    6.01
 233156.052    14.835     2.09    6.01
 233445.367    16.519     5.82    6.90
 233734.683    17.714     4.13    8.00
 234024.001    19.615     6.57    8.12
 234313.320    21.127     5.23    7.54
 234602.641    22.286     4.00    6.55
 234891.964    23.246     3.32    5.79
 235181.289    23.869     2.15    5.45
 235470.615    25.266     4.83    4.98
 235759.943    26.344     3.73    4.97
 236049.273    28.636     7.92    5.39
 236338.604    31.103     8.53    5.28
 236627.937    33.162     7.12    4.76
 236917.272    35.412     7.77    4.22
 237206.609    35.589     0.61    4.30
 237495.947    35.786     0.68    4.54
 237785.287    35.558    -0.79    4.71
 238074.629    35.093    -1.61    4.74
 238363.972    34.463    -2.18    4.77
 238653.317    35.005     1.87    4.90
 238942.664    35.219     0.74    4.65
 239232.012    35.937     2.48    4.40
 239521.362    36.719     2.70    4.76
 239810.714    37.753     3.57    4.51
 240100.068    38.676     3.19    4.39
 240389.423    39.186     1.76    4.42
 240678.780    40.300     3.85    4.29
 240968.139    41.099     2.76    4.88
 241257.500    41.519     1.45    5.57
 241546.862    42.438     3.18    6.45
 241836.226    43.076     2.20    7.14
 242125.592    43.173     0.33    8.15
 242414.959    42.936    -0.82    8.10
 242704.328    42.496    -1.52    7.84
 242993.699    41.836    -2.28    8.24
 243283.072    41.093    -2.57    7.51
 243572.446    39.244    -6.39    6.58
 243861.822    37.353    -6.54    6.60
 244151.200    34.766    -8.94    6.40
 244440.579    32.803    -6.78    6.65
 244729.961    30.395    -8.32    6.75
 245019.344    28.093    -7.95    6.69
 245308.729    26.559    -5.30    6.03
 245598.115    24.835    -5.96    4.99
 245887.503    24.296    -1.86    4.56
 246176.893    23.473    -2.84    2.80
 246466.285    23.490     0.06    2.50
 246755.679    23.490     0.00    2.25
 247045.074    23.731     0.83    2.06
 247334.471    24.079     1.20    2.61
 247623.870    24.039    -0.14    2.77
 247913.270    24.242     0.70    3.23
 248202.672    24.010    -0.80    3.58
 248492.076    23.956    -0.19    3.68
 248781.482    23.503    -1.56    3.71
 249070.890    22.802    -2.42    4.12
 249360.299    22.738    -0.22    4.40
 249649.710    22.566    -0.60    4.74
 249939.123    23.225     2.28    5.27
 250228.538    23.659     1.50    5.26
 250517.954    24.136     1.65    5.67
 250807.372    24.591     1.57    4.91
 251096.792    24.352    -0.82    5.08
 251386.213    24.090    -0.91    5.02
 251675.637    23.273    -2.82    5.34
 251965.062    22.686    -2.03    5.21
 252254.489    22.569    -0.40    4.90
 252543.918    22.319    -0.86    5.14
 252833.348    22.446     0.44    5.63
 253122.781    22.694     0.86    5.44
 253412.215    23.003     1.07    5.38
 253701.650    23.456     1.56    5.55
 253991.088    23.186    -0.93    5.26
 254280.527    22.519    -2.30    5.11
 254569.969    21.749    -2.66    4.63
 254859.412    21.318    -1.49    4.76
 255148.856    21.197    -0.42    4.87
 255438.303    21.636     1.52    4.91
 255727.751    22.107     1.63    5.03
 256017.201    22.903     2.75    4.95
 256306.653    24.093     4.11    4.34
 256596.107    25.168     3.71    3.05
 256885.562    24.820    -1.20    3.06
 257175.020    24.053    -2.65    2.67
 257464.479    23.627    -1.47    2.17
 257753.940    23.494    -0.46    1.92
 258043.402    23.128    -1.27    1.84
 258332.867    22.852    -0.95    2.16
 258622.333    22.352    -1.73    2.56
 258911.801    21.509    -2.91    3.04
 259200.896    20.766    -2.57    3.48
 259489.977    19.369    -4.83    3.70
 259779.061    18.180    -4.12    3.32
 260068.146    18.463     0.98    4.84
 260357.233    19.541     3.73    5.87
 260646.322    20.973     4.95    6.48
 260935.413    22.969     6.91    6.60
 261224.505    25.387     8.36    6.72
 261513.599    28.869    12.05    7.03
 261802.695    32.686    13.20    7.20
 262091.793    35.649    10.25    6.92
 262380.893    38.740    10.69    6.90
 262669.994    41.262     8.72    4.69
 262959.098    41.259    -0.01    4.68
 263248.203    39.818    -4.99    5.73
 263537.310    36.950    -9.92    7.11
 263826.418    34.132    -9.75    7.83
 264115.529    32.421    -5.92    7.76
 264404.641    29.446   -10.29    8.02
 264693.756    28.343    -3.81    7.87
 264982.872    28.345     0.01    7.44
 265271.990    28.619     0.95    7.98
 265561.109    29.169     1.90    8.29
 265850.231    29.683     1.78    8.02
 266139.354    29.536    -0.51    7.75
 266428.479    30.119     2.02    7.93
 266717.606    28.611    -5.22    7.38
 267006.735    28.019    -2.05    7.30
 267295.866    27.603    -1.44    7.15
 267584.998    27.352    -0.87    7.16
 267874.133    27.800     1.55    6.98
 268163.269    28.404     2.09    6.58
 268452.407    29.453     3.63    6.58
 268741.547    30.818     4.72    6.94
 269030.688    32.818     6.92    6.96
 269319.832    34.749     6.68    6.97
 269608.977    36.045     4.48    6.04
 269898.125    36.919     3.02    5.17
 270187.274    37.153     0.81    4.82
 270476.425    37.773     2.14    4.30
 270765.577    37.959     0.64    4.71
 271054.732    37.783    -0.61    4.96
 271343.888    38.576     2.74    5.10
 271633.047    39.887     4.53    4.90
 271922.207    39.919     0.11    5.50
 272211.369    40.214     1.02    5.16
 272500.533    39.507    -2.44    5.20
 272789.699    38.990    -1.79    5.37
 273078.866    38.751    -0.83    5.49
 273368.036    38.705    -0.16    5.09
 273657.207    38.128    -2.00    4.63
 273946.380    37.649    -1.66    4.46
 274235.555    37.115    -1.85    4.47
 274524.732    37.180     0.22    4.50
 274813.911    37.686     1.75    4.38
 275103.092    38.119     1.50    4.62
 275392.274    39.031     3.15    5.28
 275681.459    40.173     3.95    5.53
 275970.645    41.632     5.05    4.84
 276259.833    42.283     2.25    5.01
 276549.023    43.082     2.76    5.38
 276838.215    43.656     1.98    5.01
 277127.409    44.490     2.88    4.59
 277416.604    44.717     0.78    4.32
 277705.802    44.606    -0.38    4.19
 277995.001    44.509    -0.34    4.29
 278284.203    44.019    -1.69    4.25
 278573.406    43.886    -0.46    4.27
 278862.611    43.412    -1.64    4.79
 279151.818    43.709     1.03    4.72
 279441.027    43.619    -0.31    4.66
 279730.237    45.025     4.86    4.45
 280019.450    45.569     1.88    4.39
 280308.664    46.753     4.09    4.58
 280597.881    47.749     3.44    4.13
 280887.099    49.162     4.89    4.36
 281176.319    49.852     2.38    4.51
 281465.541    50.203     1.21    4.61
 281754.765    50.480     0.96    4.60
 282043.991    50.446    -0.12    4.80
 282333.219    50.835     1.35    4.70
 282622.449    50.975     0.48    4.70
 282911.680    51.082     0.37    4.16
 283200.914    51.669     2.03    3.99
 283490.149    52.305     2.20    3.73
 283779.387    53.298     3.43    3.99
 284068.626    54.231     3.23    4.09
 284357.867    55.327     3.79    4.07
 284647.110    56.818     5.15    3.27
 284936.355    57.525     2.45    2.85
 285225.602    57.421    -0.36    3.09
 285514.850    56.973    -1.55    3.74
 285804.101    56.501    -1.63    4.75
 286093.354    56.242    -0.89    4.94
 286382.608    56.082    -0.55    5.01
 286671.865    56.300     0.75    5.38
 286961.123    57.903     5.54    5.60
 287250.383    59.290     4.80    5.66
 287539.646    61.042     6.05    5.90
 287828.910    62.443     4.84    5.84
 288118.176    63.988     5.34    5.17
 288407.444    65.224     4.27    4.67
 288696.714    65.691     1.61    4.37
 288985.985    65.717     0.09    3.91
 289275.259    66.007     1.00    4.15
 289564.535    66.541     1.85    4.40
 289853.813    67.804     4.36    4.57
 290143.092    68.490     2.37    5.19
 290432.374    69.090     2.07    5.60
 290721.657    69.369     0.97    5.70
 291010.942    69.902     1.84    5.47
 291300.230    69.903     0.00    5.44
 291589.519    69.804    -0.34    5.11
 291878.810    69.717    -0.30    4.36
 292168.103    70.030     1.08    4.36
 292457.398    71.153     3.88    4.57
 292746.696    72.180     3.55    5.31
 293035.995    72.591     1.42    7.04
 293325.295    73.953     4.71    8.88
 293614.598    76.676     9.42   11.30
 293903.903    79.111     8.41   12.33
 294193.210    82.145    10.49   13.25
 294482.519    84.263     7.32   13.00
 294771.829    86.749     8.59   13.23
 295061.142    89.686    10.15   13.14
 295350.457    91.921     7.73   13.57
 295639.773    95.010    10.68   13.08
 295929.092    98.256    11.22   12.38
 296218.412   100.653     8.28   10.67
 296507.735   102.541     6.53    8.30
 296797.059   105.780    11.19    4.50
 297086.386   106.611     2.87    4.19
 297375.714   105.853    -2.62    5.16
 297665.044   104.818    -3.58    7.90
 297954.377   103.607    -4.18    8.84
 298243.711   103.335    -0.94    9.12
 298533.047   102.162    -4.05    9.89
 298822.385   100.694    -5.08   10.01
 299111.726    99.336    -4.69    9.63
 299401.068    99.820     1.67    9.12
 299690.412   100.111     1.00   10.13
 299979.758   100.700     2.04   11.01
 300269.106   102.923     7.68   10.98
 300558.456   105.904    10.30   11.01
 300847.808   109.056    10.89   10.60
 301137.162   111.303     7.77    9.14
 301426.518   110.640    -2.29    9.59
 301715.876   109.923    -2.48    9.75
 302005.236   104.203   -19.77   14.24
 302294.598    97.921   -21.71   14.90
 302583.962    95.224    -9.32   13.56
 302873.328    93.312    -6.61   11.33
 303162.696    93.507     0.67   10.71
 303452.066    95.818     7.99   11.02
 303741.438    99.691    13.38    8.44
 304030.812   101.450     6.08    6.00
 304320.188   102.208     2.62    4.69
 304609.566   101.719    -1.69    4.85
 304898.946    99.731    -6.87    4.57
 305188.328    97.584    -7.42    4.08
 305477.712    95.403    -7.54    4.76
 305767.098    93.145    -7.80    5.49
 306056.486    92.099    -3.62    5.52
 306345.876    92.169     0.24    6.26
 306635.268    93.369     4.15    8.14
 306924.662    94.956     5.48    9.01
 307214.058    97.093     7.39    8.61
 307503.456    98.804     5.91    7.26
 307792.856   100.145     4.64    6.04
 308082.258    99.818    -1.13    5.72
 308371.662    99.283    -1.85    4.88
 308661.068    99.378     0.33    4.27
 308950.476   100.434     3.65    4.02
 309239.886   100.703     0.93    3.67
 309529.299   100.986     0.98    3.16
 309818.713   101.290     1.05    2.90
 310108.129   102.266     3.37    3.67
 310397.547   105.586    11.47    8.86
 310686.967   108.700    10.76   11.26
 310976.390   111.169     8.53   11.66
 311265.814   111.473     1.05   11.73
 311555.240   112.404     3.22   11.79
 311844.669   114.554     7.43   12.08
 312134.099   115.303     2.59   13.26
 312423.532   117.066     6.09   14.86
 312712.966   117.714     2.24   15.28
 313002.403   121.649    13.60   15.36
 313291.841   122.300     2.25   15.56
 313581.282   124.469     7.49   14.02
 313870.724   124.786     1.09   11.56
 314160.169   123.719    -3.69   10.45
 314449.616   122.153    -5.41    8.47
 314739.064   120.990    -4.02    7.36
 315028.515   119.524    -5.07    6.06
 315317.968   118.750    -2.67    4.39
 315607.423   118.126    -2.16    3.28
