-207700.719    64.648     0.00   10.91
-207411.491    67.416     9.57   10.92
-207122.265    70.753    11.54   12.42
-206833.040    73.726    10.28   11.98
-206543.816    77.232    12.12   11.69
-206254.595    80.520    11.37   11.06
-205965.374    81.733     4.20   10.78
-205676.155    83.581     6.39   11.33
-205386.938    86.200     9.06   11.09
-205097.722    87.220     3.53   11.70
-204808.508    89.643     8.38   11.73
-204519.296    91.150     5.21   13.25
-204230.084    93.553     8.31   13.22
-203940.875    96.024     8.54   12.94
-203651.667    97.648     5.62   12.81
-203362.460   100.316     9.22   11.58
-203073.255   101.420     3.82   11.93
-202784.051   104.123     9.35   10.48
-202494.849   105.004     3.05   10.78
-202205.649   106.574     5.43   11.21
-201916.450   108.550     6.83   11.43
-201627.252   107.986    -1.95   11.62
-201338.056   106.620    -4.72   11.99
-201048.862   105.379    -4.29   10.74
-200759.669   103.850    -5.29    8.87
-200470.477   100.574   -11.33    8.58
-200181.287    96.736   -13.27    9.11
-199892.098    91.833   -16.96   10.01
-199602.911    86.756   -17.56   11.50
-199313.726    81.557   -17.98   12.05
-199024.542    74.212   -25.40   12.04
-198735.359    69.505   -16.28   11.36
-198446.178    64.454   -17.47   11.48
-198156.999    60.520   -13.60   11.21
-197867.821    57.040   -12.03   10.58
-197578.644    53.453   -12.40   10.00
-197289.469    51.044    -8.33    8.73
-197000.296    49.626    -4.90    7.31
-196711.123    48.805    -2.84    6.64
-196421.953    48.462    -1.19    6.87
-196132.784    48.786     1.12    7.12
-195843.616    48.097    -2.38    6.69
-195554.450    48.350     0.88    6.86
-195265.285    48.377     0.09    6.55
-194976.122    47.436    -3.25    6.51
-194686.960    46.614    -2.84    6.64
-194397.800    45.557    -3.65    6.99
-194108.641    44.003    -5.37    6.69
-193819.484    42.621    -4.78    6.17
-193530.328    41.803    -2.83    5.60
-193241.174    40.496    -4.52    4.28
-192952.021    39.920    -1.99    3.61
-192662.870    40.377     1.58    4.47
-192373.720    42.220     6.37    7.13
-192084.571    43.803     5.48    8.52
-191795.424    45.850     7.08    9.35
-191506.279    47.203     4.68    9.37
-191217.134    49.053     6.40    9.48
-190927.992    49.445     1.36    9.03
-190638.851    49.411    -0.12    8.57
-190349.711    48.712    -2.42    8.02
-190060.573    48.320    -1.36    7.61
-189771.436    47.620    -2.42    7.84
-189482.301    47.716     0.33    8.57
-189193.167    48.350     2.19    9.66
-188904.034    48.561     0.73   10.81
-188614.903    48.510    -0.18   11.07
-188325.774    47.786    -2.50   11.37
-188036.646    45.723    -7.14   11.42
-187747.519    44.109    -5.58   10.44
-187458.394    43.508    -2.08    9.29
-187169.270    43.303    -0.71    7.69
-186880.148    41.885    -4.91    6.20
-186590.841    41.453    -1.49    5.32
-186301.408    41.936     1.67    5.64
-186011.977    41.867    -0.24    5.58
-185722.547    41.247    -2.14    6.10
-185433.118    40.609    -2.20    6.47
-185143.691    40.346    -0.91    7.19
-184854.266    40.230    -0.40    7.45
-184564.841    40.564     1.15    7.69
-184275.419    42.383     6.29    7.46
-183985.997    44.453     7.15    6.44
-183696.578    46.227     6.13    4.32
-183407.159    46.106    -0.42    4.60
-183117.742    45.614    -1.70    4.72
-182828.327    44.638    -3.37    5.29
-182538.913    42.936    -5.88    5.69
-182249.500    41.953    -3.40    5.77
-181960.089    41.570    -1.33    5.87
-181670.679    41.436    -0.46    5.75
-181381.270    42.008     1.97    5.51
-181091.863    42.986     3.38    4.62
-180802.458    43.814     2.86    3.91
-180513.053    44.303     1.69    3.65
-180223.651    44.377     0.26    3.79
-179934.249    43.764    -2.12    3.70
-179644.849    43.157    -2.10    3.62
-179355.451    43.129    -0.09    3.64
-179066.054    42.803    -1.13    3.40
-178776.658    43.253     1.55    3.42
-178487.264    43.986     2.53    3.79
-178197.871    44.836     2.94    3.92
-177908.480    44.831    -0.02    4.45
-177619.089    43.682    -3.97    6.78
-177329.701    40.988    -9.31    8.84
-177040.314    40.242    -2.58    9.04
-176750.928    39.581    -2.28    9.01
-176461.543    39.281    -1.03    9.04
-176172.160    39.092    -0.66    8.59
-175882.779    40.901     6.25    7.72
-175593.398    42.536     5.65    5.69
-175304.020    43.852     4.55    4.07
-175014.642    43.070    -2.70    4.09
-174725.266    42.092    -3.38    4.29
-174435.891    41.480    -2.11    4.24
-174146.518    40.920    -1.94    4.04
-173857.146    40.670    -0.86    4.02
-173567.776    40.625    -0.15    4.30
-173278.407    40.686     0.21    4.11
-172989.039    41.316     2.17    3.91
-172699.673    41.212    -0.36    3.58
-172410.308    40.609    -2.09    4.37
-172120.944    39.412    -4.14    5.90
-171831.582    39.143    -0.93    7.15
-171542.221    39.092    -0.18    8.06
-171252.862    38.919    -0.60    8.27
-170963.503    39.157     0.82    8.46
-170674.147    39.920     2.64    8.64
-170384.791    41.557     5.66    6.71
-170095.438    41.036    -1.80    5.99
-169806.085    39.419    -5.59    6.09
-169516.734    38.230    -4.11    5.92
-169227.384    36.886    -4.64    5.73
-168938.035    36.367    -1.79    5.20
-168648.688    36.340    -0.10    5.10
-168359.343    36.758     1.45    4.73
-168069.998    37.678     3.18    4.69
-167780.655    38.109     1.49    4.63
-167491.314    38.953     2.92    4.40
-167201.973    39.582     2.17    4.23
-166912.634    39.833     0.87    3.97
-166623.297    40.486     2.26    3.66
-166333.961    40.901     1.43    3.42
-166044.626    41.035     0.46    3.47
-165755.292    40.820    -0.74    3.39
-165465.960    41.072     0.87    3.46
-165176.629    41.212     0.48    3.78
-164887.300    40.883    -1.14    3.90
-164597.972    39.986    -3.10    4.22
-164308.645    39.247    -2.56    4.31
-164019.320    38.436    -2.80    4.33
-163729.996    37.786    -2.25    4.57
-163440.673    36.761    -3.54    5.00
-163151.352    36.106    -2.26    4.62
-162862.032    35.161    -3.27    5.25
-162572.713    34.536    -2.16    5.15
-162283.396    34.005    -1.84    5.14
-161994.080    32.636    -4.73    5.94
-161704.765    31.626    -3.49    6.28
-161415.452    30.796    -2.87    6.17
-161126.140    29.986    -2.80    6.06
-160836.829    30.203     0.75    6.11
-160547.520    29.887    -1.09    5.85
-160258.212    30.040     0.53    5.57
-159968.905    30.747     2.44    5.51
-159679.599    31.428     2.35    5.04
-159390.295    32.230     2.77    4.58
-159100.993    33.363     3.92    3.45
-158811.691    33.954     2.04    3.28
-158522.391    34.712     2.62    2.83
-158233.093    35.454     2.56    2.61
-157943.795    36.161     2.44    2.49
-157654.499    36.625     1.61    2.28
-157365.204    36.764     0.48    2.39
-157075.911    36.479    -0.99    2.51
-156786.619    35.758    -2.49    2.43
-156497.328    35.753    -0.02    2.44
-156208.038    35.641    -0.39    2.40
-155918.750    35.394    -0.85    2.51
-155629.463    35.225    -0.59    2.72
-155340.178    34.779    -1.54    2.74
-155050.893    33.126    -5.71    5.13
-154761.610    30.003   -10.80    7.15
-154472.329    27.820    -7.55    7.76
-154183.048    24.953    -9.91    7.49
-153893.769    21.586   -11.64    7.26
-153604.491    17.686   -13.48    7.25
-153315.215    15.270    -8.35    6.90
-153025.940    15.281     0.04    9.51
-152736.666    17.072     6.19   13.09
-152447.393    19.540     8.53   15.67
-152158.122    23.716    14.44   17.83
-151868.852    25.393     5.80   18.29
-151579.583    27.103     5.91   17.32
-151290.316    30.208    10.73   16.05
-151001.050    31.412     4.16   15.85
-150711.785    32.564     3.98   14.12
-150422.521    32.059    -1.74   13.48
-150133.259    30.936    -3.88   13.34
-149843.998    28.919    -6.97   11.85
-149554.738    29.403     1.67   11.06
-149265.480    28.258    -3.96    8.66
-148976.223    25.174   -10.66    7.00
-148686.967    22.109   -10.60    6.69
-148397.712    19.561    -8.81    6.98
-148108.459    17.157    -8.31    7.41
-147819.207    16.089    -3.69    8.22
-147529.956    16.953     2.99    9.12
-147240.707    16.799    -0.53    9.70
-146951.458    16.758    -0.14   10.04
-146662.211    17.220     1.60   10.25
-146372.966    17.631     1.42   10.45
-146083.721    18.020     1.34   10.11
-145794.478    17.574    -1.54    9.80
-145505.236    17.609     0.12    9.20
-145215.996    17.057    -1.91    8.41
-144926.756    16.212    -2.92    7.84
-144637.518    15.576    -2.20    7.43
-144348.281    15.764     0.65    7.31
-144059.046    16.350     2.03    6.97
-143769.812    16.383     0.11    7.10
-143480.578    17.157     2.68    7.28
-143191.347    19.695     8.77    7.82
-142902.116    22.021     8.04    7.98
-142612.887    25.004    10.31    7.36
-142323.659    26.252     4.31    7.69
-142034.432    28.402     7.43    7.28
-141745.206    30.716     8.00    6.09
-141455.982    32.503     6.18    4.48
-141166.759    33.695     4.12    2.71
-140877.537    34.044     1.21    1.82
-140588.317    33.786    -0.89    2.05
-140299.097    33.480    -1.06    2.24
-140009.879    33.150    -1.14    2.55
-139720.662    32.803    -1.20    2.80
-139431.447    32.764    -0.14    2.66
-139142.232    32.411    -1.22    2.75
-138853.019    32.322    -0.31    2.70
-138563.807    32.270    -0.18    2.47
-138274.597    32.336     0.23    2.44
-137985.387    32.470     0.46    2.30
-137696.179    32.208    -0.91    2.38
-137406.972    31.901    -1.06    2.26
-137117.766    31.820    -0.28    2.19
-136828.562    31.592    -0.79    2.16
-136539.358    31.496    -0.33    2.48
-136250.156    31.470    -0.09    2.68
-135960.955    31.515     0.16    2.58
-135671.756    31.247    -0.93    2.69
-135382.557    31.143    -0.36    2.45
-135093.360    30.670    -1.64    2.75
-134804.164    30.665    -0.02    2.70
-134514.969    30.270    -1.37    2.78
-134225.776    29.730    -1.87    2.98
-133936.584    29.287    -1.53    2.56
-133647.392    29.070    -0.75    2.57
-133358.203    28.936    -0.46    2.51
-133069.014    29.324     1.34    2.21
-132779.826    29.200    -0.43    2.13
-132490.640    29.126    -0.25    2.27
-132201.455    29.005    -0.42    2.40
-131912.271    28.574    -1.49    2.60
-131623.088    28.395    -0.62    2.63
-131333.907    28.316    -0.28    2.71
-131044.727    27.747    -1.97    3.01
-130755.548    27.643    -0.36    3.10
-130466.370    27.586    -0.20    3.17
-130177.193    27.520    -0.23    2.98
-129888.018    27.557     0.13    2.94
-129598.843    27.936     1.31    2.29
-129309.670    27.865    -0.25    2.41
-129020.498    27.488    -1.30    2.36
-128731.328    27.003    -1.68    2.47
-128442.158    26.648    -1.23    2.41
-128152.990    26.805     0.54    2.58
-127863.823    26.401    -1.40    2.44
-127574.657    26.247    -0.53    2.25
-127285.492    26.299     0.18    2.09
-126996.329    26.453     0.53    2.03
-126707.166    26.707     0.88    2.17
-126418.005    26.850     0.50    2.05
-126128.845    27.070     0.76    1.98
-125839.686    27.112     0.15    1.92
-125550.528    27.170     0.20    1.94
-125261.372    27.020    -0.52    2.13
-124972.217    26.682    -1.17    2.13
-124683.062    26.503    -0.62    1.99
-124393.830    26.540     0.13    2.00
-124104.426    26.394    -0.50    2.26
-123815.024    26.092    -1.05    2.31
-123525.624    25.820    -0.94    2.35
-123236.224    25.986     0.58    2.18
-122946.826    25.743    -0.84    2.26
-122657.428    25.258    -1.68    2.35
-122368.032    25.126    -0.46    2.35
-122078.637    25.086    -0.14    2.32
-121789.243    25.103     0.06    2.23
-121499.851    24.903    -0.69    2.08
-121210.459    25.074     0.59    2.12
-120921.069    25.182     0.37    2.00
-120631.680    25.789     2.10    2.20
-120342.292    26.270     1.66    2.34
-120052.905    26.330     0.21    2.33
-119763.519    26.089    -0.83    2.72
-119474.135    25.936    -0.53    2.74
-119184.751    25.153    -2.71    3.02
-118895.369    24.695    -1.58    3.00
-118605.988    24.461    -0.81    2.96
-118316.608    24.299    -0.56    3.41
-118027.229    24.419     0.42    3.75
-117737.852    24.367    -0.18    4.06
-117448.475    23.626    -2.56    4.43
-117159.100    23.871     0.85    4.47
-116869.726    23.471    -1.38    4.84
-116580.352    23.086    -1.33    4.84
-116290.981    23.008    -0.27    4.86
-116001.610    22.153    -2.95    5.29
-115712.240    22.195     0.14    5.42
-115422.872    22.648     1.57    5.56
-115133.504    22.208    -1.52    5.87
-114844.138    21.252    -3.30    6.12
-114554.773    21.109    -0.50    6.14
-114265.409    20.970    -0.48    5.97
-113976.046    20.136    -2.88    6.31
-113686.684    19.259    -3.03    6.66
-113397.323    18.954    -1.05    6.27
-113107.964    18.570    -1.33    5.93
-112818.606    18.077    -1.70    5.66
-112529.248    18.353     0.95    5.86
-112239.892    19.303     3.28    5.72
-111950.537    19.781     1.65    5.66
-111661.183    20.326     1.88    5.56
-111371.831    20.678     1.21    5.16
-111082.479    20.936     0.89    4.92
-110793.128    21.286     1.21    4.76
-110503.779    21.620     1.15    4.44
-110214.431    21.836     0.75    4.66
-109925.083    22.042     0.71    4.90
-109635.737    22.870     2.86    5.16
-109346.392    22.954     0.29    5.43
-109057.048    23.553     2.07    5.53
-108767.706    23.733     0.62    5.25
-108478.364    24.586     2.95    4.59
-108189.023    25.178     2.05    4.01
-107899.684    24.669    -1.76    4.51
-107610.346    24.286    -1.32    4.34
-107321.008    23.682    -2.09    4.26
-107031.672    23.270    -1.43    4.23
-106742.337    22.661    -2.11    4.65
-106453.003    22.375    -0.99    4.50
-106163.670    22.653     0.96    4.08
-105874.338    22.953     1.04    3.95
-105585.008    22.275    -2.34    4.25
-105295.678    21.743    -1.84    4.18
-105006.350    21.299    -1.54    3.83
-104717.022    21.316     0.06    3.56
-104427.696    20.988    -1.13    3.72
-104138.371    20.625    -1.26    4.08
-103849.046    20.781     0.54    4.72
-103559.723    21.540     2.62    4.90
-103270.401    21.730     0.66    5.22
-102981.080    22.253     1.81    4.89
-102691.760    21.786    -1.61    5.07
-102402.442    21.195    -2.04    4.94
-102113.124    20.586    -2.10    4.61
-101823.807    20.204    -1.32    4.02
-101534.492    19.988    -0.75    3.64
-101245.177    20.153     0.57    3.46
-100955.864    20.242     0.31    3.20
-100666.552    19.625    -2.13    3.32
-100377.240    18.597    -3.55    3.54
-100087.930    17.609    -3.42    3.79
 -99798.621    16.867    -2.56    3.47
 -99509.313    16.753    -0.40    3.07
 -99220.006    16.625    -0.44    3.25
 -98930.700    17.178     1.91    3.45
 -98641.395    17.920     2.56    3.51
 -98352.091    19.094     4.06    3.40
 -98062.789    20.120     3.54    3.40
 -97773.487    20.836     2.48    3.14
 -97484.186    21.157     1.11    3.02
 -97194.887    20.853    -1.05    3.19
 -96905.588    20.620    -0.81    3.13
 -96616.291    20.089    -1.83    3.37
 -96326.994    20.367     0.96    3.42
 -96037.699    20.253    -0.40    3.15
 -95748.405    20.086    -0.58    3.13
 -95459.111    20.463     1.30    3.20
 -95169.819    20.292    -0.59    3.20
 -94880.528    20.264    -0.10    3.06
 -94591.238    20.086    -0.61    2.55
 -94301.949    20.070    -0.06    2.51
 -94012.660    20.496     1.47    2.43
 -93723.373    20.505     0.03    2.58
 -93434.087    20.358    -0.51    2.88
 -93144.803    20.838     1.66    3.08
 -92855.519    20.853     0.05    3.50
 -92566.236    21.018     0.57    3.63
 -92276.954    21.023     0.01    4.15
 -91987.673    20.901    -0.42    4.21
 -91698.393    20.753    -0.51    4.28
 -91409.115    20.626    -0.44    4.81
 -91119.837    20.720     0.32    4.84
 -90830.560    20.574    -0.50    4.66
 -90541.284    20.471    -0.36    4.46
 -90252.010    20.299    -0.60    4.23
 -89962.736    20.367     0.24    3.94
 -89673.464    20.707     1.17    2.97
 -89384.192    20.936     0.79    2.06
 -89094.921    20.853    -0.29    2.00
 -88805.652    20.722    -0.45    1.98
 -88516.383    20.716    -0.02    1.86
 -88227.116    20.727     0.04    1.75
 -87937.849    20.835     0.37    1.77
 -87648.584    20.953     0.41    1.73
 -87359.319    20.586    -1.27    1.62
 -87070.056    20.316    -0.93    1.87
 -86780.793    19.936    -1.31    1.79
 -86491.532    19.403    -1.84    1.88
 -86202.272    19.136    -0.92    1.96
 -85913.012    18.850    -0.99    1.84
 -85623.754    18.784    -0.23    2.16
 -85334.496    18.526    -0.89    2.03
 -85045.240    18.570     0.15    2.07
 -84755.984    18.609     0.13    2.05
 -84466.730    18.505    -0.36    1.95
 -84177.477    18.326    -0.62    1.90
 -83888.224    18.126    -0.69    1.82
 -83598.973    18.036    -0.31    1.89
 -83309.722    17.986    -0.17    2.00
 -83020.473    17.603    -1.33    2.47
 -82731.224    17.420    -0.63    2.87
 -82441.977    16.712    -2.45    3.52
 -82152.730    16.286    -1.47    3.79
 -81863.485    15.505    -2.70    3.89
 -81574.240    15.436    -0.24    4.20
 -81284.997    15.428    -0.03    4.21
 -80995.754    15.615     0.65    4.02
 -80706.513    15.592    -0.08    3.69
 -80417.272    15.847     0.88    3.60
 -80128.033    15.871     0.08    3.72
 -79838.794    15.869    -0.01    3.38
 -79549.556    15.936     0.23    3.29
 -79260.320    15.971     0.12    3.13
 -78971.084    16.094     0.43    2.71
 -78681.849    16.136     0.15    2.89
 -78392.616    16.264     0.44    3.28
 -78103.383    16.346     0.28    3.04
 -77814.151    16.212    -0.46    3.20
 -77524.920    16.436     0.77    3.48
 -77235.690    16.540     0.36    3.46
 -76946.462    16.419    -0.42    3.17
 -76657.234    16.707     0.99    2.88
 -76368.007    16.919     0.73    2.27
 -76078.781    17.178     0.89    2.52
 -75789.556    17.057    -0.42    2.30
 -75500.332    16.954    -0.36    2.49
 -75211.108    17.020     0.23    2.44
 -74921.886    16.954    -0.23    2.54
 -74632.665    17.070     0.40    2.40
 -74343.445    17.094     0.08    2.42
 -74054.226    17.092    -0.01    2.09
 -73765.007    16.570    -1.80    2.17
 -73475.790    16.140    -1.49    2.00
 -73186.573    15.753    -1.34    1.93
 -72897.358    15.240    -1.77    2.00
 -72608.143    14.574    -2.30    1.89
 -72318.930    14.024    -1.90    1.75
 -72029.717    13.530    -1.71    1.54
 -71740.505    13.386    -0.50    1.42
 -71451.295    13.178    -0.72    1.34
 -71162.085    13.220     0.15    1.33
 -70872.876    13.077    -0.49    1.43
 -70583.668    12.733    -1.19    1.46
 -70294.461    12.670    -0.22    1.49
 -70005.255    12.597    -0.25    1.52
 -69716.050    12.603     0.02    1.47
 -69426.845    12.568    -0.12    1.47
 -69137.642    12.716     0.51    1.42
 -68848.440    12.730     0.05    1.25
 -68559.238    12.852     0.42    1.24
 -68270.038    12.903     0.18    1.37
 -67980.838    12.656    -0.86    1.28
 -67691.640    12.603    -0.18    1.31
 -67402.442    12.603     0.00    1.15
 -67113.245    12.453    -0.52    1.18
 -66824.049    12.386    -0.23    1.24
 -66534.854    12.411     0.08    1.24
 -66245.660    12.678     0.92    1.48
 -65956.467    12.393    -0.99    1.62
 -65667.275    12.496     0.36    1.81
 -65378.084    12.547     0.18    1.93
 -65088.893    12.356    -0.66    2.01
 -64799.704    12.053    -1.05    1.94
 -64510.515    11.597    -1.58    1.82
 -64221.328    11.275    -1.11    1.68
 -63932.141    11.143    -0.46    1.65
 -63642.955    11.117    -0.09    1.73
 -63353.770    11.057    -0.21    1.64
 -63064.586    11.109     0.18    1.58
 -62775.403    10.919    -0.66    1.55
 -62486.221    10.971     0.18    1.53
 -62197.032    11.182     0.73    1.66
 -61907.657    11.557     1.30    2.18
 -61618.283    12.320     2.64    3.07
 -61328.910    12.936     2.13    3.67
 -61039.538    14.092     3.99    4.17
 -60750.166    14.674     2.01    4.29
 -60460.796    15.486     2.81    4.30
 -60171.426    15.270    -0.75    5.57
 -59882.058    14.445    -2.85    7.55
 -59592.690    12.540    -6.58    9.10
 -59303.323     9.767    -9.58    9.69
 -59013.957     6.733   -10.48    8.94
 -58724.592     3.886    -9.84    8.48
 -58435.228     1.178    -9.36    6.68
 -58145.864    -0.877    -7.10    4.22
 -57856.502    -2.081    -4.16    2.11
 -57567.141    -2.547    -1.61    1.24
 -57277.780    -2.686    -0.48    1.19
 -56988.420    -2.908    -0.77    0.99
 -56699.061    -2.830     0.27    0.93
 -56409.703    -2.706     0.43    1.24
 -56120.346    -2.453     0.87    1.67
 -55830.990    -2.131     1.11    1.75
 -55541.634    -1.564     1.96    3.21
 -55252.280     0.805     8.19    6.37
 -54962.926     2.779     6.82    7.47
 -54673.573     5.336     8.84    8.36
 -54384.221     8.264    10.12    8.98
 -54094.870    10.770     8.66    9.09
 -53805.520    13.084     8.00    8.16
 -53516.171    14.626     5.33    6.59
 -53226.822    16.247     5.60    4.35
 -52937.475    17.133     3.06    3.51
 -52648.128    17.533     1.38    3.03
 -52358.782    18.411     3.03    2.54
 -52069.437    18.836     1.47    2.27
 -51780.093    19.523     2.37    1.96
 -51490.750    20.165     2.22    1.82
 -51201.407    20.784     2.14    1.60
 -50912.066    21.505     2.49    1.63
 -50622.725    22.051     1.89    1.47
 -50333.385    22.343     1.01    1.42
 -50044.046    22.673     1.14    1.04
 -49754.708    22.764     0.31    1.11
 -49465.371    22.971     0.72    1.20
 -49176.034    23.166     0.67    1.30
 -48886.698    23.092    -0.26    1.46
 -48597.364    22.954    -0.48    1.67
 -48308.030    22.695    -0.89    1.99
 -48018.697    22.195    -1.73    2.14
 -47729.364    21.653    -1.87    2.12
 -47440.033    21.270    -1.32    2.04
 -47150.702    20.986    -0.98    1.69
 -46861.372    20.936    -0.17    1.77
 -46572.044    21.402     1.61    1.94
 -46282.715    21.803     1.39    2.05
 -45993.388    22.479     2.34    1.87
 -45704.062    22.920     1.52    1.66
 -45414.736    22.972     0.18    1.41
 -45125.411    23.230     0.89    1.30
 -44836.087    23.038    -0.66    1.35
 -44546.764    23.038     0.00    1.23
 -44257.442    22.886    -0.52    1.35
 -43968.120    22.816    -0.24    1.42
 -43678.800    22.886     0.24    1.42
 -43389.480    22.847    -0.13    1.43
 -43100.161    22.767    -0.28    1.37
 -42810.843    22.707    -0.21    1.36
 -42521.525    22.479    -0.79    1.44
 -42232.209    22.553     0.26    1.50
 -41942.893    22.358    -0.68    1.56
 -41653.578    22.309    -0.17    1.62
 -41364.264    22.089    -0.76    1.60
 -41074.951    22.038    -0.18    1.64
 -40785.638    21.969    -0.24    1.49
 -40496.326    21.849    -0.41    1.34
 -40207.016    21.886     0.13    1.35
 -39917.705    21.814    -0.25    1.35
 -39628.396    21.582    -0.80    1.39
 -39339.088    21.470    -0.39    1.40
 -39049.780    21.370    -0.35    1.51
 -38760.473    20.936    -1.50    1.69
 -38471.167    20.294    -2.22    1.99
 -38181.862    19.750    -1.88    2.04
 -37892.557    19.208    -1.87    2.10
 -37603.254    18.592    -2.13    2.02
 -37313.951    18.055    -1.86    2.02
 -37024.649    17.436    -2.14    1.53
 -36735.347    17.174    -0.91    1.74
 -36446.047    16.902    -0.94    1.60
 -36156.747    16.420    -1.67    1.74
 -35867.448    16.123    -1.03    1.77
 -35578.150    15.678    -1.54    2.03
 -35288.853    15.592    -0.30    1.92
 -34999.556    15.436    -0.54    1.74
 -34710.260    15.035    -1.39    1.86
 -34420.965    15.074     0.14    1.71
 -34131.671    15.004    -0.24    1.75
 -33842.377    15.299     1.02    1.50
 -33553.085    15.112    -0.65    1.56
 -33263.793    15.372     0.90    1.77
 -32974.502    15.636     0.91    1.76
 -32685.211    15.786     0.52    1.80
 -32395.922    16.222     1.51    1.82
 -32106.633    16.419     0.68    1.78
 -31817.345    16.736     1.10    1.84
 -31528.058    17.454     2.48    1.64
 -31238.771    17.691     0.82    1.62
 -30949.485    18.230     1.86    1.78
 -30660.200    18.488     0.89    1.78
 -30370.916    18.691     0.70    1.65
 -30081.633    18.801     0.38    1.63
 -29792.350    18.871     0.24    1.41
 -29503.068    18.781    -0.31    1.47
 -29213.787    18.886     0.36    1.56
 -28924.506    18.526    -1.24    1.39
 -28635.227    18.631     0.37    1.52
 -28345.948    18.479    -0.53    1.50
 -28056.670    18.453    -0.09    1.46
 -27767.392    18.543     0.31    1.38
 -27478.116    18.419    -0.43    1.46
 -27188.840    18.530     0.38    1.53
 -26899.565    18.592     0.21    1.38
 -26610.290    18.658     0.23    1.39
 -26321.017    18.609    -0.17    1.42
 -26031.744    18.638     0.10    1.45
 -25742.472    18.736     0.34    1.48
 -25453.200    18.740     0.01    1.52
 -25163.929    18.936     0.68    1.56
 -24874.659    18.936     0.00    1.43
 -24585.390    19.036     0.35    1.42
 -24296.122    19.109     0.25    1.51
 -24006.854    18.796    -1.08    1.60
 -23717.587    18.631    -0.57    1.70
 -23428.321    18.333    -1.03    1.70
 -23139.055    17.936    -1.37    1.61
 -22849.791    17.853    -0.29    1.57
 -22560.526    17.579    -0.95    1.49
 -22271.263    17.513    -0.23    1.58
 -21982.000    17.833     1.11    1.66
 -21692.739    18.002     0.58    1.64
 -21403.477    18.143     0.49    1.77
 -21114.217    18.316     0.60    1.73
 -20824.957    18.419     0.36    1.73
 -20535.698    18.603     0.64    1.58
 -20246.440    18.753     0.52    1.55
 -19957.182    18.987     0.81    1.58
 -19667.926    19.281     1.01    1.64
 -19378.669    19.550     0.93    1.64
 -19089.414    19.643     0.32    1.63
 -18800.159    19.520    -0.43    1.59
 -18510.905    19.428    -0.32    1.72
 -18221.652    19.553     0.43    1.68
 -17932.399    19.463    -0.31    1.57
 -17643.148    19.109    -1.22    1.53
 -17353.896    18.919    -0.66    1.67
 -17064.646    18.919     0.00    1.70
 -16775.396    19.297     1.31    1.79
 -16486.147    19.247    -0.17    1.79
 -16196.899    19.428     0.63    1.88
 -15907.651    19.740     1.08    1.96
 -15618.404    20.174     1.50    1.56
 -15329.158    20.388     0.74    1.61
 -15039.913    20.597     0.72    1.59
 -14750.668    20.869     0.94    1.59
 -14461.424    21.074     0.71    1.50
 -14172.180    21.109     0.12    1.42
 -13882.937    20.953    -0.54    1.60
 -13593.695    20.820    -0.46    1.62
 -13304.454    20.533    -0.99    1.64
 -13015.213    20.240    -1.01    1.52
 -12725.973    19.970    -0.93    1.38
 -12436.734    20.042     0.25    1.45
 -12147.495    19.904    -0.48    1.58
 -11858.257    19.953     0.17    1.49
 -11569.020    20.109     0.54    1.69
 -11279.783    20.377     0.93    1.70
 -10990.547    20.383     0.02    1.86
 -10701.312    20.570     0.65    1.82
 -10412.078    20.292    -0.96    1.83
 -10122.844    20.003    -1.00    2.10
  -9833.610    19.445    -1.93    2.26
  -9544.378    19.097    -1.20    2.33
  -9255.146    18.953    -0.50    2.26
  -8965.915    18.816    -0.48    2.26
  -8676.684    18.258    -1.93    2.57
  -8387.454    17.953    -1.06    2.75
  -8098.225    17.454    -1.73    2.74
  -7808.997    16.730    -2.50    3.27
  -7519.769    15.747    -3.40    3.73
  -7230.542    15.770     0.08    3.84
  -6941.315    16.021     0.87    4.03
  -6652.089    16.394     1.29    4.68
  -6362.864    16.195    -0.69    5.17
  -6073.639    15.533    -2.29    6.55
  -5784.416    15.253    -0.97    7.44
  -5495.192    13.353    -6.57    8.00
  -5205.970    11.501    -6.40    7.79
  -4916.748     8.758    -9.48    7.40
  -4627.526     6.471    -7.91    6.48
  -4338.306     4.564    -6.59    5.58
  -4049.086     2.850    -5.92    4.40
  -3759.866     1.904    -3.27    3.71
  -3470.648     1.178    -2.51    2.93
  -3181.430     0.212    -3.34    0.93
  -2892.212     0.057    -0.54    0.65
  -2602.995    -0.064    -0.42    0.00
  -2313.779     0.003     0.23    0.52
  -2024.564     0.540     1.86    1.84
  -1735.349     0.953     1.43    2.15
  -1446.135     1.276     1.12    2.24
  -1156.921     1.299     0.08    2.20
   -867.708     1.286    -0.04    2.17
   -578.496     1.236    -0.17    2.15
   -289.284     1.203    -0.12    2.13
     -0.073     0.615    -2.03    1.43
    289.242     1.057     1.53    2.73
    578.589     1.712     2.26    3.27
    867.936     2.753     3.60    3.91
   1157.281     4.133     4.77    4.56
   1446.627     5.781     5.70    4.94
   1735.971     7.453     5.78    4.58
   2025.315     7.954     1.73    3.98
   2314.658     8.203     0.86    3.51
   2604.001     7.479    -2.50    3.56
   2893.343     6.833    -2.23    3.49
   3182.684     5.970    -2.98    3.13
   3472.025     5.036    -3.23    2.84
   3761.365     4.653    -1.32    2.80
   4050.705     3.971    -2.36    2.73
   4340.044     3.818    -0.53    2.69
   4629.382     3.536    -0.97    2.96
   4918.720     3.077    -1.59    2.81
   5208.057     2.936    -0.49    2.64
   5497.394     2.661    -0.95    2.80
   5786.729     2.770     0.38    3.02
   6076.065     3.870     3.80    4.58
   6365.399     5.195     4.58    5.54
   6654.734     6.643     5.01    5.75
   6944.067     7.847     4.16    5.20
   7233.400     8.920     3.71    4.42
   7522.732     9.770     2.94    3.62
   7812.064    10.070     1.04    2.51
   8101.395     9.833    -0.82    2.26
   8390.725    10.008     0.60    2.24
   8680.055    10.020     0.04    2.11
   8969.385    10.385     1.26    1.65
   9258.713    10.653     0.93    1.46
   9548.042    10.665     0.04    1.46
   9837.369    10.316    -1.21    1.39
  10126.696     9.919    -1.37    1.49
  10416.022     9.574    -1.19    1.71
  10705.348     9.314    -0.90    1.74
  10994.673     8.816    -1.72    1.76
  11283.998     8.557    -0.89    1.79
  11573.322     8.574     0.06    1.72
  11862.646     8.919     1.19    1.91
  12151.968     9.178     0.90    1.59
  12441.291     9.479     1.04    1.50
  12730.612     9.835     1.23    1.41
  13019.934    10.147     1.08    1.68
  13309.254    10.419     0.94    1.77
  13598.574    10.870     1.56    1.74
  13887.894    10.953     0.29    1.78
  14177.212    11.248     1.02    1.86
  14466.531    11.686     1.52    1.77
  14755.848    12.109     1.46    1.86
  15045.166    12.472     1.26    1.63
  15334.482    12.603     0.45    1.50
  15623.798    12.870     0.92    1.52
  15913.114    13.126     0.89    1.48
  16202.429    13.055    -0.25    1.40
  16491.743    12.867    -0.65    1.30
  16781.057    12.836    -0.11    1.32
  17070.370    12.486    -1.21    1.47
  17359.683    12.486     0.00    1.51
  17648.995    12.386    -0.35    1.61
  17938.306    12.367    -0.07    1.76
  18227.617    12.411     0.15    1.78
  18516.928    12.471     0.21    1.69
  18806.238    12.363    -0.37    1.61
  19095.547    12.386     0.08    1.55
  19384.856    12.347    -0.14    1.55
  19674.164    12.242    -0.37    1.32
  19963.472    12.092    -0.52    1.23
  20252.779    12.220     0.44    1.28
  20542.086    12.320     0.35    1.39
  20831.392    12.320     0.00    1.40
  21120.698    11.936    -1.33    1.68
  21410.003    11.621    -1.09    1.88
  21699.307    11.170    -1.56    2.00
  21988.611    10.818    -1.22    1.92
  22277.914    10.533    -0.98    1.90
  22567.217    10.191    -1.18    1.69
  22856.520    10.294     0.36    1.57
  23145.821    10.270    -0.08    1.53
  23435.123    10.402     0.46    1.51
  23724.424    10.428     0.09    1.41
  24013.724    10.367    -0.21    1.52
  24303.023    10.212    -0.54    1.56
  24592.323    10.109    -0.36    1.57
  24881.621    10.040    -0.24    1.68
  25170.919     9.838    -0.70    1.63
  25460.217     9.781    -0.20    1.78
  25749.514     9.770    -0.04    1.75
  26038.811     9.865     0.33    1.77
  26328.107    10.089     0.77    1.86
  26617.402    10.356     0.92    1.83
  26906.697    10.603     0.85    1.88
  27195.992    10.773     0.59    2.04
  27485.286    11.094     1.11    2.34
  27774.580    11.454     1.24    2.61
  28063.873    12.258     2.78    3.38
  28353.165    13.620     4.71    3.84
  28642.457    14.736     3.86    3.95
  28931.748    16.023     4.45    4.28
  29221.039    17.597     5.44    3.57
  29510.330    17.586    -0.04    4.07
  29799.620    17.586     0.00    4.74
  30088.909    16.314    -4.40    6.29
  30378.198    14.143    -7.50    7.72
  30667.487    10.936   -11.09    8.33
  30956.775     8.523    -8.34    7.93
  31246.062     6.953    -5.43    7.49
  31535.349     5.784    -4.04    6.42
  31824.636     6.470     2.37    6.48
  32113.922     8.215     6.03    6.87
  32403.207    10.550     8.07    7.21
  32692.492    13.220     9.23    6.31
  32981.777    15.454     7.72    4.53
  33271.061    16.853     4.84    2.61
  33560.344    17.303     1.56    2.35
  33849.627    17.691     1.34    3.03
  34138.910    17.661    -0.10    3.68
  34428.192    16.365    -4.48    5.42
  34717.474    14.904    -5.05    6.53
  35006.755    13.038    -6.45    7.72
  35296.036    12.870    -0.58    7.63
  35585.316    11.936    -3.23    7.57
  35874.596    11.866    -0.24    7.54
  36163.875    12.292     1.47    7.31
  36453.154    13.661     4.73    6.74
  36742.432    14.510     2.94    5.67
  37031.710    14.712     0.70    4.37
  37320.987    13.730    -3.40    4.36
  37610.264    13.850     0.42    4.78
  37899.540    13.454    -1.37    4.37
  38188.816    14.494     3.60    4.85
  38478.092    16.195     5.88    5.27
  38767.367    18.333     7.39    5.40
  39056.641    19.661     4.59    5.20
  39345.916    20.436     2.68    5.45
  39635.189    21.036     2.07    4.87
  39924.462    21.682     2.23    4.67
  40213.735    22.853     4.05    5.08
  40503.008    23.919     3.68    5.82
  40792.279    25.488     5.43    7.26
  41081.551    27.120     5.64    7.63
  41370.822    28.784     5.75    7.17
  41660.092    28.636    -0.51    7.74
  41949.362    27.919    -2.48    8.21
  42238.632    26.143    -6.14    7.89
  42527.901    24.109    -7.03    6.98
  42817.170    22.699    -4.87    5.57
  43106.438    21.786    -3.16    4.34
  43395.706    22.212     1.47    4.13
  43684.973    24.258     7.07    5.16
  43974.240    26.375     7.32    6.63
  44263.506    27.547     4.05    7.13
  44552.773    28.838     4.46    6.91
  44842.038    30.970     7.37    7.45
  45131.303    32.770     6.22    7.34
  45420.568    32.540    -0.79    6.87
  45709.832    31.716    -2.85    6.68
  45999.096    30.157    -5.39    7.11
  46288.360    29.631    -1.82    7.16
  46577.623    27.609    -6.99    6.70
  46866.885    26.463    -3.96    5.85
  47156.148    25.686    -2.68    4.58
  47445.409    24.954    -2.53    3.51
  47734.671    24.775    -0.62    3.07
  48023.932    25.303     1.83    3.55
  48313.192    26.136     2.88    4.07
  48602.452    26.523     1.34    4.31
  48891.712    26.544     0.07    4.63
  49180.971    27.086     1.88    4.80
  49470.230    28.547     5.05    5.90
  49759.488    29.838     4.46    6.99
  50048.746    30.852     3.50    8.02
  50338.004    30.936     0.29    8.14
  50627.261    31.614     2.34    8.42
  50916.518    32.040     1.47    8.18
  51205.774    33.103     3.68    7.79
  51495.030    33.021    -0.28    7.31
  51784.286    33.971     3.28    7.03
  52073.541    34.902     3.22    6.79
  52362.795    36.574     5.78    6.60
  52652.050    38.018     4.99    7.45
  52941.304    38.574     1.92    7.41
  53230.557    37.648    -3.20    7.31
  53519.810    36.299    -4.67    7.55
  53809.063    35.270    -3.56    7.83
  54098.315    34.275    -3.44    7.84
  54387.567    33.103    -4.05    8.01
  54676.819    31.166    -6.70    6.52
  54966.070    30.347    -2.83    5.55
  55255.321    29.609    -2.55    5.53
  55544.571    28.303    -4.51    5.31
  55833.821    27.126    -4.07    4.82
  56123.071    26.428    -2.41    4.63
  56412.320    25.471    -3.31    3.88
  56701.569    24.850    -2.15    2.58
  56990.817    24.586    -0.92    2.04
  57280.065    24.767     0.63    2.48
  57569.313    25.620     2.95    3.11
  57858.560    26.730     3.84    3.94
  58147.807    28.836     7.28    5.41
  58437.054    30.329     5.16    6.00
  58726.300    32.208     6.49    5.95
  59015.546    32.117    -0.31    6.09
  59304.791    31.597    -1.80    6.38
  59594.036    30.428    -4.04    6.33
  59883.281    29.597    -2.87    6.18
  60172.525    27.208    -8.26    5.53
  60461.769    25.299    -6.60    3.91
  60751.013    25.253    -0.16    3.10
  61040.256    25.453     0.69    3.33
  61329.499    25.393    -0.21    3.32
  61618.741    25.986     2.05    3.18
  61907.983    26.294     1.06    2.81
  62197.225    26.723     1.49    2.58
  62486.504    27.021     1.03    2.43
  62775.823    26.953    -0.23    2.65
  63065.140    27.781     2.86    3.78
  63354.458    29.712     6.67    5.64
  63643.775    31.186     5.10    6.49
  63933.092    33.592     8.31    6.77
  64222.408    33.986     1.36    6.99
  64511.724    33.770    -0.75    6.89
  64801.040    32.776    -3.44    6.80
  65090.355    31.496    -4.42    6.41
  65379.670    30.385    -3.84    4.68
  65668.985    30.403     0.06    4.50
  65958.299    32.350     6.73    6.22
  66247.613    34.174     6.30    6.95
  66536.926    35.954     6.15    6.82
  66826.240    37.704     6.05    6.99
  67115.553    37.513    -0.66    7.30
  67404.865    36.987    -1.82    7.65
  67694.177    35.084    -6.58    8.15
  67983.489    33.540    -5.34    7.27
  68272.801    32.026    -5.23    6.49
  68562.112    32.920     3.09    6.68
  68851.423    33.835     3.16    7.76
  69140.734    35.170     4.61    8.22
  69430.044    36.436     4.38    8.76
  69719.354    38.919     8.58    8.86
  70008.664    39.867     3.28    9.04
  70297.973    40.747     3.04    8.89
  70587.282    41.264     1.79    9.14
  70876.590    42.367     3.81    8.61
  71165.899    43.143     2.68    7.82
  71455.207    40.133   -10.41    8.99
  71744.514    38.275    -6.42    8.87
  72033.822    38.146    -0.45    8.44
  72323.129    38.040    -0.37    8.25
  72612.436    37.530    -1.76    8.22
  72901.742    37.498    -0.11    7.61
  73191.048    37.350    -0.51    7.27
  73480.354    36.326    -3.54    7.97
  73769.659    35.136    -4.11    8.13
  74058.964    32.953    -7.55    7.22
  74348.269    32.454    -1.72    6.88
  74637.574    32.564     0.38    7.01
  74926.878    34.023     5.04    7.51
  75216.182    34.477     1.57    7.62
  75505.486    34.353    -0.43    7.88
  75794.789    34.264    -0.31    7.77
  76084.092    33.258    -3.48    8.55
  76373.395    33.322     0.22    8.48
  76662.697    32.182    -3.94    7.73
  76951.999    30.736    -5.00    6.80
  77241.301    31.270     1.84    6.39
  77530.603    31.343     0.25    6.18
  77819.904    29.722    -5.60    6.16
  78109.205    27.208    -8.69    5.64
  78398.506    25.385    -6.30    5.41
  78687.806    23.186    -7.60    5.71
  78977.106    21.803    -4.78    5.50
  79266.406    19.761    -7.06    4.50
  79555.706    17.971    -6.19    4.32
  79845.005    16.126    -6.38    4.72
  80134.304    15.236    -3.08    4.40
  80423.603    14.445    -2.74    4.01
  80712.901    13.564    -3.05    3.46
  81002.199    12.609    -3.30    2.98
  81291.497    11.463    -3.96    3.05
  81580.794    10.117    -4.65    3.44
  81870.092     9.136    -3.39    3.43
  82159.389     8.388    -2.59    3.31
  82448.686     7.523    -2.99    3.08
  82737.982     8.333     2.80    5.22
  83027.278     9.553     4.22    6.13
  83316.574    11.781     7.70    7.32
  83605.870    13.920     7.39    7.81
  83895.165    15.799     6.49    7.46
  84184.460    17.092     4.47    7.28
  84473.755    17.126     0.12    7.18
  84763.050    15.730    -4.83    6.89
  85052.344    14.182    -5.35    7.10
  85341.638    12.230    -6.75    6.69
  85630.932    10.053    -7.52    6.36
  85920.226     8.865    -4.11    5.95
  86209.519     7.547    -4.56    4.57
  86498.812     6.756    -2.73    3.07
  86788.105     6.597    -0.55    2.86
  87077.398     7.377     2.70    3.13
  87366.690     8.287     3.15    3.77
  87655.982     9.247     3.32    4.36
  87945.274     9.699     1.56    4.41
  88234.566    10.386     2.38    4.85
  88523.857    11.743     4.69    6.34
  88813.148    12.850     3.83    6.65
  89102.439    14.003     3.99    7.14
  89391.729    15.042     3.59    6.45
  89681.020    14.586    -1.57    6.40
  89970.310    14.716     0.45    6.10
  90259.600    13.523    -4.13    6.08
  90548.889    12.174    -4.66    5.15
  90838.179    11.988    -0.64    4.16
  91127.468    11.953    -0.12    3.89
  91416.757    12.553     2.07    4.03
  91706.046    12.536    -0.06    4.09
  91995.334    12.520    -0.06    4.44
  92284.622    12.322    -0.68    4.73
  92573.910    11.220    -3.81    4.36
  92863.198    10.350    -3.01    4.02
  93152.486    10.253    -0.34    3.38
  93441.773    10.750     1.72    3.41
  93731.060    11.794     3.61    3.26
  94020.347    12.609     2.82    3.27
  94309.634    13.401     2.74    2.52
  94598.920    13.854     1.57    2.51
  94888.207    14.360     1.75    2.81
  95177.493    14.336    -0.08    3.66
  95466.778    14.161    -0.61    4.37
  95756.064    13.533    -2.17    4.68
  96045.349    12.953    -2.00    4.70
  96334.635    12.479    -1.64    5.01
  96623.920    11.985    -1.71    5.69
  96913.204    11.988     0.01    5.70
  97202.489    12.092     0.36    5.87
  97491.773    12.747     2.26    6.10
  97781.057    14.040     4.47    7.03
  98070.341    14.674     2.19    6.94
  98359.625    15.678     3.47    6.89
  98648.908    16.712     3.58    7.14
  98938.192    17.695     3.40    6.79
  99227.475    18.648     3.30    6.53
  99516.758    17.470    -4.07    6.18
  99806.041    16.557    -3.15    5.90
 100095.323    16.036    -1.80    5.69
 100384.605    15.776    -0.90    5.03
 100673.888    14.971    -2.78    4.25
 100963.170    13.703    -4.38    3.14
 101252.451    13.225    -1.65    2.08
 101541.733    13.486     0.91    1.98
 101831.014    13.829     1.19    2.22
 102120.295    14.057     0.79    2.47
 102409.577    13.402    -2.26    3.83
 102698.857    12.770    -2.19    4.37
 102988.138    12.220    -1.90    4.56
 103277.418    11.005    -4.20    4.93
 103566.699    10.021    -3.40    4.71
 103855.979     9.989    -0.11    4.85
 104145.259    10.420     1.49    5.04
 104434.539    11.403     3.40    4.86
 104723.818    12.643     4.29    3.41
 105013.098    13.603     3.32    2.60
 105302.377    14.003     1.38    2.06
 105591.656    14.343     1.18    1.73
 105880.935    14.436     0.32    1.65
 106170.213    14.581     0.50    2.13
 106459.492    14.903     1.12    2.20
 106748.770    15.112     0.72    2.36
 107038.049    15.570     1.58    1.97
 107327.327    16.074     1.74    1.68
 107616.605    16.215     0.49    1.76
 107905.882    16.336     0.42    1.67
 108195.160    16.143    -0.67    1.50
 108484.437    16.212     0.24    1.52
 108773.715    16.061    -0.52    1.58
 109062.992    15.854    -0.72    1.58
 109352.269    15.750    -0.36    1.56
 109641.545    15.303    -1.54    2.03
 109930.822    14.747    -1.92    2.31
 110220.099    14.454    -1.01    2.68
 110509.375    13.936    -1.79    2.94
 110798.651    13.540    -1.37    3.15
 111087.927    12.936    -2.09    3.09
 111377.203    12.089    -2.93    2.69
 111666.479    11.592    -1.72    2.71
 111955.754    11.316    -0.95    2.29
 112245.030    11.299    -0.06    1.98
 112534.305    11.232    -0.23    1.94
 112823.580    11.247     0.05    2.23
 113112.855    11.614     1.27    2.80
 113402.130    12.264     2.25    3.35
 113691.405    13.240     3.37    4.12
 113980.680    14.533     4.47    4.24
 114269.954    16.086     5.37    4.68
 114559.229    18.203     7.32    5.09
 114848.503    20.340     7.39    5.73
 115137.777    22.161     6.29    5.88
 115427.051    24.309     7.43    6.79
 115716.325    25.852     5.33    6.49
 116005.599    26.820     3.35    6.26
 116294.872    26.247    -1.98    6.28
 116584.146    24.799    -5.01    6.76
 116873.419    24.092    -2.44    6.92
 117162.692    24.686     2.06    7.67
 117451.965    26.106     4.91    8.85
 117741.238    28.126     6.98    9.07
 118030.511    29.767     5.67    9.08
 118319.784    32.097     8.06    8.82
 118609.057    33.275     4.07    8.55
 118898.329    31.586    -5.84    9.36
 119187.602    29.784    -6.23    9.52
 119476.874    27.086    -9.32    9.74
 119766.146    24.919    -7.49    9.34
 120055.418    23.343    -5.45    8.15
 120344.690    22.609    -2.54    7.05
 120633.962    23.411     2.77    7.97
 120923.234    25.477     7.14    8.94
 121212.506    27.375     6.56    9.58
 121501.777    28.870     5.17    9.73
 121791.049    28.811    -0.20    9.15
 122080.320    28.259    -1.91    8.80
 122369.591    26.370    -6.53    7.23
 122658.863    25.853    -1.79    6.14
 122948.134    24.695    -4.00    4.39
 123237.405    24.042    -2.26    3.22
 123526.676    23.750    -1.01    2.48
 123815.946    24.462     2.46    3.30
 124105.217    25.445     3.40    4.07
 124394.488    26.564     3.87    4.58
 124683.763    28.222     5.73    5.52
 124973.053    29.784     5.40    6.20
 125262.344    32.402     9.05    8.06
 125551.634    34.559     7.46    8.46
 125840.924    36.005     5.00    8.69
 126130.214    37.005     3.46    9.29
 126419.504    38.178     4.05    9.54
 126708.794    40.385     7.63    9.80
 126998.084    42.636     7.78   10.37
 127287.374    42.920     0.98   10.07
 127576.664    42.682    -0.82    9.51
 127865.954    43.592     3.14    8.94
 128155.243    44.498     3.13    8.16
 128444.533    43.215    -4.43    8.22
 128733.822    41.603    -5.57    7.63
 129023.112    39.527    -7.18    6.02
 129312.401    37.814    -5.92    4.52
 129601.690    36.540    -4.40    4.53
 129890.979    35.631    -3.14    4.25
 130180.268    35.936     1.05    5.73
 130469.558    36.494     1.93    6.39
 130758.847    35.781    -2.46    6.56
 131048.136    35.367    -1.43    6.86
 131337.424    36.651     4.44    6.83
 131626.713    38.386     6.00    6.68
 131916.002    38.871     1.67    7.00
 132205.291    39.350     1.66    6.71
 132494.579    41.360     6.95    7.14
 132783.868    43.472     7.30    6.80
 133073.157    45.212     6.02    6.75
 133362.445    45.703     1.70    6.57
 133651.734    46.123     1.45    6.21
 133941.022    46.330     0.72    6.16
 134230.310    46.008    -1.11    6.80
 134519.599    45.021    -3.41    7.25
 134808.887    43.781    -4.29    7.13
 135098.175    43.150    -2.18    6.97
 135387.463    42.086    -3.67    6.68
 135676.752    41.471    -2.13    6.50
 135966.040    42.496     3.54    7.51
 136255.328    45.240     9.49    7.09
 136544.616    45.871     2.18    6.98
 136833.904    46.720     2.93    7.10
 137123.192    47.292     1.98    6.47
 137412.480    47.074    -0.75    6.84
 137701.768    46.472    -2.08    6.76
 137991.055    45.258    -4.20    7.08
 138280.343    43.885    -4.75    7.10
 138569.631    42.920    -3.34    6.71
 138858.919    42.686    -0.81    6.72
 139148.207    44.008     4.57    6.68
 139437.494    44.157     0.51    6.79
 139726.782    44.885     2.52    6.33
 140016.070    45.120     0.81    5.82
 140305.358    44.609    -1.77    6.57
 140594.645    43.303    -4.51    6.93
 140883.933    41.557    -6.04    6.94
 141173.221    40.042    -5.24    6.13
 141462.508    39.070    -3.36    5.87
 141751.796    37.886    -4.09    5.68
 142041.083    36.527    -4.70    5.95
 142330.371    34.077    -8.47    7.68
 142619.658    30.833   -11.21    8.82
 142908.946    27.720   -10.76    8.46
 143198.234    24.505   -11.11    7.54
 143487.521    22.086    -8.36    6.13
 143776.809    20.333    -6.06    4.50
 144066.096    19.747    -2.03    3.56
 144355.384    19.885     0.48    3.37
 144644.671    19.764    -0.42    2.88
 144933.959    20.182     1.45    2.35
 145223.246    20.350     0.58    2.18
 145512.534    20.530     0.62    1.86
 145801.821    20.579     0.17    1.79
 146091.109    20.784     0.71    2.13
 146380.396    21.372     2.03    2.83
 146669.684    22.123     2.60    4.33
 146958.972    23.428     4.51    6.02
 147248.259    24.375     3.27    6.68
 147537.547    24.971     2.06    7.04
 147826.834    27.275     7.97    7.63
 148116.122    28.986     5.91    7.54
 148405.410    30.227     4.29    7.26
 148694.697    30.347     0.42    7.15
 148983.985    29.870    -1.65    6.79
 149273.273    30.463     2.05    6.50
 149562.560    29.789    -2.33    6.54
 149851.848    27.513    -7.87    6.77
 150141.136    25.919    -5.51    6.37
 150430.424    23.699    -7.67    4.92
 150719.711    22.550    -3.97    4.10
 151008.999    21.986    -1.95    3.73
 151298.287    20.820    -4.03    2.18
 151587.575    20.336    -1.67    2.06
 151876.863    20.191    -0.50    1.89
 152166.151    19.866    -1.12    1.86
 152455.439    19.503    -1.26    2.09
 152744.727    19.316    -0.65    2.01
 153034.015    19.292    -0.08    1.89
 153323.303    19.203    -0.31    1.85
 153612.591    19.498     1.02    2.06
 153901.879    19.833     1.16    2.57
 154191.167    20.385     1.91    3.39
 154480.456    21.070     2.37    4.03
 154769.744    21.258     0.65    4.02
 155059.032    21.703     1.54    4.65
 155348.321    22.299     2.06    4.55
 155637.609    22.165    -0.46    4.40
 155926.897    21.986    -0.62    3.91
 156216.186    21.953    -0.12    3.29
 156505.475    22.904     3.29    4.06
 156794.763    24.077     4.05    4.70
 157084.052    25.316     4.28    5.05
 157373.341    26.581     4.37    5.80
 157662.629    28.471     6.53    6.41
 157951.918    29.576     3.82    6.75
 158241.207    30.126     1.90    6.57
 158530.496    30.316     0.66    6.60
 158819.785    31.230     3.16    6.67
 159109.074    32.157     3.21    6.50
 159398.363    31.736    -1.45    6.44
 159687.652    30.936    -2.77    6.50
 159976.942    30.170    -2.65    6.50
 160266.231    29.222    -3.28    6.26
 160555.520    28.471    -2.60    5.79
 160844.810    27.986    -1.67    5.34
 161134.100    27.286    -2.42    4.86
 161423.389    27.969     2.36    5.14
 161712.679    29.347     4.76    5.58
 162001.969    30.247     3.11    5.40
 162291.258    31.299     3.64    5.32
 162580.548    31.636     1.17    5.55
 162869.838    31.887     0.87    5.89
 163159.128    32.609     2.49    6.02
 163448.419    31.836    -2.67    6.46
 163737.709    31.814    -0.08    6.98
 164026.999    30.520    -4.47    7.36
 164316.290    29.614    -3.13    7.95
 164605.580    29.350    -0.91    8.21
 164894.871    27.038    -7.99    8.92
 165184.161    25.153    -6.52    8.76
 165473.452    23.436    -5.93    8.14
 165762.743    21.109    -8.05    7.00
 166052.034    20.120    -3.42    6.76
 166341.325    18.086    -7.03    5.63
 166630.616    16.463    -5.61    4.05
 166919.907    15.986    -1.65    4.09
 167209.199    14.902    -3.75    3.54
 167498.490    14.428    -1.64    3.79
 167787.781    13.403    -3.54    3.68
 168077.073    12.936    -1.61    4.41
 168366.365    12.471    -1.61    4.37
 168655.657    12.169    -1.05    4.37
 168944.949    12.470     1.04    4.22
 169234.241    12.733     0.91    3.96
 169523.533    13.320     2.03    3.64
 169812.825    13.109    -0.73    3.22
 170102.117    12.347    -2.63    2.75
 170391.410    11.153    -4.13    2.97
 170680.702     9.764    -4.80    2.88
 170969.995     8.553    -4.19    2.52
 171259.288     7.462    -3.77    1.86
 171548.581     6.592    -3.01    1.50
 171837.874     6.092    -1.73    1.63
 172127.167     5.385    -2.44    2.07
 172416.460     5.166    -0.76    2.24
 172705.754     4.678    -1.69    2.75
 172995.047     3.730    -3.28    3.41
 173284.341     3.764     0.12    3.74
 173573.635     4.077     1.08    4.29
 173862.929     3.033    -3.61    5.51
 174152.223     1.530    -5.20    6.09
 174441.517     1.636     0.37    6.88
 174730.811     2.621     3.40    7.62
 175020.106     3.195     1.99    7.72
 175309.400     3.720     1.81    7.40
 175598.695     4.343     2.16    6.61
 175887.990     5.753     4.87    4.72
 176177.285     5.526    -0.79    3.29
 176466.580     4.247    -4.42    1.55
 176755.875     4.042    -0.71    1.19
 177045.170     4.191     0.51    1.15
 177334.466     4.530     1.17    1.07
 177623.761     4.781     0.87    1.21
 177913.057     5.053     0.94    1.21
 178202.353     5.287     0.81    1.11
 178491.649     5.411     0.43    1.10
 178780.945     5.420     0.03    1.02
 179070.242     5.411    -0.03    1.02
 179359.538     5.520     0.38    1.14
 179648.835     5.656     0.47    1.16
 179938.132     6.004     1.20    1.22
 180227.429     6.247     0.84    1.22
 180516.726     6.530     0.98    1.23
 180806.023     7.053     1.81    1.29
 181095.321     7.463     1.42    1.31
 181384.618     8.003     1.87    1.56
 181673.916     8.643     2.21    1.57
 181963.214     8.985     1.18    1.45
 182252.512     9.370     1.33    1.17
 182541.811     9.242    -0.44    1.25
 182831.109     9.178    -0.22    1.25
 183120.408     8.972    -0.71    1.30
 183409.706     8.784    -0.65    1.20
 183699.005     8.513    -0.94    1.12
 183988.304     8.199    -1.09    1.14
 184277.604     8.055    -0.50    1.05
 184566.903     8.008    -0.16    1.02
 184856.203     7.920    -0.30    1.08
 185145.503     7.885    -0.12    1.08
 185434.803     7.786    -0.34    1.23
 185724.103     7.643    -0.49    1.28
 186013.403     7.488    -0.54    1.31
 186302.704     7.195    -1.01    1.32
 186592.004     6.799    -1.37    1.49
 186881.305     6.346    -1.56    1.35
 187170.570     5.954    -1.36    1.26
 187459.832     5.665    -1.00    1.16
 187749.095     5.385    -0.97    0.94
 188038.358     5.195    -0.66    0.87
 188327.621     4.856    -1.17    1.06
 188616.884     4.553    -1.05    1.18
 188906.147     4.420    -0.46    1.13
 189195.411     4.638     0.76    1.66
 189484.675     5.299     2.28    2.24
 189773.939     6.208     3.14    2.54
 190063.203     6.767     1.93    2.53
 190352.467     7.670     3.12    2.55
 190641.732     8.436     2.65    2.82
 190930.997     9.678     4.29    3.75
 191220.261    10.077     1.38    5.29
 191509.527     9.818    -0.90    6.17
 191798.792     9.586    -0.80    6.77
 192088.058     9.109    -1.65    7.45
 192377.323     9.936     2.86    7.84
 192666.589    10.633     2.41    7.98
 192955.856    11.089     1.58    7.49
 193245.122    12.570     5.12    6.79
 193534.389    14.303     5.99    6.56
 193823.656    16.723     8.37    6.49
 194112.923    18.454     5.98    4.93
 194402.190    19.089     2.19    5.11
 194691.457    20.643     5.37    5.90
 194980.725    21.723     3.73    6.35
 195269.993    23.232     5.21    5.63
 195559.261    23.505     0.95    5.37
 195848.530    24.053     1.89    4.59
 196137.798    23.633    -1.45    3.94
 196427.067    23.888     0.88    4.29
 196716.336    24.242     1.22    4.02
 197005.605    24.936     2.40    4.75
 197294.875    25.230     1.01    5.17
 197584.145    25.814     2.02    5.26
 197873.415    26.038     0.78    5.25
 198162.685    26.954     3.17    5.41
 198451.955    28.001     3.62    5.75
 198741.226    29.157     4.00    5.83
 199030.497    30.061     3.13    5.35
 199319.768    30.242     0.62    5.13
 199609.039    31.281     3.59    4.94
 199898.311    31.707     1.47    4.57
 200187.583    31.764     0.20    4.80
 200476.855    30.592    -4.05    5.35
 200766.127    29.557    -3.58    5.44
 201055.400    29.831     0.95    5.51
 201344.673    29.936     0.36    5.46
 201633.946    30.665     2.52    5.74
 201923.219    30.920     0.88    5.59
 202212.493    31.603     2.36    5.58
 202501.766    31.367    -0.81    5.62
 202791.041    30.904    -1.60    5.73
 203080.315    29.852    -3.64    5.43
 203369.589    28.703    -3.97    4.64
 203658.864    28.059    -2.23    4.70
 203948.139    27.367    -2.39    5.22
 204237.415    27.419     0.18    5.39
 204526.690    27.971     1.91    6.24
 204815.966    28.084     0.39    6.64
 205105.242    28.454     1.28    6.80
 205394.519    28.767     1.08    6.64
 205683.795    27.776    -3.43    5.48
 205973.072    26.886    -3.08    4.47
 206262.350    25.840    -3.62    3.36
 206551.627    25.801    -0.13    2.98
 206840.905    26.089     1.00    3.29
 207130.183    26.005    -0.29    2.98
 207419.461    26.299     1.01    2.73
 207708.740    26.620     1.11    3.25
 207998.019    27.106     1.68    3.77
 208287.298    28.356     4.32    4.06
 208576.577    29.294     3.24    4.30
 208865.857    30.353     3.66    4.52
 209155.137    31.796     4.99    5.51
 209444.417    32.346     1.90    5.52
 209733.697    33.412     3.68    5.59
 210022.978    33.574     0.56    5.41
 210312.259    33.903     1.13    5.16
 210601.541    33.722    -0.62    5.45
 210890.822    32.314    -4.87    5.67
 211180.104    31.120    -4.13    5.62
 211469.386    30.553    -1.96    5.90
 211758.669    29.767    -2.72    5.87
 212047.952    28.722    -3.61    6.04
 212337.235    27.385    -4.62    5.62
 212626.518    27.092    -1.01    5.53
 212915.802    27.020    -0.25    4.94
 213205.086    26.496    -1.81    4.80
 213494.370    26.182    -1.08    4.27
 213783.655    25.574    -2.10    3.99
 214072.940    25.230    -1.19    3.59
 214362.225    24.920    -1.07    3.24
 214651.510    24.411    -1.76    2.64
 214940.796    23.936    -1.64    2.36
 215230.082    23.781    -0.54    2.39
 215519.369    23.472    -1.07    2.17
 215808.656    23.470    -0.01    1.83
 216097.943    23.653     0.63    1.72
 216387.230    23.791     0.48    1.74
 216676.518    24.040     0.86    1.80
 216965.806    25.057     3.52    3.72
 217255.094    26.275     4.21    5.36
 217544.383    28.333     7.11    7.17
 217833.671    30.740     8.32    8.53
 218122.961    32.643     6.58    8.63
 218412.250    34.161     5.24    8.69
 218701.540    34.436     0.95    8.90
 218990.830    34.143    -1.01    8.61
 219280.121    34.336     0.67    8.24
 219569.412    34.592     0.88    7.35
 219858.703    34.620     0.10    6.96
 220147.994    33.347    -4.40    6.30
 220437.286    33.247    -0.35    5.58
 220726.579    33.182    -0.22    5.62
 221015.871    32.614    -1.96    6.25
 221305.164    31.270    -4.65    6.39
 221594.457    29.597    -5.78    6.27
 221883.751    28.005    -5.50    5.71
 222173.044    26.225    -6.16    3.73
 222462.339    25.386    -2.90    3.01
 222751.633    24.517    -3.01    2.53
 223040.928    24.712     0.67    3.13
 223330.223    25.703     3.42    4.20
 223619.519    27.287     5.48    5.46
 223908.815    29.203     6.62    6.28
 224198.111    31.174     6.81    6.16
 224487.407    31.902     2.52    5.70
 224776.704    31.631    -0.94    5.64
 225066.002    30.402    -4.25    6.26
 225355.299    28.920    -5.12    6.19
 225644.597    26.733    -7.56    4.67
 225933.896    26.070    -2.29    3.81
 226223.194    26.479     1.41    4.37
 226512.493    27.287     2.79    5.10
 226801.793    28.326     3.59    6.35
 227091.093    28.195    -0.45    6.99
 227380.393    27.070    -3.89    7.84
 227669.693    25.564    -5.21    7.38
 227958.994    24.007    -5.38    6.46
 228248.295    21.850    -7.45    4.34
 228537.597    20.186    -5.75    4.40
 228826.899    19.636    -1.90    3.84
 229116.201    19.597    -0.13    3.79
 229405.504    19.603     0.02    3.88
 229694.807    20.126     1.81    3.44
 229984.110    21.112     3.41    2.61
 230273.414    21.836     2.50    2.63
 230562.718    22.462     2.16    2.56
 230852.023    22.953     1.70    2.55
 231141.328    23.200     0.85    2.50
 231430.633    23.436     0.82    3.11
 231719.938    23.712     0.95    3.15
 232009.245    24.109     1.37    3.24
 232298.551    24.084    -0.09    3.71
 232587.858    24.195     0.38    4.02
 232877.165    25.023     2.86    4.40
 233166.472    25.488     1.61    4.51
 233455.780    26.419     3.22    5.19
 233745.089    27.020     2.08    5.76
 234034.398    27.626     2.10    6.18
 234323.707    28.320     2.40    6.11
 234613.016    28.419     0.34    5.70
 234902.326    28.661     0.84    5.59
 235191.636    28.853     0.67    5.22
 235480.947    28.140    -2.47    4.77
 235770.258    27.822    -1.10    4.36
 236059.570    27.686    -0.47    3.87
 236348.882    28.592     3.13    4.13
 236638.194    30.126     5.30    4.57
 236927.507    30.170     0.15    4.67
 237216.820    30.920     2.59    5.49
 237506.133    31.333     1.43    5.69
 237795.447    32.336     3.47    5.92
 238084.761    32.305    -0.11    6.14
 238374.076    32.703     1.38    6.17
 238663.391    33.720     3.51    6.17
 238952.707    35.055     4.62    6.05
 239242.023    35.820     2.64    6.08
 239531.339    37.020     4.15    6.27
 239820.656    37.767     2.58    6.94
 240109.973    37.781     0.05    6.56
 240399.291    37.920     0.48    6.64
 240688.609    36.970    -3.28    6.63
 240977.927    36.044    -3.20    7.03
 241267.246    34.225    -6.29    6.94
 241556.565    31.833    -8.27    7.11
 241845.885    30.386    -5.00    6.43
 242135.205    28.870    -5.24    6.34
 242424.525    27.230    -5.67    4.90
 242713.846    26.074    -3.99    4.29
 243003.168    25.436    -2.20    3.62
 243292.490    25.625     0.65    3.57
 243581.812    26.203     2.00    4.17
 243871.135    26.336     0.46    4.23
 244160.458    26.419     0.29    4.21
 244449.781    25.776    -2.22    4.06
 244739.105    24.953    -2.84    3.63
 245028.430    24.264    -2.38    3.12
 245317.755    23.936    -1.13    2.54
 245607.080    24.281     1.19    3.50
 245896.406    25.092     2.80    4.53
 246185.732    26.299     4.17    5.38
 246475.058    26.626     1.13    5.56
 246764.386    25.953    -2.33    6.01
 247053.713    25.385    -1.96    6.17
 247343.041    24.275    -3.83    6.46
 247632.369    21.954    -8.02    5.98
 247921.698    19.358    -8.97    5.84
 248211.028    16.227   -10.82    6.50
 248500.357    13.970    -7.80    6.55
 248789.688    12.530    -4.98    6.50
 249079.018    10.463    -7.14    6.05
 249368.284     9.402    -3.67    5.43
 249657.519     9.386    -0.05    5.56
 249946.753    10.869     5.12    5.86
 250235.989    13.086     7.67    5.46
 250525.224    15.402     8.01    3.95
 250814.461    16.747     4.65    4.08
 251103.697    18.204     5.04    3.34
 251392.934    19.003     2.76    2.62
 251682.172    19.428     1.47    2.23
 251971.410    19.316    -0.39    2.35
 252260.649    19.699     1.33    3.40
 252549.888    20.042     1.18    4.12
 252839.127    20.309     0.93    4.40
 253128.367    20.953     2.23    5.01
 253417.607    22.153     4.15    5.40
 253706.848    23.203     3.63    5.43
 253996.090    23.814     2.11    5.24
 254285.332    23.886     0.25    4.90
 254574.574    23.247    -2.21    4.81
 254863.817    22.756    -1.70    4.68
 255153.060    22.166    -2.04    3.83
 255442.304    22.042    -0.43    3.75
 255731.548    22.333     1.01    3.91
 256020.793    22.186    -0.51    3.93
 256310.038    22.646     1.59    3.80
 256599.284    22.986     1.18    3.70
 256888.530    22.987     0.00    4.04
 257177.776    23.747     2.63    4.27
 257467.024    25.024     4.42    5.00
 257756.271    26.360     4.62    5.46
 258045.519    26.648     1.00    5.88
 258334.768    26.549    -0.34    6.11
 258624.017    26.055    -1.71    6.50
 258913.267    25.669    -1.34    6.38
 259202.517    25.343    -1.12    6.52
 259491.768    24.867    -1.64    6.01
 259781.019    25.264     1.37    6.16
 260070.270    26.161     3.10    6.43
 260359.522    28.488     8.05    6.76
 260648.775    30.850     8.17    6.76
 260938.028    33.109     7.81    6.48
 261227.282    34.053     3.26    6.30
 261516.536    34.264     0.73    5.73
 261805.791    34.736     1.63    5.46
 262095.046    35.151     1.43    5.14
 262384.302    35.748     2.06    5.21
 262673.558    35.741    -0.02    5.01
 262962.815    36.319     2.00    5.03
