#  287.820  -0.299   2.191 ;Mean Elev.(m), Avg Gradient(m/km), RMS Gradient(m/km) - SRTM1     
#  274.036  -0.266   4.457 ;Mean Elev.(m), Avg Gradient(m/km), RMS Gradient(m/km) - ASTER GDEM
#  288.000  -0.297   2.356 ;Mean Elev.(m), Avg Gradient(m/km), RMS Gradient(m/km) - GMTED2010 
  31  16.765774  -1.287354   290.665   290.665  2 54963.22022464 56.142
  34  16.762690  -1.290175   290.913   290.838  5 54992.96716750 53.089
  35  16.762753  -1.291368   290.843   290.789  5 55002.88281362 55.071
  36  16.761969  -1.292200   290.577   290.584  4 55012.79845768 55.143
  37  16.761709  -1.293951   290.618   290.676  5 55022.71410066 50.330
  46  16.760536  -1.297578   291.338   291.325  4 55111.95489467 54.297
  47  16.761118  -1.294993   291.534   291.528  4 55121.87053765 53.835
  48  16.761691  -1.292350   291.746   291.741  4 55131.78617779 53.883
  49  16.761887  -1.291630   292.192   292.119  5 55141.70181645 52.780
  58  16.760317  -1.298072   291.085   291.102  3 55230.94261844 45.982
  59  16.760587  -1.296681   290.995   290.985  4 55240.85826274 51.296
  60  16.760259  -1.297319   290.727   290.591  4 55250.77390380 50.155
  61  16.759636  -1.299169   290.207   290.160  4 55260.68954304 38.658
  70  16.761792  -1.291242   290.943   290.988  5 55349.93031468 54.255
  71  16.763042  -1.290312   291.072   291.010  4 55359.84595611 50.241
  72  16.763376  -1.290427   290.841   290.807  5 55369.76159550 54.948
  73  16.763217  -1.289693   290.790   290.775  4 55379.67723337 52.815
  82  16.761978  -1.291590   291.531   291.524  5 55468.91802445 51.381
  83  16.763926  -1.289487   291.480   291.481  3 55478.83366250 54.185
  84  16.765861  -1.288627   291.467   291.467  2 55488.74929798 55.679
  93  16.761396  -1.293341   290.954   290.966  5 55577.99009327 49.703
  94  16.763102  -1.290426   290.501   290.517  5 55587.90573211 50.120
  95  16.765659  -1.288433   290.263   290.274  3 55597.82136809 54.217
  96  16.767153  -1.287451   290.075   290.075  2 55607.73700155 32.278
 105  16.764729  -1.288470   289.558   289.555  3 55696.97778377 50.161
 107  16.766952  -1.288184   289.343   289.343  2 55716.80906847 55.730
 108  16.764755  -1.289213   289.285   289.246  4 55726.72471661 31.527
 123  16.765700  -1.288066   292.170   292.172  3 55875.45934519 54.104
 124  16.765070  -1.288413   292.408   292.408  2 55885.37499283 56.243
 133  16.762765  -1.290054   289.847   289.767  5 55974.61578053 45.792
 134  16.764333  -1.288076   289.618   289.624  3 55984.53141701 48.606
 145  16.762807  -1.291417   290.142   290.168  5 56093.60349435 49.788
 146  16.762765  -1.291235   289.901   289.844  5 56103.51913962 47.053
 147  16.763185  -1.289895   289.816   289.837  4 56113.43477038 52.663
 148  16.764671  -1.289308   289.666   289.669  4 56123.35040919 31.633
 157  16.766856  -1.287271   291.616   291.616  2 56212.59117637 54.600
 164  16.763825  -1.289832   292.308   292.313  4 56282.00069318 55.807
 169  16.761658  -1.293765   290.957   290.984  4 56331.57891858 41.111
 171  16.765251  -1.288210   290.197   290.197  2 56351.41019696 32.393
 174  16.761130  -1.294489   290.030   290.059  5 56381.15713495 32.572
 180  16.762970  -1.291232   290.763   290.849  5 56440.65098682 42.084
 181  16.761299  -1.295219   290.923   290.933  4 56450.56663796 50.815
 182  16.760716  -1.294361   290.133   290.142  4 56460.48228614 45.464
 183  16.761309  -1.294212   289.637   289.625  4 56470.39793131 28.153
 192  16.761994  -1.290271   290.767   290.809  5 56559.63870833 48.962
 193  16.762033  -1.292027   290.829   290.781  5 56569.55435076 42.180
 194  16.763391  -1.290425   291.281   291.217  4 56579.46999154 41.709
 204  16.760942  -1.294361   290.983   290.989  4 56678.62644222 52.806
 205  16.761284  -1.294286   290.464   290.489  4 56688.54208628 34.976
 206  16.762302  -1.291021   290.379   290.368  4 56698.45772740 30.364
 207  16.764657  -1.287792   290.298   290.333  3 56708.37336405 31.210
 211  16.760047  -1.298401   290.103   289.992  3 56748.03595113 49.674
 212  16.761478  -1.294449   290.092   290.004  5 56757.95159052 51.207
 215  16.761444  -1.292715   290.882   290.874  4 56787.69852494 51.693
 216  16.759490  -1.300367   291.248   291.237  4 56797.61417876 51.696
 223  16.761851  -1.290991   290.486   290.474  5 56867.02367293 53.495
 224  16.761685  -1.294094   290.622   290.612  4 56876.93932487 53.148
 227  16.759966  -1.298286   291.343   291.400  4 56906.68626198 51.879
 228  16.759704  -1.299008   291.316   291.313  4 56916.60190306 45.256
 235  16.762279  -1.291467   292.881   292.880  5 56986.01139547 55.382
 236  16.765290  -1.288087   293.006   293.016  3 56995.92702935 55.849
 239  16.761775  -1.291010   292.583   292.583  5 57025.67397778 54.685
 243  16.763327  -1.289367   290.033   290.011  4 57065.33655489 52.632
 247  16.762013  -1.292612   289.740   289.731  4 57104.99913052 48.134
 251  16.762916  -1.290009   290.300   290.236  5 57144.66170333 31.628
 255  16.762413  -1.290451   290.397   290.415  5 57184.32428560 31.519
 259  16.761652  -1.292858   290.250   290.182  4 57223.98685920 46.971
 267  16.762252  -1.289624   290.784   290.756  5 57303.31201110 44.419
 270  16.760802  -1.297644   291.587   291.577  4 57333.05894649 54.601
 271  16.761617  -1.293249   292.124   292.123  4 57342.97458552 54.526
 275  16.762158  -1.291508   293.080   293.069  4 57382.63716137 56.612
 282  16.761116  -1.297829   290.006   289.928  4 57452.04667969 52.393
 283  16.761486  -1.294140   289.997   289.984  4 57461.96232355 44.169
 293  16.761393  -1.296160   291.434   291.424  4 57561.11876796 53.501
 294  16.761160  -1.295153   291.056   291.102  4 57571.03441213 53.003
 295  16.761961  -1.293472   290.787   290.806  5 57580.95005599 51.459
 296  16.763057  -1.290894   290.436   290.414  5 57590.86569791 51.734
 297  16.763834  -1.290430   290.489   290.505  4 57600.78133757 54.157
