#  316.048  -1.290   2.472 ;Mean Elev.(m), Avg Gradient(m/km), RMS Gradient(m/km) - SRTM1     
#  304.260  -1.824   4.499 ;Mean Elev.(m), Avg Gradient(m/km), RMS Gradient(m/km) - ASTER GDEM
#  316.064  -1.170   2.436 ;Mean Elev.(m), Avg Gradient(m/km), RMS Gradient(m/km) - GMTED2010 
   1   313.168 54668.71721964 33.01  18.697987   1.238233   -100 -100.00 -100.00 -100.00
   1   313.256 54668.71722023 31.87  18.698879   1.235732   -100  268.20  271.67  266.11
   1   313.167 54668.71722082 32.11  18.699771   1.233230   -100  268.20  271.67  266.11
   2   313.524 54678.63286380 54.27  18.697335   1.236810 26.967  273.15  275.91  270.69
   2   313.487 54678.63286439 55.09  18.698227   1.234309   -100  273.15  275.91  270.69
   2   313.513 54678.63286498 55.05  18.699119   1.231807 31.024  273.15  275.91  270.69
   4   314.140 54698.46414737 53.76  18.700028   1.240806  2.347 -100.00 -100.00 -100.00
   4   313.870 54698.46414796 53.67  18.700921   1.238304 25.792 -100.00 -100.00 -100.00
   4   313.894 54698.46414855 56.16  18.701813   1.235802 32.085 -100.00 -100.00 -100.00
   6   314.124 54718.29544272 52.49  18.699221   1.239256   -100  270.74  274.56  268.92
   6   314.130 54718.29544331 53.07  18.700113   1.236754   -100  270.74  274.56  268.92
   6   314.146 54718.29544390 54.15  18.701006   1.234252   -100  270.74  274.56  268.92
   8   314.518 54738.12673945 47.95  18.692911   1.236756   -100  268.77  272.56  267.11
   8   314.186 54738.12674004 49.86  18.693804   1.234255  0.253  268.77  272.56  267.11
   8   314.140 54738.12674063 52.02  18.694696   1.231753 15.477  268.77  272.56  267.11
   8   314.090 54738.12674122 54.06  18.695589   1.229251 29.816  268.77  272.56  267.11
   9   314.634 54748.04238604 49.67  18.690642   1.238051   -100  267.53  271.66  266.32
   9   314.218 54748.04238663 51.13  18.691535   1.235549 22.618  267.53  271.66  266.32
   9   314.233 54748.04238722 54.12  18.692427   1.233047 32.684  267.53  271.66  266.32
   9   314.247 54748.04238781 54.10  18.693320   1.230545 29.929  267.53  271.66  266.32
   9   314.252 54748.04238840 55.44  18.694212   1.228043   -100  267.53  271.66  266.32
  10   314.739 54757.95803237 49.99  18.689924   1.239005   -100  269.75  274.32  268.99
  10   314.493 54757.95803296 49.85  18.690816   1.236503  0.634  269.75  274.32  268.99
  10   314.273 54757.95803355 55.08  18.691709   1.234001 30.272  269.75  274.32  268.99
  10   314.282 54757.95803414 54.06  18.692601   1.231500 22.521  269.75  274.32  268.99
  10   314.249 54757.95803473 55.12  18.693493   1.228998   -100  269.75  274.32  268.99
  10   314.258 54757.95803532 55.27  18.694386   1.226496   -100  269.75  274.32  268.99
  11   315.007 54767.87367722 49.79  18.691656   1.237660   -100  268.74  273.33  267.30
  11   314.887 54767.87367781 51.74  18.692548   1.235158   -100  268.74  273.33  267.30
  11   314.616 54767.87367840 54.05  18.693441   1.232657 17.884  268.74  273.33  267.30
  11   314.608 54767.87367899 55.05  18.694333   1.230155 23.058  268.74  273.33  267.30
  11   314.581 54767.87367958 55.75  18.695225   1.227653   -100  268.74  273.33  267.30
  12   315.179 54777.78931843 40.61  18.693354   1.238099   -100  269.13  273.20  267.94
  12   314.986 54777.78931902 40.98  18.694246   1.235597   -100  269.13  273.20  267.94
  12   315.039 54777.78931961 44.80  18.695139   1.233095   -100  269.13  273.20  267.94
  12   315.170 54777.78932020 45.13  18.696031   1.230594   -100  269.13  273.20  267.94
  13   315.171 54787.70495780 53.06  18.695215   1.236435 21.943  270.15  274.66  268.81
  13   315.173 54787.70495839 55.07  18.696107   1.233934 28.416  270.15  274.66  268.81
  13   315.142 54787.70495898 56.20  18.697000   1.231432   -100  270.15  274.66  268.81
  14   315.812 54797.62059600 52.82  18.695921   1.236632   -100  271.92  275.90  270.22
  14   315.806 54797.62059660 54.70  18.696814   1.234130   -100  271.92  275.90  270.22
  14   315.812 54797.62059719 52.72  18.697706   1.231628   -100  271.92  275.90  270.22
  15   315.870 54807.53623439 31.73  18.697635   1.237405 20.433  270.14  274.59  268.57
  15   315.877 54807.53623498 32.69  18.698527   1.234903 19.449  270.14  274.59  268.57
  15   316.168 54807.53623557 37.74  18.699419   1.232402   -100  270.14  274.59  268.57
  16   315.565 54817.45187184 41.42  18.699688   1.240667   -100  271.71  275.66  270.14
  16   315.599 54817.45187243 41.91  18.700580   1.238165   -100  271.71  275.66  270.14
  16   315.641 54817.45187303 44.81  18.701473   1.235663   -100  271.71  275.66  270.14
  17   315.053 54827.36752243 53.06  18.699128   1.239240 12.895 -100.00 -100.00 -100.00
  17   315.041 54827.36752302 54.77  18.700020   1.236739 26.163  269.91  272.81  268.22
  17   315.044 54827.36752361 54.03  18.700912   1.234237 31.788  269.91  272.81  268.22
  18   314.735 54837.28316237 51.88  18.696432   1.236816  1.550  267.28  271.82  265.98
  18   314.537 54837.28316296 54.14  18.697324   1.234314 32.443  267.28  271.82  265.98
  18   314.545 54837.28316355 56.22  18.698216   1.231812   -100  267.28  271.82  265.98
  19   314.268 54847.19881147 49.92  18.691518   1.238545  0.717  266.69  271.33  265.27
  19   314.477 54847.19881206 50.66  18.692411   1.236044   -100  266.69  271.33  265.27
  19   314.400 54847.19881265 51.71  18.693303   1.233542   -100  266.69  271.33  265.27
  19   314.116 54847.19881324 55.03  18.694195   1.231041 18.190  266.69  271.33  265.27
  19   314.055 54847.19881383 55.96  18.695087   1.228539   -100  266.69  271.33  265.27
  20   313.992 54857.11446213 28.85  18.691668   1.230665 15.662  269.21  273.38  267.23
  20   313.912 54857.11446272 36.34  18.692560   1.228164   -100  269.21  273.38  267.23
  20   313.907 54857.11446331 36.84  18.693453   1.225663   -100  269.21  273.38  267.23
  21   314.263 54867.03011105 55.17  18.691169   1.230096 32.563  267.68  271.59  265.84
  21   314.263 54867.03011164 55.31  18.692061   1.227594 31.644  267.68  271.59  265.84
  21   314.263 54867.03011223 53.97  18.692953   1.225093 31.477  267.68  271.59  265.84
  22   314.319 54876.94575887 38.50  18.691277   1.231275   -100  269.83  273.93  267.41
  22   314.444 54876.94575946 43.77  18.692169   1.228774   -100  269.83  273.93  267.41
  22   314.829 54876.94576006 42.86  18.693061   1.226272   -100  269.83  273.93  267.41
  23   314.739 54886.86140244 42.93  18.690247   1.237887   -100  270.43  274.15  267.91
  23   314.436 54886.86140303 48.07  18.691139   1.235385  7.224  270.43  274.15  267.91
  23   314.602 54886.86140362 49.94  18.692031   1.232884 10.345  270.43  274.15  267.91
  23   314.535 54886.86140421 46.17  18.692923   1.230383   -100  270.43  274.15  267.91
  23   314.400 54886.86140480 46.16  18.693815   1.227881  9.068  270.43  274.15  267.91
  24   314.206 54896.77704529 54.14  18.691954   1.232245   -100  273.60  276.56  270.52
  24   314.232 54896.77704588 55.11  18.692846   1.229744 31.024  273.60  276.56  270.52
  24   314.213 54896.77704647 55.11  18.693738   1.227242   -100  273.60  276.56  270.52
  25   314.308 54906.69268429 28.97  18.690739   1.232143 18.697  271.47  274.60  269.02
  25   314.217 54906.69268488 24.59  18.691631   1.229642  9.320  271.47  274.60  269.02
  25   314.041 54906.69268547 23.69  18.692523   1.227140  8.025  271.47  274.60  269.02
  26   313.965 54916.60832263 49.27  18.691064   1.231306 27.223 -100.00 -100.00 -100.00
  26   313.967 54916.60832322 49.52  18.691956   1.228805 24.993 -100.00 -100.00 -100.00
  26   313.959 54916.60832381 51.25  18.692849   1.226304   -100  274.70  277.59  272.05
  27   314.451 54926.52395933 46.75  18.690293   1.238361   -100  276.52  278.61  273.72
  27   314.460 54926.52395992 46.10  18.691185   1.235860 32.673  276.52  278.61  273.72
  27   314.290 54926.52396051 49.13  18.692077   1.233358   -100  276.52  278.61  273.72
  27   314.413 54926.52396110 51.95  18.692969   1.230857   -100  276.52  278.61  273.72
  27   314.213 54926.52396169 51.13  18.693861   1.228356   -100  276.52  278.61  273.72
  28   314.561 54936.43959768 48.00  18.694226   1.236659   -100  275.06  278.15  272.84
  28   314.149 54936.43959827 51.18  18.695118   1.234158 22.960  275.06  278.15  272.84
  28   314.136 54936.43959887 53.74  18.696010   1.231657   -100  275.06  278.15  272.84
  29   314.666 54946.35523384 53.93  18.698257   1.236739   -100  275.72  279.09  273.36
  29   314.599 54946.35523443 52.43  18.699149   1.234238  1.206  275.72  279.09  273.36
  30   314.959 54956.27086625 51.98  18.700782   1.241191  0.979 -100.00 -100.00 -100.00
  30   315.036 54956.27086684 54.06  18.701674   1.238690   -100 -100.00 -100.00 -100.00
  30   315.029 54956.27086743 52.23  18.702566   1.236188   -100 -100.00 -100.00 -100.00
  31   314.971 54966.18651535 52.88  18.698821   1.239072   -100  267.01  271.90  265.61
  31   314.866 54966.18651594 53.89  18.699713   1.236570  4.732  267.01  271.90  265.61
  31   314.795 54966.18651654 53.76  18.700605   1.234069  8.491  267.01  271.90  265.61
  32   314.965 54976.10216340 53.90  18.697304   1.236056  6.406  266.90  271.18  265.39
  32   315.011 54976.10216399 55.85  18.698196   1.233555   -100  266.90  271.18  265.39
  33   314.766 54986.01781002 33.03  18.695210   1.238166 18.603  268.81  273.37  267.31
  33   314.777 54986.01781061 33.78  18.696102   1.235665 20.354  268.81  273.37  267.31
  33   314.898 54986.01781120 38.52  18.696994   1.233163   -100  268.81  273.37  267.31
  33   315.032 54986.01781179 38.49  18.697886   1.230662   -100  268.81  273.37  267.31
  34   314.943 54995.93345731 50.76  18.695536   1.237927   -100  270.92  274.88  269.15
  34   314.737 54995.93345790 52.84  18.696428   1.235426   -100  270.92  274.88  269.15
  34   314.708 54995.93345849 54.91  18.697320   1.232924  4.181  270.92  274.88  269.15
  35   314.097 55005.84910290 51.91  18.695677   1.237935   -100  268.35  271.96  266.38
  35   313.897 55005.84910349 54.18  18.696569   1.235434 20.671  268.35  271.96  266.38
  35   313.860 55005.84910408 55.21  18.697462   1.232932   -100  268.35  271.96  266.38
  36   314.096 55015.76474619 50.33  18.694861   1.238024   -100  270.07  273.66  267.98
  36   314.196 55015.76474678 53.15  18.695753   1.235522   -100  270.07  273.66  267.98
  36   314.121 55015.76474737 53.84  18.696645   1.233021   -100  270.07  273.66  267.98
  36   313.766 55015.76474796 56.09  18.697538   1.230519   -100  270.07  273.66  267.98
  37   314.219 55025.68038854 51.03  18.694102   1.236617   -100  272.40  275.77  269.98
  37   314.169 55025.68038913 49.00  18.694995   1.234116   -100  272.40  275.77  269.98
  37   313.914 55025.68038972 52.44  18.695887   1.231614 14.927  272.40  275.77  269.98
  38   313.515 55035.59603015 46.19  18.693092   1.237576  3.638  273.53  276.78  271.36
  38   313.537 55035.59603074 48.15  18.693984   1.235075 10.546  273.53  276.78  271.36
  38   313.575 55035.59603133 50.13  18.694877   1.232573 17.968  273.53  276.78  271.36
  38   313.635 55035.59603192 44.93  18.695769   1.230071   -100  273.53  276.78  271.36
  39   313.447 55045.51167169 52.16  18.694896   1.237265 11.535  273.68  276.65  271.19
  39   313.435 55045.51167228 54.23  18.695788   1.234763 24.707  273.68  276.65  271.19
  39   313.407 55045.51167287 55.27  18.696680   1.232261   -100  273.68  276.65  271.19
  40   313.297 55055.42731159 54.29  18.698505   1.237896   -100  273.23  276.46  271.13
  40   313.293 55055.42731218 54.30  18.699397   1.235394   -100  273.23  276.46  271.13
  40   313.287 55055.42731277 50.79  18.700289   1.232892   -100  273.23  276.46  271.13
  41   313.777 55065.34294889 49.30  18.700976   1.239758   -100  272.89  276.42  270.51
  41   313.751 55065.34294948 50.97  18.701868   1.237257  0.799  272.89  276.42  270.51
  42   313.782 55075.25859739 53.27  18.698766   1.238053   -100 -100.00 -100.00 -100.00
  42   313.791 55075.25859798 54.31  18.699659   1.235551   -100 -100.00 -100.00 -100.00
  42   313.810 55075.25859857 53.59  18.700551   1.233049   -100 -100.00 -100.00 -100.00
  43   314.034 55085.17424500 51.17  18.694451   1.237618   -100 -100.00 -100.00 -100.00
  43   313.660 55085.17424559 53.22  18.695344   1.235116 22.087 -100.00 -100.00 -100.00
  43   313.664 55085.17424618 55.26  18.696236   1.232614   -100  267.22  271.16  265.92
  43   313.660 55085.17424677 53.36  18.697129   1.230112   -100  267.22  271.16  265.92
  44   313.825 55095.08989046 50.32  18.690857   1.239141 22.764  266.48  270.76  264.89
  44   313.934 55095.08989105 49.34  18.691749   1.236639   -100  266.48  270.76  264.89
  44   313.974 55095.08989164 52.30  18.692641   1.234137   -100  266.48  270.76  264.89
  44   313.990 55095.08989223 53.98  18.693534   1.231636   -100  266.48  270.76  264.89
  44   313.834 55095.08989282 56.12  18.694426   1.229134 10.946  266.48  270.76  264.89
  45   314.445 55105.00553629 39.04  18.690592   1.238408 24.375  268.54  273.14  266.85
  45   314.276 55105.00553688 43.72  18.691484   1.235907   -100  268.54  273.14  266.85
  45   314.040 55105.00553747 47.56  18.692376   1.233405 11.066  268.54  273.14  266.85
  45   313.831 55105.00553806 46.86  18.693269   1.230903 10.810  268.54  273.14  266.85
  45   313.944 55105.00553865 49.41  18.694161   1.228402 26.950  268.54  273.14  266.85
  46   314.614 55114.92118206 50.16  18.691907   1.237161   -100  269.55  273.88  268.41
  46   314.457 55114.92118265 52.91  18.692799   1.234659  0.118  269.55  273.88  268.41
  46   314.270 55114.92118324 55.10  18.693692   1.232158 12.513  269.55  273.88  268.41
  46   314.218 55114.92118383 56.30  18.694584   1.229656 23.700  269.55  273.88  268.41
  47   314.402 55124.83682479 40.87  18.692845   1.238602   -100  269.23  273.63  268.21
  47   314.415 55124.83682538 37.40  18.693737   1.236101 31.362  269.23  273.63  268.21
  47   314.459 55124.83682597 41.22  18.694630   1.233599   -100  269.23  273.63  268.21
  47   314.515 55124.83682656 43.15  18.695522   1.231097   -100  269.23  273.63  268.21
  48   315.087 55134.75246562 49.32  18.694576   1.236881   -100  269.78  274.17  267.96
  48   315.126 55134.75246621 50.82  18.695469   1.234380   -100  269.78  274.17  267.96
  48   314.751 55134.75246680 53.22  18.696361   1.231878 23.058  269.78  274.17  267.96
  49   314.884 55144.66810378 50.19  18.694625   1.238258  6.116  270.36  274.35  268.52
  49   315.253 55144.66810437 51.75  18.695518   1.235756   -100  270.36  274.35  268.52
  49   314.861 55144.66810496 53.21  18.696410   1.233255 18.278  270.36  274.35  268.52
  49   314.805 55144.66810556 52.44  18.697303   1.230753   -100  270.36  274.35  268.52
  50   315.099 55154.58374234 53.22  18.695678   1.236662 25.477  270.65  274.49  268.72
  50   315.106 55154.58374293 55.26  18.696570   1.234160   -100  270.65  274.49  268.72
  50   315.114 55154.58374352 57.33  18.697463   1.231658   -100  270.65  274.49  268.72
  51   315.563 55164.49938082 53.94  18.696530   1.238122   -100  272.03  275.23  270.00
  51   315.556 55164.49938141 55.72  18.697422   1.235621   -100  272.03  275.23  270.00
  51   315.459 55164.49938200 55.32  18.698314   1.233119  5.803  272.03  275.23  270.00
  52   315.683 55174.41501931 44.43  18.698607   1.239516   -100 -100.00 -100.00 -100.00
  52   315.396 55174.41501990 41.99  18.699499   1.237014   -100 -100.00 -100.00 -100.00
  52   315.715 55174.41502049 42.33  18.700391   1.234513   -100 -100.00 -100.00 -100.00
  53   315.890 55184.33065950 52.86  18.701087   1.239332   -100  268.89  272.56  267.05
  53   315.882 55184.33066009 54.90  18.701979   1.236830   -100  268.89  272.56  267.05
  54   315.312 55194.24631140 55.14  18.698349   1.237507 28.398  265.02  269.74  264.12
  54   315.561 55194.24631199 56.12  18.699241   1.235005  6.797  265.02  269.74  264.12
  55   315.377 55204.16196136 52.21  18.694151   1.237050  8.883 -100.00 -100.00 -100.00
  55   315.670 55204.16196195 53.93  18.695043   1.234548   -100 -100.00 -100.00 -100.00
  55   315.441 55204.16196255 56.21  18.695935   1.232047 10.186 -100.00 -100.00 -100.00
  55   315.307 55204.16196314 55.43  18.696828   1.229545   -100 -100.00 -100.00 -100.00
  56   315.411 55214.07761021 50.34  18.690902   1.238100   -100  267.51  272.83  266.51
  56   315.253 55214.07761080 52.03  18.691794   1.235599   -100  267.51  272.83  266.51
  56   315.089 55214.07761139 54.20  18.692686   1.233097  8.095  267.51  272.83  266.51
  56   315.021 55214.07761198 54.97  18.693578   1.230596 19.651  267.51  272.83  266.51
  56   314.980 55214.07761257 55.17  18.694470   1.228095 25.990  267.51  272.83  266.51
  57   315.198 55223.99326012 54.13  18.692007   1.232437   -100  265.31  268.67  264.36
  57   315.334 55223.99326071 53.89  18.692899   1.229935   -100  265.31  268.67  264.36
  57   315.053 55223.99326130 53.71  18.693791   1.227434 12.747  265.31  268.67  264.36
  58   315.000 55233.90890546 48.92  18.689994   1.239097   -100  267.82  271.12  265.67
  58   315.204 55233.90890605 47.73  18.690886   1.236595   -100  267.82  271.12  265.67
  58   314.962 55233.90890664 47.57  18.691778   1.234094   -100  267.82  271.12  265.67
  58   315.085 55233.90890723 47.60  18.692670   1.231593   -100  267.82  271.12  265.67
  58   315.027 55233.90890782 51.34  18.693562   1.229091   -100  267.82  271.12  265.67
  58   315.170 55233.90890841 50.86  18.694454   1.226590   -100  267.82  271.12  265.67
  59   314.323 55243.82454917 32.79  18.691277   1.239071 22.896 -100.00 -100.00 -100.00
  59   314.190 55243.82454976 32.49  18.692169   1.236570 21.891 -100.00 -100.00 -100.00
  59   314.212 55243.82455035 34.91  18.693061   1.234069 30.022 -100.00 -100.00 -100.00
  59   314.460 55243.82455094 37.94  18.693953   1.231567   -100 -100.00 -100.00 -100.00
  59   314.713 55243.82455153 39.82  18.694845   1.229066   -100 -100.00 -100.00 -100.00
  60   314.825 55253.74018969 50.24  18.690869   1.238985   -100  274.09  277.44  271.22
  60   314.990 55253.74019028 51.13  18.691761   1.236484   -100  274.09  277.44  271.22
  60   314.858 55253.74019087 53.24  18.692653   1.233983   -100  274.09  277.44  271.22
  60   314.661 55253.74019146 55.31  18.693546   1.231481   -100  274.09  277.44  271.22
  60   314.856 55253.74019205 53.42  18.694438   1.228980   -100  274.09  277.44  271.22
  61   314.796 55263.65582978 26.41  18.691486   1.233053 13.344  276.57  279.74  273.18
  61   314.635 55263.65583037 24.67  18.692379   1.230551  9.692  276.57  279.74  273.18
  61   314.668 55263.65583096 24.34  18.693271   1.228050  9.699  276.57  279.74  273.18
  62   314.675 55273.57146803 32.91  18.691772   1.232448 19.846  273.41  276.80  270.96
  62   315.021 55273.57146862 36.99  18.692665   1.229947 32.547  273.41  276.80  270.96
  62   315.104 55273.57146921 38.97  18.693557   1.227446 29.608  273.41  276.80  270.96
  63   315.193 55283.48710503 49.10  18.692686   1.237025   -100 -100.00 -100.00 -100.00
  63   315.228 55283.48710562 50.25  18.693578   1.234524   -100 -100.00 -100.00 -100.00
  63   315.260 55283.48710621 52.39  18.694471   1.232023   -100 -100.00 -100.00 -100.00
  63   315.236 55283.48710681 53.27  18.695363   1.229521  3.235  274.56  276.62  272.62
  64   315.321 55293.40274187 53.07  18.696601   1.237387  1.946  273.63  276.56  271.06
  64   315.351 55293.40274246 56.17  18.697494   1.234886  6.213  273.63  276.56  271.06
  64   315.379 55293.40274306 52.20  18.698386   1.232385   -100  273.63  276.56  271.06
  65   315.570 55303.31837871 51.46  18.698759   1.239722   -100  273.24  276.15  270.71
  65   315.555 55303.31837930 52.44  18.699651   1.237221   -100  273.24  276.15  270.71
  65   315.533 55303.31837989 52.42  18.700544   1.234720 29.702  273.24  276.15  270.71
  66   315.769 55313.23402696 42.85  18.697314   1.237499   -100 -100.00 -100.00 -100.00
  66   315.823 55313.23402755 43.20  18.698206   1.234998   -100 -100.00 -100.00 -100.00
  66   315.921 55313.23402814 45.31  18.699099   1.232496   -100 -100.00 -100.00 -100.00
  67   315.496 55323.14967219 48.92  18.695246   1.237705   -100 -100.00 -100.00 -100.00
  67   315.540 55323.14967278 52.03  18.696138   1.235204   -100 -100.00 -100.00 -100.00
  67   315.262 55323.14967337 54.27  18.697031   1.232702 16.180  269.61  274.38  267.75
  68   315.432 55333.06531580 50.43  18.693910   1.238362   -100  266.80  271.19  265.28
  68   315.412 55333.06531639 53.05  18.694802   1.235860   -100  266.80  271.19  265.28
  68   315.406 55333.06531698 54.95  18.695695   1.233359   -100  266.80  271.19  265.28
  68   315.026 55333.06531757 56.49  18.696587   1.230858   -100  266.80  271.19  265.28
  69   315.483 55342.98095975 39.97  18.694274   1.236715 32.382  271.20  275.65  269.84
  69   315.160 55342.98096034 42.20  18.695166   1.234213   -100  271.20  275.65  269.84
  69   315.245 55342.98096093 45.35  18.696058   1.231712   -100  271.20  275.65  269.84
  70   315.249 55352.89660303 41.88  18.695200   1.236322   -100  270.46  273.91  267.78
  70   315.361 55352.89660362 43.28  18.696092   1.233821   -100  270.46  273.91  267.78
  70   315.475 55352.89660421 44.18  18.696984   1.231319   -100  270.46  273.91  267.78
  71   314.543 55362.81224396 49.33  18.696185   1.236883  8.952  271.59  275.65  269.21
  71   314.503 55362.81224455 52.46  18.697077   1.234381   -100  271.59  275.65  269.21
  71   314.517 55362.81224514 54.46  18.697969   1.231880   -100  271.59  275.65  269.21
  72   314.566 55372.72788291 50.49  18.696631   1.237803 24.100 -100.00 -100.00 -100.00
  72   314.580 55372.72788350 53.45  18.697523   1.235302   -100 -100.00 -100.00 -100.00
  72   314.609 55372.72788410 54.95  18.698415   1.232800   -100 -100.00 -100.00 -100.00
  73   314.303 55382.64352078 53.34  18.697274   1.238570 16.769 -100.00 -100.00 -100.00
  73   314.291 55382.64352137 55.43  18.698166   1.236068   -100 -100.00 -100.00 -100.00
  73   314.309 55382.64352196 56.73  18.699058   1.233567   -100 -100.00 -100.00 -100.00
  74   314.189 55392.55915831 54.39  18.698607   1.238572 18.409  269.47  272.83  266.85
  74   314.205 55392.55915890 56.48  18.699500   1.236071 24.911  269.47  272.83  266.85
  74   314.177 55392.55915949 54.95  18.700392   1.233569 25.243  269.47  272.83  266.85
  75   314.235 55402.47479435 54.50  18.701107   1.239999   -100 -100.00 -100.00 -100.00
  75   314.260 55402.47479494 54.49  18.701999   1.237497   -100 -100.00 -100.00 -100.00
  76   314.378 55412.39044603 54.32  18.700133   1.238499 11.387  274.11  277.49  272.02
  76   314.309 55412.39044662 55.39  18.701026   1.235998 22.667  274.11  277.49  272.02
  77   313.989 55422.30609532 54.47  18.697824   1.238941 27.271  270.56  274.58  268.64
  77   313.998 55422.30609591 55.46  18.698716   1.236439   -100  270.56  274.58  268.64
  77   313.989 55422.30609650 56.58  18.699609   1.233937   -100  270.56  274.58  268.64
  78   314.084 55432.22174218 15.58  18.695826   1.237602  3.589  266.76  271.64  265.52
  78   314.110 55432.22174277 15.89  18.696719   1.235100  3.894  266.76  271.64  265.52
  78   314.120 55432.22174336 16.00  18.697611   1.232598  3.658  266.76  271.64  265.52
  79   313.858 55442.13738610 48.34  18.692510   1.238995   -100  268.64  273.65  267.32
  79   313.873 55442.13738669 51.49  18.693402   1.236493   -100  268.64  273.65  267.32
  79   313.755 55442.13738728 54.16  18.694295   1.233991  5.073  268.64  273.65  267.32
  79   313.566 55442.13738787 55.36  18.695187   1.231489 21.515  268.64  273.65  267.32
  79   313.522 55442.13738846 53.70  18.696079   1.228987   -100  268.64  273.65  267.32
  80   314.040 55452.05302923 37.20  18.692022   1.237038   -100 -100.00 -100.00 -100.00
  80   313.863 55452.05302983 33.51  18.692915   1.234536   -100 -100.00 -100.00 -100.00
  80   313.968 55452.05303042 26.68  18.693807   1.232034 16.754 -100.00 -100.00 -100.00
  80   314.099 55452.05303101 22.15  18.694699   1.229533  6.637 -100.00 -100.00 -100.00
  81   314.866 55461.96867112 50.50  18.693078   1.237391   -100  268.80  273.17  267.56
  81   314.514 55461.96867171 53.39  18.693971   1.234890 14.906  268.80  273.17  267.56
  81   314.478 55461.96867230 55.52  18.694863   1.232388   -100  268.80  273.17  267.56
  81   314.461 55461.96867289 55.52  18.695755   1.229886   -100  268.80  273.17  267.56
  82   314.264 55471.88431176 51.34  18.696001   1.236552  9.126  266.36  271.39  265.79
  82   314.209 55471.88431235 48.06  18.696893   1.234050 12.677  266.36  271.39  265.79
  82   314.223 55471.88431294 51.49  18.697786   1.231548 23.738  266.36  271.39  265.79
  83   313.736 55481.79994900 31.60  18.697969   1.238044 24.004 -100.00 -100.00 -100.00
  83   313.809 55481.79994959 35.15  18.698861   1.235542   -100 -100.00 -100.00 -100.00
  83   314.060 55481.79995018 35.96  18.699753   1.233041   -100  271.60  275.98  270.21
  84   314.283 55491.71558404 47.74  18.699132   1.239397   -100 -100.00 -100.00 -100.00
  84   314.029 55491.71558463 47.89  18.700024   1.236895  5.987 -100.00 -100.00 -100.00
  84   314.096 55491.71558523 50.11  18.700917   1.234393 29.385 -100.00 -100.00 -100.00
  85   314.726 55501.63121791 54.43  18.700873   1.239388 22.376 -100.00 -100.00 -100.00
  85   314.678 55501.63121850 55.46  18.701766   1.236886   -100 -100.00 -100.00 -100.00
  86   315.161 55511.54686244 55.48  18.699884   1.238799   -100  273.44  276.26  269.75
  86   315.183 55511.54686303 55.32  18.700776   1.236297 16.180  273.44  276.26  269.75
  87   314.831 55521.46251272 54.53  18.698313   1.237262 27.596 -100.00 -100.00 -100.00
  87   314.848 55521.46251331 56.60  18.699205   1.234760 28.915 -100.00 -100.00 -100.00
  88   314.960 55531.37816159 53.30  18.696756   1.237236  7.691 -100.00 -100.00 -100.00
  88   314.869 55531.37816218 54.46  18.697649   1.234734 19.480 -100.00 -100.00 -100.00
  88   314.834 55531.37816277 55.50  18.698541   1.232233 30.618 -100.00 -100.00 -100.00
  89   315.155 55541.29380897 52.09  18.695628   1.236682   -100 -100.00 -100.00 -100.00
  89   315.014 55541.29380956 53.22  18.696520   1.234180  1.158 -100.00 -100.00 -100.00
  89   314.740 55541.29381015 56.61  18.697412   1.231679   -100 -100.00 -100.00 -100.00
  90   314.671 55551.20945408 43.24  18.694487   1.236496   -100  266.39  270.55  265.86
  90   315.169 55551.20945467 44.22  18.695379   1.233994 25.510  266.39  270.55  265.86
  90   314.890 55551.20945526 46.12  18.696272   1.231492   -100  266.39  270.55  265.86
  91   314.695 55561.12509695 48.16  18.692537   1.238347   -100  267.36  270.46  265.88
  91   314.735 55561.12509754 51.22  18.693429   1.235846   -100  267.36  270.46  265.88
  91   314.793 55561.12509813 53.55  18.694321   1.233344   -100  267.36  270.46  265.88
  91   314.801 55561.12509873 55.06  18.695214   1.230843   -100  267.36  270.46  265.88
  92   314.620 55571.04073927 48.16  18.692641   1.239010   -100  265.74  268.86  264.49
  92   314.668 55571.04073986 52.23  18.693534   1.236509  1.075  265.74  268.86  264.49
  92   314.684 55571.04074046 53.19  18.694426   1.234007  1.550  265.74  268.86  264.49
  92   314.722 55571.04074105 56.25  18.695318   1.231506  0.525  265.74  268.86  264.49
  92   314.737 55571.04074164 52.85  18.696210   1.229004   -100  265.74  268.86  264.49
  93   314.461 55580.95638090 52.17  18.694764   1.237517   -100 -100.00 -100.00 -100.00
  93   314.490 55580.95638149 54.23  18.695656   1.235016   -100 -100.00 -100.00 -100.00
  93   314.515 55580.95638208 55.40  18.696548   1.232514   -100 -100.00 -100.00 -100.00
  93   314.311 55580.95638267 53.28  18.697440   1.230013 11.821  263.42  265.47  262.19
  94   314.272 55590.87201927 54.50  18.697149   1.237250   -100 -100.00 -100.00 -100.00
  94   314.248 55590.87201986 56.34  18.698041   1.234748   -100 -100.00 -100.00 -100.00
  94   314.141 55590.87202045 57.14  18.698933   1.232247   -100 -100.00 -100.00 -100.00
  95   314.368 55600.78765419 53.21  18.699555   1.238036   -100 -100.00 -100.00 -100.00
  95   314.373 55600.78765478 55.04  18.700447   1.235535   -100 -100.00 -100.00 -100.00
  96   314.015 55610.70328685 54.19  18.700975   1.239610  5.988  274.32  276.45  271.62
  96   314.371 55610.70328744 53.16  18.701867   1.237109   -100  274.32  276.45  271.62
  97   313.722 55620.61891874 28.04  18.702491   1.240661 23.444 -100.00 -100.00 -100.00
  97   313.827 55620.61891933 30.13  18.703384   1.238160 30.924 -100.00 -100.00 -100.00
  98   313.418 55630.53457132 21.86  18.699240   1.239226 11.539 -100.00 -100.00 -100.00
  98   313.695 55630.53457191 20.97  18.700132   1.236725 10.101  274.71  277.34  273.19
  98   313.631 55630.53457251 22.28  18.701024   1.234223 12.083  274.71  277.34  273.19
  99   313.962 55640.45022277 41.82  18.697856   1.238461   -100  274.14  276.76  272.40
  99   313.719 55640.45022336 44.00  18.698748   1.235959   -100  274.14  276.76  272.40
  99   314.042 55640.45022395 45.99  18.699641   1.233458   -100  274.14  276.76  272.40
 100   313.528 55650.36587205 13.96  18.697949   1.236473  6.770  275.77  278.75  273.85
 100   313.697 55650.36587264 16.43  18.698841   1.233972 10.369  275.77  278.75  273.85
 101   314.167 55660.28151675 45.56  18.696158   1.238551   -100  273.01  276.75  271.46
 101   313.925 55660.28151734 48.17  18.697050   1.236050   -100  273.01  276.75  271.46
 101   314.132 55660.28151793 50.46  18.697943   1.233549   -100  273.01  276.75  271.46
 102   314.192 55670.19715869 51.48  18.695466   1.236635   -100  268.09  272.27  266.95
 102   313.856 55670.19715928 51.86  18.696358   1.234133   -100  268.09  272.27  266.95
 102   314.102 55670.19715987 50.37  18.697251   1.231632   -100  268.09  272.27  266.95
 103   314.009 55680.11279773 37.11  18.694804   1.238085   -100 -100.00 -100.00 -100.00
 103   313.742 55680.11279832 33.91  18.695697   1.235583 26.119  267.96  272.26  267.04
 103   313.590 55680.11279891 41.40  18.696589   1.233082   -100  267.96  272.26  267.04
 103   314.123 55680.11279950 41.43  18.697481   1.230581 30.882  267.96  272.26  267.04
 104   314.460 55690.02843506 44.18  18.696905   1.238487   -100  272.16  276.17  270.60
 104   314.322 55690.02843565 47.43  18.697797   1.235985   -100  272.16  276.17  270.60
 104   314.132 55690.02843624 49.68  18.698689   1.233484   -100  272.16  276.17  270.60
 105   313.859 55699.94407057 53.57  18.699796   1.239656 13.790 -100.00 -100.00 -100.00
 105   313.993 55699.94407116 54.77  18.700688   1.237155   -100 -100.00 -100.00 -100.00
 105   313.698 55699.94407175 54.97  18.701580   1.234653   -100 -100.00 -100.00 -100.00
 106   313.633 55709.85970880 53.46  18.701416   1.240983   -100  270.27  274.02  268.33
 106   313.489 55709.85970939 53.56  18.702308   1.238482 17.413  270.27  274.02  268.33
 106   313.717 55709.85970998 50.60  18.703200   1.235980   -100  270.27  274.02  268.33
 107   313.899 55719.77535848 52.62  18.698865   1.240295   -100  271.13  274.86  269.27
 107   313.972 55719.77535907 54.14  18.699757   1.237793   -100  271.13  274.86  269.27
 107   313.644 55719.77535966 55.35  18.700649   1.235292  7.858  271.13  274.86  269.27
 108   313.706 55729.69100678 52.51  18.697510   1.236224   -100  273.97  277.34  271.77
 108   313.328 55729.69100737 55.33  18.698402   1.233722  7.191  273.97  277.34  271.77
 109   313.332 55739.60665286 16.72  18.695712   1.237344 10.031  272.91  275.83  270.54
 109   313.550 55739.60665345 15.36  18.696605   1.234842  6.621  272.91  275.83  270.54
 109   313.461 55739.60665404 22.97  18.697497   1.232340 22.982  272.91  275.83  270.54
 110   313.300 55749.52229821 37.26  18.695294   1.237558   -100 -100.00 -100.00 -100.00
 110   313.482 55749.52229880 34.29  18.696187   1.235057   -100 -100.00 -100.00 -100.00
 110   313.209 55749.52229939 38.48  18.697079   1.232555   -100 -100.00 -100.00 -100.00
 111   313.640 55759.43794145 50.34  18.695951   1.237917   -100 -100.00 -100.00 -100.00
 111   313.386 55759.43794204 52.60  18.696844   1.235415 14.344  272.79  275.16  270.18
 111   313.490 55759.43794263 54.48  18.697736   1.232913  8.952  272.79  275.16  270.18
 112   314.154 55769.35358238 16.19  18.697744   1.236216  4.817  272.76  275.61  270.28
 112   313.211 55769.35358297 25.07  18.698636   1.233714 24.491  272.76  275.61  270.28
 113   313.208 55779.26921898 38.47  18.697737   1.239123   -100  266.72  271.18  265.79
 113   313.276 55779.26921957 36.94  18.698629   1.236621   -100  266.72  271.18  265.79
 113   313.304 55779.26922016 41.78  18.699522   1.234119   -100  266.72  271.18  265.79
 114   313.502 55789.18485378 53.34  18.699526   1.238148  6.149 -100.00 -100.00 -100.00
 114   313.630 55789.18485437 53.25  18.700418   1.235646   -100 -100.00 -100.00 -100.00
 115   314.025 55799.10048620 28.12  18.700795   1.241337 15.131  268.27  271.42  266.50
 115   314.061 55799.10048679 33.46  18.701687   1.238835 24.612  268.27  271.42  266.50
 115   314.237 55799.10048738 34.69  18.702580   1.236333 24.596  268.27  271.42  266.50
 116   313.830 55809.01613217 54.75  18.700609   1.239565   -100  267.18  271.04  265.91
 116   313.838 55809.01613276 54.75  18.701501   1.237063   -100  267.18  271.04  265.91
 117   314.136 55818.93178058 52.66  18.700214   1.239373  7.607  268.16  272.13  266.75
 117   314.268 55818.93178117 54.38  18.701107   1.236871  0.937  268.16  272.13  266.75
 118   314.534 55828.84742467 53.73  18.700883   1.239827   -100 -100.00 -100.00 -100.00
 118   314.562 55828.84742526 53.72  18.701775   1.237325   -100 -100.00 -100.00 -100.00
 119   314.912 55838.76306429 52.43  18.701146   1.240664  2.782  269.51  273.57  267.73
 119   314.938 55838.76306488 54.36  18.702039   1.238162  2.376  269.51  273.57  267.73
 119   314.962 55838.76306548 52.05  18.702931   1.235661   -100  269.51  273.57  267.73
 120   314.961 55848.67870133 53.74  18.701172   1.240078   -100  268.21  272.50  267.77
 120   314.967 55848.67870192 54.77  18.702064   1.237576   -100  268.21  272.50  267.77
 121   315.189 55858.59433650 53.56  18.701965   1.240428   -100  270.70  275.19  269.14
 121   315.196 55858.59433710 52.96  18.702858   1.237927   -100  270.70  275.19  269.14
 122   315.338 55868.50998450 33.44  18.700698   1.239509 21.627 -100.00 -100.00 -100.00
 122   315.049 55868.50998509 32.94  18.701590   1.237007 19.796 -100.00 -100.00 -100.00
 123   315.209 55878.42563650 50.70  18.699301   1.239617  8.333  269.12  273.44  268.23
 123   315.166 55878.42563709 51.70  18.700194   1.237115 12.021  269.12  273.44  268.23
 123   315.145 55878.42563768 52.75  18.701086   1.234614 21.091  269.12  273.44  268.23
 124   315.527 55888.34128199 53.63  18.698958   1.240058 18.102  270.01  273.25  267.93
 124   315.533 55888.34128258 54.44  18.699850   1.237556 22.318  270.01  273.25  267.93
 124   315.534 55888.34128317 55.20  18.700742   1.235055 24.056  270.01  273.25  267.93
 125   315.868 55898.25692180 52.65  18.699197   1.240211   -100  264.09  268.23  263.33
 125   315.863 55898.25692239 54.15  18.700089   1.237709   -100  264.09  268.23  263.33
 125   315.899 55898.25692298 55.22  18.700982   1.235208   -100  264.09  268.23  263.33
 126   315.803 55908.17255689 54.65  18.701138   1.239167 15.313  261.88  266.25  261.60
 126   315.824 55908.17255748 52.86  18.702030   1.236665  9.784  261.88  266.25  261.60
 127   315.852 55918.08820535 54.22  18.698962   1.237549  9.206  265.53  269.61  265.36
 127   315.930 55918.08820594 54.64  18.699855   1.235047  3.094  265.53  269.61  265.36
 128   315.691 55928.00385842 54.39  18.696776   1.236539   -100  267.92  273.62  267.30
 128   315.717 55928.00385901 55.38  18.697668   1.234038   -100  267.92  273.62  267.30
 128   315.482 55928.00385960 54.70  18.698560   1.231536 14.013  267.92  273.62  267.30
 129   315.608 55937.91950783 52.52  18.696272   1.236406   -100  262.49  264.84  260.95
 129   315.742 55937.91950842 56.44  18.697164   1.233905  0.498  262.49  264.84  260.95
 129   315.603 55937.91950901 54.61  18.698057   1.231403 13.119  262.49  264.84  260.95
 130   315.310 55947.83515218 50.52  18.695677   1.236971   -100 -100.00 -100.00 -100.00
 130   315.357 55947.83515277 49.05  18.696570   1.234470   -100 -100.00 -100.00 -100.00
 130   315.237 55947.83515336 51.45  18.697462   1.231969   -100 -100.00 -100.00 -100.00
 131   314.640 55957.75079208 27.41  18.695258   1.237138 12.282  269.50  273.71  267.98
 131   314.448 55957.75079267 26.58  18.696150   1.234637  9.604  269.50  273.71  267.98
 131   314.663 55957.75079326 27.76  18.697042   1.232135 12.161  269.50  273.71  267.98
 132   314.100 55967.66642984 32.53  18.695273   1.237240 22.172  273.67  277.78  271.74
 132   314.058 55967.66643043 32.20  18.696166   1.234739 21.482  273.67  277.78  271.74
 132   314.079 55967.66643102 33.11  18.697058   1.232238 24.723  273.67  277.78  271.74
 133   313.839 55977.58206721 53.67  18.696683   1.237006   -100  275.40  278.41  273.29
 133   313.937 55977.58206780 55.26  18.697575   1.234505   -100  275.40  278.41  273.29
 133   313.786 55977.58206839 54.79  18.698468   1.232003 23.895  275.40  278.41  273.29
 134   314.051 55987.49770370 21.03  18.699075   1.239150 11.742  277.15  279.19  274.35
 134   314.347 55987.49770429 20.17  18.699967   1.236648  8.140  277.15  279.19  274.35
 134   314.372 55987.49770488 20.83  18.700859   1.234147  8.669  277.15  279.19  274.35
 135   313.991 55997.41334294 24.95  18.700907   1.241922 10.194  278.42  280.21  275.55
 135   314.001 55997.41334353 24.43  18.701799   1.239421  8.296  278.42  280.21  275.55
 135   313.757 55997.41334412 27.56  18.702691   1.236919 16.919  278.42  280.21  275.55
 136   313.673 56007.32899542 25.45  18.699786   1.238739 15.416  272.99  275.97  270.74
 136   313.651 56007.32899601 25.82  18.700678   1.236238 15.683  272.99  275.97  270.74
 137   313.458 56017.24464293 15.58  18.697098   1.238418  4.851  269.23  273.75  268.60
 137   313.647 56017.24464352 15.12  18.697991   1.235917  4.515  269.23  273.75  268.60
 137   313.880 56017.24464411 15.59  18.698883   1.233416  4.133  269.23  273.75  268.60
 138   313.777 56027.16028755 31.57  18.694660   1.236652 32.749  267.35  272.06  266.39
 138   313.704 56027.16028814 31.16  18.695552   1.234151   -100  267.35  272.06  266.39
 138   313.585 56027.16028873 33.13  18.696444   1.231650   -100  267.35  272.06  266.39
 139   314.174 56037.07592971 47.60  18.693020   1.237508   -100  269.48  272.92  268.06
 139   313.967 56037.07593030 49.42  18.693912   1.235007   -100  269.48  272.92  268.06
 139   313.786 56037.07593089 49.13  18.694804   1.232506   -100  269.48  272.92  268.06
 139   313.983 56037.07593148 50.95  18.695696   1.230005   -100  269.48  272.92  268.06
 140   314.077 56046.99157039 52.36  18.695303   1.236601   -100  268.35  272.65  266.83
 140   314.053 56046.99157098 53.29  18.696195   1.234099   -100  268.35  272.65  266.83
 140   314.102 56046.99157157 54.09  18.697087   1.231598   -100  268.35  272.65  266.83
 141   314.047 56056.90720797 52.46  18.698604   1.236959   -100  267.28  271.21  265.86
 141   313.912 56056.90720856 54.44  18.699496   1.234458   -100  267.28  271.21  265.86
 142   313.803 56066.82284078 53.55  18.702141   1.239796  9.265  269.03  273.06  267.34
 142   313.661 56066.82284137 54.78  18.703033   1.237295 19.480  269.03  273.06  267.34
 143   314.084 56076.73848817 51.78  18.699558   1.240247   -100  269.19  273.07  267.36
 143   314.179 56076.73848876 51.40  18.700450   1.237746   -100  269.19  273.07  267.36
 143   314.438 56076.73848935 49.98  18.701343   1.235244   -100  269.19  273.07  267.36
 144   313.916 56086.65413732 20.10  18.696981   1.236819  3.624  273.87  277.41  272.19
 144   314.103 56086.65413791 19.41  18.697873   1.234318  3.235  273.87  277.41  272.19
 144   314.129 56086.65413850 19.53  18.698766   1.231816  3.601  273.87  277.41  272.19
 145   313.952 56096.56978338 16.86  18.694896   1.237915  5.469  271.02  274.62  269.02
 145   313.980 56096.56978397 16.98  18.695788   1.235414  5.428  271.02  274.62  269.02
 145   313.997 56096.56978456 16.65  18.696680   1.232912  4.950  271.02  274.62  269.02
 145   314.369 56096.56978515 16.25  18.697572   1.230411  4.165  271.02  274.62  269.02
 146   313.875 56106.48542788 43.48  18.695386   1.238306 32.522  273.79  276.78  272.18
 146   313.402 56106.48542847 46.10  18.696278   1.235804   -100  273.79  276.78  272.18
 146   313.539 56106.48542906 47.32  18.697171   1.233303   -100  273.79  276.78  272.18
 146   313.783 56106.48542965 48.57  18.698063   1.230801   -100  273.79  276.78  272.18
 147   313.686 56116.40105821 38.52  18.697098   1.238296   -100  272.71  276.31  271.07
 147   313.719 56116.40105880 26.80  18.697991   1.235794 11.308  272.71  276.31  271.07
 147   313.413 56116.40105939 25.61  18.698883   1.233293 11.289  272.71  276.31  271.07
 148   313.126 56126.31669642 15.72  18.699197   1.238378  6.685  271.93  275.63  270.21
 148   313.275 56126.31669701 14.78  18.700089   1.235876  5.582  271.93  275.63  270.21
 149   313.460 56136.23233035 53.81  18.700418   1.239700  7.797 -100.00 -100.00 -100.00
 149   313.617 56136.23233094 54.51  18.701310   1.237199   -100 -100.00 -100.00 -100.00
 149   313.796 56136.23233153 49.94  18.702203   1.234697   -100 -100.00 -100.00 -100.00
 150   314.158 56146.14797360 54.54  18.699023   1.238944   -100  266.37  270.99  265.22
 150   314.113 56146.14797419 55.28  18.699915   1.236443   -100  266.37  270.99  265.22
 150   314.077 56146.14797478 54.26  18.700808   1.233941  9.426  266.37  270.99  265.22
 151   313.853 56156.06362303 53.35  18.697369   1.237001   -100  268.99  272.57  267.41
 151   313.796 56156.06362362 54.59  18.698261   1.234499  1.801  268.99  272.57  267.41
 151   314.060 56156.06362421 52.04  18.699154   1.231997  1.731  268.99  272.57  267.41
 152   314.392 56165.97927113 51.58  18.696862   1.236795   -100  270.01  274.07  268.38
 152   314.232 56165.97927172 53.69  18.697755   1.234293   -100  270.01  274.07  268.38
 152   314.376 56165.97927231 51.75  18.698647   1.231792   -100  270.01  274.07  268.38
 153   314.055 56175.89491680 53.61  18.697332   1.237476  1.606  267.52  271.13  265.99
 153   313.798 56175.89491739 55.87  18.698225   1.234974 23.700  267.52  271.13  265.99
 153   313.766 56175.89491798 55.32  18.699117   1.232473 29.511  267.52  271.13  265.99
 154   314.086 56185.81055730 20.98  18.698236   1.239143  6.516 -100.00 -100.00 -100.00
 154   314.135 56185.81055789 21.12  18.699128   1.236641  7.198 -100.00 -100.00 -100.00
 154   314.077 56185.81055848 20.20  18.700020   1.234139  5.574 -100.00 -100.00 -100.00
 155   314.692 56195.72619462 55.00  18.699292   1.238299   -100  272.38  276.28  270.34
 155   314.698 56195.72619521 54.98  18.700184   1.235797   -100  272.38  276.28  270.34
 156   314.653 56205.64182884 50.02  18.699499   1.239216 21.515  271.57  275.27  269.47
 156   314.657 56205.64182943 51.05  18.700391   1.236714   -100  271.57  275.27  269.47
 156   314.678 56205.64183002 52.04  18.701284   1.234212   -100  271.57  275.27  269.47
 157   314.676 56215.55746191 55.18  18.700787   1.240641   -100  275.03  277.75  272.49
 157   314.666 56215.55746250 54.99  18.701679   1.238139   -100  275.03  277.75  272.49
 157   314.668 56215.55746309 54.98  18.702572   1.235638   -100  275.03  277.75  272.49
 158   315.221 56225.47310105 53.65  18.702656   1.241154  4.799 -100.00 -100.00 -100.00
 158   315.233 56225.47310164 51.15  18.703549   1.238652   -100 -100.00 -100.00 -100.00
 159   315.399 56235.38875714 54.59  18.701223   1.239722 22.318 -100.00 -100.00 -100.00
 159   315.420 56235.38875773 54.60  18.702115   1.237220 17.819 -100.00 -100.00 -100.00
 160   315.605 56245.30440940 53.51  18.699855   1.237992 11.770  270.19  274.12  268.35
 160   315.643 56245.30440999 54.34  18.700748   1.235491  3.260  270.19  274.12  268.35
 161   315.873 56255.22005624 55.65  18.697757   1.237564  7.158  266.22  271.27  265.28
 161   315.878 56255.22005683 52.29  18.698650   1.235063   -100  266.22  271.27  265.28
 161   315.876 56255.22005742 52.11  18.699542   1.232561   -100  266.22  271.27  265.28
 162   315.965 56265.13569877 51.76  18.696197   1.237763  3.519 -100.00 -100.00 -100.00
 162   316.044 56265.13569936 53.46  18.697089   1.235261   -100  265.65  270.80  265.55
 162   316.055 56265.13569995 52.76  18.697981   1.232759   -100  265.65  270.80  265.55
 163   315.795 56275.05133954 55.03  18.695948   1.237722 32.264 -100.00 -100.00 -100.00
 163   315.780 56275.05134013 55.04  18.696840   1.235221   -100 -100.00 -100.00 -100.00
 163   315.779 56275.05134072 56.00  18.697733   1.232719   -100 -100.00 -100.00 -100.00
 164   315.864 56284.96698460 53.98  18.695997   1.238158 27.704 -100.00 -100.00 -100.00
 164   315.852 56284.96698519 55.01  18.696889   1.235657 31.258 -100.00 -100.00 -100.00
 164   315.848 56284.96698578 56.15  18.697781   1.233155   -100  263.14  268.62  262.93
 165   316.119 56294.88263541 54.77  18.695927   1.236814  7.657  263.30  267.18  262.12
 165   316.138 56294.88263600 55.63  18.696819   1.234313   -100  263.30  267.18  262.12
 165   316.114 56294.88263659 55.57  18.697712   1.231811  7.863  263.30  267.18  262.12
 166   316.019 56304.79828148 52.93  18.694830   1.237570 17.323 -100.00 -100.00 -100.00
 166   316.010 56304.79828207 54.97  18.695722   1.235069 23.849 -100.00 -100.00 -100.00
 166   316.008 56304.79828266 54.95  18.696614   1.232567 20.904 -100.00 -100.00 -100.00
 166   315.947 56304.79828325 55.68  18.697507   1.230066   -100 -100.00 -100.00 -100.00
 167   315.828 56314.71392398 50.65  18.693411   1.238209   -100  271.91  276.51  270.25
 167   315.854 56314.71392457 52.03  18.694303   1.235708   -100  271.91  276.51  270.25
 167   315.823 56314.71392516 53.64  18.695195   1.233206   -100  271.91  276.51  270.25
 167   315.593 56314.71392575 55.35  18.696088   1.230705 12.943  271.91  276.51  270.25
 168   315.201 56324.62956507 50.03  18.692820   1.238029   -100  267.60  268.09  265.58
 168   315.238 56324.62956566 51.99  18.693713   1.235527   -100  267.60  268.09  265.58
 168   315.235 56324.62956625 53.75  18.694605   1.233026   -100  267.60  268.09  265.58
 168   314.967 56324.62956684 53.66  18.695497   1.230524 12.320  267.60  268.09  265.58
 169   314.350 56334.54520592 31.16  18.694180   1.237394 20.870  272.61  275.69  271.14
 169   314.282 56334.54520651 30.53  18.695072   1.234892 19.989  272.61  275.69  271.14
 169   314.447 56334.54520710 29.11  18.695965   1.232391 15.633  272.61  275.69  271.14
 169   314.476 56334.54520769 34.46  18.696857   1.229889 32.285  272.61  275.69  271.14
 170   314.692 56344.46084588 53.69  18.696617   1.238100   -100  277.20  279.41  274.74
 170   314.415 56344.46084647 55.05  18.697509   1.235598 26.950  277.20  279.41  274.74
 170   314.389 56344.46084707 53.64  18.698401   1.233097 32.130  277.20  279.41  274.74
 171   314.665 56354.37648370 29.35  18.699791   1.238457 16.203  276.02  279.01  273.67
 171   314.843 56354.37648429 30.67  18.700683   1.235955 19.801  276.02  279.01  273.67
 172   313.941 56364.29212821 50.89  18.698684   1.239710 11.461  271.71  275.43  269.87
 172   314.353 56364.29212880 51.02  18.699576   1.237209   -100  271.71  275.43  269.87
 172   314.154 56364.29212939 51.65  18.700468   1.234708   -100  271.71  275.43  269.87
 173   314.555 56374.20777769 39.19  18.695772   1.237902   -100 -100.00 -100.00 -100.00
 173   314.857 56374.20777828 40.72  18.696665   1.235401 29.299 -100.00 -100.00 -100.00
 173   314.953 56374.20777887 42.53  18.697557   1.232899 30.424  267.12  270.94  266.30
 175   314.940 56394.03906702 47.86  18.691413   1.238578   -100  269.95  273.75  268.27
 175   315.083 56394.03906761 50.18  18.692305   1.236077   -100  269.95  273.75  268.27
 175   314.915 56394.03906820 52.01  18.693197   1.233576   -100  269.95  273.75  268.27
 175   314.967 56394.03906879 54.58  18.694089   1.231074   -100  269.95  273.75  268.27
 175   314.731 56394.03906939 51.35  18.694981   1.228573   -100  269.95  273.75  268.27
 176   314.954 56403.95470910 49.68  18.693415   1.237675   -100  270.56  274.97  269.22
 176   314.853 56403.95470969 52.80  18.694307   1.235174  0.827  270.56  274.97  269.22
 176   315.032 56403.95471028 53.80  18.695199   1.232672   -100  270.56  274.97  269.22
 176   314.670 56403.95471087 54.98  18.696091   1.230171 16.557  270.56  274.97  269.22
 177   315.005 56413.87034836 53.07  18.697024   1.236344 22.521  270.27  274.28  268.54
 177   314.965 56413.87034895 54.14  18.697916   1.233842   -100  270.27  274.28  268.54
 177   314.945 56413.87034954 52.33  18.698808   1.231341   -100  270.27  274.28  268.54
 178   315.505 56423.78598198 52.77  18.700615   1.238573  0.634  269.85  273.94  267.94
 178   315.541 56423.78598257 53.75  18.701507   1.236072   -100  269.85  273.94  267.94
 179   315.456 56433.70162622 46.05  18.699917   1.238369   -100  271.39  274.66  269.23
 179   315.475 56433.70162681 46.55  18.700809   1.235867   -100  271.39  274.66  269.23
 180   315.251 56443.61727838 51.89  18.695911   1.236351  1.242  273.71  276.24  271.16
 180   315.203 56443.61727897 55.15  18.696803   1.233850 30.618  273.71  276.24  271.16
 180   315.180 56443.61727956 53.96  18.697695   1.231348 29.541  273.71  276.24  271.16
 181   314.590 56453.53292720 49.08  18.692064   1.239110   -100  275.47  277.60  272.97
 181   314.636 56453.53292779 50.06  18.692957   1.236609   -100  275.47  277.60  272.97
 181   314.598 56453.53292839 51.79  18.693849   1.234107   -100  275.47  277.60  272.97
 181   314.198 56453.53292898 55.14  18.694741   1.231606 28.196  275.47  277.60  272.97
 181   314.194 56453.53292957 55.02  18.695633   1.229104 24.041  275.47  277.60  272.97
 182   313.627 56463.44857488 39.61  18.692309   1.236957   -100  273.31  276.19  271.36
 182   313.775 56463.44857547 33.98  18.693201   1.234455 24.176  273.31  276.19  271.36
 182   313.915 56463.44857606 30.37  18.694094   1.231954 12.733  273.31  276.19  271.36
 182   313.863 56463.44857665 29.09  18.694986   1.229452 12.681  273.31  276.19  271.36
 183   313.746 56473.36421850 50.23  18.692781   1.238247   -100  274.79  277.86  272.12
 183   313.846 56473.36421909 52.18  18.693674   1.235745   -100  274.79  277.86  272.12
 183   313.620 56473.36421968 52.96  18.694566   1.233243  2.636  274.79  277.86  272.12
 183   313.522 56473.36422027 55.06  18.695458   1.230742 13.243  274.79  277.86  272.12
 184   313.676 56483.27985940 44.48  18.694863   1.236951   -100  270.37  274.85  268.99
 184   313.531 56483.27985999 46.93  18.695755   1.234450  1.214  270.37  274.85  268.99
 184   313.495 56483.27986058 50.19  18.696648   1.231948 25.218  270.37  274.85  268.99
 185   313.641 56493.19549635 41.84  18.696186   1.236959   -100  268.71  273.41  267.47
 185   313.668 56493.19549694 42.88  18.697078   1.234458   -100  268.71  273.41  267.47
 185   313.681 56493.19549753 44.87  18.697971   1.231956  6.310  268.71  273.41  267.47
 186   313.896 56503.11113065 16.11  18.698342   1.237345  4.310  270.41  273.94  268.55
 186   314.158 56503.11113124 15.94  18.699234   1.234843  3.385  270.41  273.94  268.55
 187   313.830 56513.02676286 55.25  18.701819   1.239824   -100 -100.00 -100.00 -100.00
 187   313.839 56513.02676345 56.22  18.702712   1.237323   -100 -100.00 -100.00 -100.00
 188   314.024 56522.94241079 55.20  18.701417   1.240581 31.082  267.27  271.66  266.06
 188   314.046 56522.94241138 54.14  18.702309   1.238079 22.424  267.27  271.66  266.06
 188   313.986 56522.94241197 56.06  18.703201   1.235578   -100  267.27  271.66  266.06
 189   313.955 56532.85806226 52.77  18.699650   1.240263 30.272  269.11  273.30  267.78
 189   313.982 56532.85806285 55.21  18.700543   1.237761 32.144  269.11  273.30  267.78
 189   313.967 56532.85806344 53.91  18.701435   1.235260   -100  269.11  273.30  267.78
 191   314.214 56552.68935460 50.75  18.696263   1.238365   -100  272.38  276.00  270.87
 191   314.043 56552.68935519 52.96  18.697155   1.235863  7.724  272.38  276.00  270.87
 191   313.921 56552.68935578 55.06  18.698048   1.233361 19.390  272.38  276.00  270.87
 192   313.759 56562.60499760 28.72  18.695767   1.236394 12.341  270.17  273.50  265.85
 192   313.554 56562.60499819 28.84  18.696660   1.233892 14.644  270.17  273.50  265.85
 192   313.374 56562.60499878 28.98  18.697552   1.231390 15.814  270.17  273.50  265.85
 193   314.670 56572.52063907 51.81  18.695737   1.237478   -100  275.40  278.86  273.73
 193   314.600 56572.52063966 54.94  18.696630   1.234976  5.861  275.40  278.86  273.73
 193   314.355 56572.52064025 56.13  18.697522   1.232474 23.402  275.40  278.86  273.73
 194   314.755 56582.43627885 39.85  18.697507   1.238913   -100  274.16  277.31  272.14
 194   314.883 56582.43627944 31.60  18.698399   1.236411 11.176  274.16  277.31  272.14
 194   314.565 56582.43628003 32.08  18.699292   1.233909 12.787  274.16  277.31  272.14
 195   314.752 56592.35191462 52.91  18.701610   1.239921 14.870 -100.00 -100.00 -100.00
 195   315.020 56592.35191521 52.90  18.702502   1.237419   -100 -100.00 -100.00 -100.00
 196   314.617 56602.26756558 30.03  18.699654   1.239397 17.148  268.44  272.55  266.92
 196   314.670 56602.26756617 28.44  18.700546   1.236895 12.652  268.44  272.55  266.92
 196   314.661 56602.26756676 29.00  18.701438   1.234393 14.548  268.44  272.55  266.92
 197   314.987 56612.18321530 38.47  18.696751   1.238555   -100  265.12  270.76  264.84
 197   314.965 56612.18321589 40.86  18.697644   1.236053   -100  265.12  270.76  264.84
 197   315.048 56612.18321648 41.73  18.698536   1.233551   -100  265.12  270.76  264.84
 198   315.171 56622.09886038 45.96  18.695311   1.238300   -100  266.96  271.32  267.20
 198   315.468 56622.09886097 46.73  18.696203   1.235798   -100  266.96  271.32  267.20
 198   315.177 56622.09886156 49.12  18.697095   1.233296  8.744  266.96  271.32  267.20
 198   315.129 56622.09886215 52.25  18.697988   1.230795 23.600  266.96  271.32  267.20
 199   315.482 56632.01450252 42.03  18.695401   1.237957   -100  266.63  272.20  266.21
 199   315.643 56632.01450311 43.95  18.696293   1.235455   -100  266.63  272.20  266.21
 199   315.668 56632.01450370 44.96  18.697186   1.232953   -100  266.63  272.20  266.21
 200   315.745 56641.93014040 54.53  18.698094   1.237937 21.295  261.31  265.05  260.68
 200   315.740 56641.93014099 55.19  18.698986   1.235435 23.353  261.31  265.05  260.68
 200   315.735 56641.93014158 54.14  18.699878   1.232934 21.072  261.31  265.05  260.68
 201   315.093 56651.84578919 29.85  18.697601   1.237750 16.322 -100.00 -100.00 -100.00
 201   314.920 56651.84578978 30.62  18.698493   1.235248 17.853 -100.00 -100.00 -100.00
 201   315.194 56651.84579037 30.28  18.699386   1.232746 15.694 -100.00 -100.00 -100.00
 202   314.643 56661.76143866 52.10  18.695486   1.237927 11.610  269.67  273.07  267.87
 202   314.640 56661.76143926 54.09  18.696378   1.235426 17.452  269.67  273.07  267.87
 202   314.637 56661.76143985 57.00  18.697271   1.232924   -100  269.67  273.07  267.87
 203   314.702 56671.67708558 51.24  18.693793   1.237293   -100  272.14  275.33  270.10
 203   314.646 56671.67708617 52.82  18.694685   1.234791   -100  272.14  275.33  270.10
 203   314.297 56671.67708676 55.25  18.695578   1.232290 31.493  272.14  275.33  270.10
 203   314.266 56671.67708735 55.47  18.696470   1.229788   -100  272.14  275.33  270.10
 204   314.724 56681.59273056 25.92  18.692273   1.238893 12.821 -100.00 -100.00 -100.00
 204   314.444 56681.59273115 26.30  18.693166   1.236391 12.555 -100.00 -100.00 -100.00
 204   314.378 56681.59273174 25.71  18.694058   1.233890 12.267  271.96  275.53  269.82
 204   314.515 56681.59273234 25.80  18.694950   1.231388 11.704  271.96  275.53  269.82
 204   314.602 56681.59273293 26.23  18.695842   1.228887 10.481  271.96  275.53  269.82
 205   314.520 56691.50837487 52.28  18.694175   1.236487   -100 -100.00 -100.00 -100.00
 205   314.543 56691.50837546 54.25  18.695067   1.233985   -100 -100.00 -100.00 -100.00
 205   314.439 56691.50837605 52.76  18.695959   1.231484  2.887 -100.00 -100.00 -100.00
 206   314.411 56701.42401470 40.73  18.696405   1.238337   -100  274.55  277.11  271.92
 206   314.224 56701.42401529 39.41  18.697297   1.235836   -100  274.55  277.11  271.92
 206   314.041 56701.42401588 31.45  18.698189   1.233335 17.197  274.55  277.11  271.92
 207   314.120 56711.33964969 16.49  18.699081   1.240101  5.705  270.08  272.96  268.08
 207   314.114 56711.33965028 16.40  18.699973   1.237599  5.533  270.08  272.96  268.08
 207   313.988 56711.33965087 16.94  18.700865   1.235098  4.893  270.08  272.96  268.08
 208   314.203 56721.25529474 49.06  18.697596   1.238850   -100  267.30  271.57  266.20
 208   313.924 56721.25529533 51.68  18.698489   1.236349   -100  267.30  271.57  266.20
 208   314.142 56721.25529592 51.38  18.699381   1.233847   -100  267.30  271.57  266.20
 209   313.943 56731.17094636 48.98  18.692871   1.238968   -100 -100.00 -100.00 -100.00
 209   313.900 56731.17094695 51.33  18.693763   1.236467 19.075 -100.00 -100.00 -100.00
 209   313.895 56731.17094754 53.32  18.694656   1.233965 23.156 -100.00 -100.00 -100.00
 209   313.869 56731.17094813 54.32  18.695548   1.231464   -100 -100.00 -100.00 -100.00
 209   313.858 56731.17094872 54.95  18.696440   1.228963   -100 -100.00 -100.00 -100.00
 210   314.724 56741.08659442 48.12  18.691021   1.237662   -100  268.30  272.52  266.70
 210   314.448 56741.08659501 51.05  18.691914   1.235160  1.832  268.30  272.52  266.70
 210   314.212 56741.08659560 54.28  18.692806   1.232659 26.155  268.30  272.52  266.70
 210   314.260 56741.08659619 55.18  18.693698   1.230158 16.055  268.30  272.52  266.70
 210   314.201 56741.08659678 56.21  18.694590   1.227657 22.473  268.30  272.52  266.70
 211   314.963 56751.00223797 46.04  18.691692   1.237673 28.075  267.64  271.69  266.44
 211   314.647 56751.00223856 49.19  18.692584   1.235172   -100  267.64  271.69  266.44
 211   314.233 56751.00223915 53.28  18.693476   1.232670 20.997  267.64  271.69  266.44
 211   314.199 56751.00223974 53.79  18.694368   1.230169 31.180  267.64  271.69  266.44
 211   314.167 56751.00224033 55.69  18.695260   1.227668   -100  267.64  271.69  266.44
 212   314.337 56760.91787652 34.86  18.695193   1.237820   -100  269.47  273.18  267.64
 212   314.533 56760.91787711 36.31  18.696085   1.235319 32.673  269.47  273.18  267.64
 212   315.065 56760.91787770 36.95  18.696977   1.232818 25.082  269.47  273.18  267.64
 213   314.741 56770.83350840 29.70  18.699956   1.238679 17.775  271.44  275.33  269.10
 213   314.617 56770.83350899 32.42  18.700848   1.236178 27.788  271.44  275.33  269.10
 214   314.965 56780.74916190 33.50  18.697267   1.236052 16.745  271.92  275.52  269.61
 214   314.630 56780.74916249 36.07  18.698159   1.233550 29.538  271.92  275.52  269.61
 215   315.479 56790.66481580 49.11  18.692122   1.237713   -100 -100.00 -100.00 -100.00
 215   315.234 56790.66481639 53.08  18.693014   1.235212  4.949 -100.00 -100.00 -100.00
 215   315.089 56790.66481698 55.17  18.693907   1.232710 15.682 -100.00 -100.00 -100.00
 215   315.103 56790.66481757 54.12  18.694799   1.230209 11.653 -100.00 -100.00 -100.00
 216   315.002 56800.58046889 53.07  18.690892   1.230813  4.211  274.72  277.31  271.86
 216   315.213 56800.58046948 54.30  18.691784   1.228311   -100  274.72  277.31  271.86
 216   315.142 56800.58047007 52.76  18.692676   1.225810   -100  274.72  277.31  271.86
 217   314.901 56810.49611392 42.62  18.690583   1.231157   -100  274.25  276.11  269.94
 217   314.941 56810.49611451 42.87  18.691476   1.228656   -100  274.25  276.11  269.94
 217   314.979 56810.49611510 46.07  18.692368   1.226154   -100  274.25  276.11  269.94
 218   314.678 56820.41175269 36.88  18.689808   1.238905   -100  272.82  276.70  270.69
 218   314.742 56820.41175328 36.74  18.690700   1.236403 32.167  272.82  276.70  270.69
 218   314.571 56820.41175387 40.80  18.691592   1.233902   -100  272.82  276.70  270.69
 218   314.757 56820.41175446 40.60  18.692484   1.231400   -100  272.82  276.70  270.69
 218   314.763 56820.41175505 42.80  18.693376   1.228898   -100  272.82  276.70  270.69
 218   314.552 56820.41175564 45.21  18.694269   1.226397 16.055  272.82  276.70  270.69
 219   314.848 56830.32738949 46.80  18.693202   1.238381   -100  271.90  275.44  269.89
 219   314.908 56830.32739008 48.81  18.694094   1.235880   -100  271.90  275.44  269.89
 219   314.757 56830.32739067 52.09  18.694986   1.233378  0.827  271.90  275.44  269.89
 219   314.584 56830.32739126 54.30  18.695878   1.230876 22.716  271.90  275.44  269.89
 220   314.507 56840.24302291 53.35  18.696943   1.238388 26.155  268.80  273.52  267.67
 220   314.494 56840.24302350 54.21  18.697836   1.235887   -100  268.80  273.52  267.67
 220   314.501 56840.24302409 53.20  18.698728   1.233385 25.032  268.80  273.52  267.67
 221   314.243 56850.15865742 52.14  18.699029   1.239868  6.295  267.97  271.68  266.50
 221   314.225 56850.15865801 54.47  18.699922   1.237366   -100  267.97  271.68  266.50
 221   314.441 56850.15865860 51.62  18.700814   1.234864   -100  267.97  271.68  266.50
 222   314.272 56860.07431196 50.45  18.696619   1.236677   -100  268.24  272.65  266.97
 222   314.120 56860.07431255 51.91  18.697512   1.234176  1.492  268.24  272.65  266.97
 222   314.018 56860.07431314 52.25  18.698404   1.231674   -100  268.24  272.65  266.97
 223   314.310 56869.98996497 50.38  18.694917   1.236489   -100  270.28  274.22  268.73
 223   314.008 56869.98996556 52.27  18.695809   1.233987 11.203  270.28  274.22  268.73
 223   313.884 56869.98996615 54.42  18.696702   1.231486   -100  270.28  274.22  268.73
 224   314.178 56879.90561505 50.42  18.693716   1.237843   -100  268.85  272.78  267.11
 224   314.176 56879.90561564 54.09  18.694608   1.235341   -100  268.85  272.78  267.11
 224   314.096 56879.90561623 55.09  18.695500   1.232839  4.211  268.85  272.78  267.11
 224   313.816 56879.90561682 55.45  18.696392   1.230338   -100  268.85  272.78  267.11
 225   314.108 56889.82126206 50.31  18.693021   1.237053  7.092  267.92  271.73  266.02
 225   314.084 56889.82126265 53.42  18.693913   1.234552 27.271  267.92  271.73  266.02
 225   314.081 56889.82126324 55.42  18.694806   1.232050   -100  267.92  271.73  266.02
 225   314.092 56889.82126383 55.24  18.695698   1.229548   -100  267.92  271.73  266.02
 226   314.280 56899.73690602 47.94  18.691122   1.237317   -100 -100.00 -100.00 -100.00
 226   314.122 56899.73690661 52.32  18.692014   1.234815 16.600  270.18  274.30  267.97
 226   314.123 56899.73690720 53.37  18.692907   1.232313 23.156  270.18  274.30  267.97
 226   314.108 56899.73690779 55.43  18.693799   1.229812   -100  270.18  274.30  267.97
 226   314.109 56899.73690838 56.41  18.694691   1.227310   -100  270.18  274.30  267.97
 227   314.403 56909.65254963 53.19  18.691711   1.230711 12.589  269.95  273.42  267.81
 227   314.455 56909.65255022 52.99  18.692603   1.228209   -100  269.95  273.42  267.81
 227   314.445 56909.65255081 51.91  18.693496   1.225707  4.543  269.95  273.42  267.81
 228   314.623 56919.56819005 52.42  18.691706   1.232658 27.575 -100.00 -100.00 -100.00
 228   314.618 56919.56819064 52.97  18.692598   1.230156 31.371 -100.00 -100.00 -100.00
 228   314.630 56919.56819123 48.97  18.693490   1.227654 12.780  272.91  275.95  269.62
 229   314.220 56929.48382815 20.92  18.693360   1.237504  5.768  273.46  277.28  271.76
 229   314.124 56929.48382874 20.31  18.694252   1.235002  5.172  273.46  277.28  271.76
 229   314.179 56929.48382933 20.77  18.695145   1.232500  5.453  273.46  277.28  271.76
 229   314.586 56929.48382992 20.87  18.696037   1.229998  5.728  273.46  277.28  271.76
 230   314.781 56939.39946326 52.30  18.698524   1.236963 23.009  277.00  280.69  275.17
 230   314.819 56939.39946385 54.28  18.699416   1.234461 16.222  277.00  280.69  275.17
 231   315.286 56949.31509915 36.51  18.700549   1.240793   -100 -100.00 -100.00 -100.00
 231   314.981 56949.31509974 27.98  18.701441   1.238291 14.554 -100.00 -100.00 -100.00
 231   315.078 56949.31510033 28.84  18.702333   1.235789 17.468 -100.00 -100.00 -100.00
 232   315.032 56959.23075262 51.43  18.697842   1.237005 19.525  265.52  271.24  264.96
 232   315.031 56959.23075321 53.47  18.698734   1.234503   -100  265.52  271.24  264.96
 233   315.365 56969.14639992 53.43  18.694683   1.237063 26.683  264.27  269.34  263.54
 233   315.369 56969.14640051 55.43  18.695575   1.234561 30.272  264.27  269.34  263.54
 233   315.349 56969.14640110 55.46  18.696467   1.232059   -100  264.27  269.34  263.54
 234   315.782 56979.06204334 52.42  18.694368   1.237239 21.657  265.26  270.67  264.54
 234   315.781 56979.06204393 54.41  18.695260   1.234738 27.704  265.26  270.67  264.54
 234   315.776 56979.06204452 55.47  18.696152   1.232236   -100  265.26  270.67  264.54
 234   315.775 56979.06204511 54.87  18.697044   1.229734 31.766  265.26  270.67  264.54
 235   315.991 56988.97768230 52.38  18.696634   1.237711 14.424  268.14  272.69  268.65
 235   315.958 56988.97768289 53.42  18.697526   1.235209 21.044  268.14  272.69  268.65
 235   315.943 56988.97768348 55.48  18.698419   1.232708   -100  268.14  272.69  268.65
 236   316.122 56998.89331467 53.51  18.700792   1.240237  4.306  265.77  271.49  265.00
 236   316.216 56998.89331526 52.75  18.701684   1.237735   -100  265.77  271.49  265.00
 236   316.187 56998.89331585 51.25  18.702577   1.235233   -100  265.77  271.49  265.00
 237   316.017 57008.80896580 55.51  18.699831   1.237982   -100 -100.00 -100.00 -100.00
 237   316.010 57008.80896639 56.32  18.700723   1.235480   -100 -100.00 -100.00 -100.00
 238   315.696 57018.72461849 53.25  18.696973   1.236516 12.972  267.42  270.85  265.96
 238   315.687 57018.72461908 55.43  18.697865   1.234015 28.971  267.42  270.85  265.96
 238   315.680 57018.72461967 55.02  18.698757   1.231513 30.227  267.42  270.85  265.96
 239   315.238 57028.64026792 49.07  18.694077   1.237170   -100  267.84  269.62  265.85
 239   315.252 57028.64026851 53.18  18.694970   1.234669  7.158  267.84  269.62  265.85
 239   315.276 57028.64026910 51.36  18.695862   1.232167   -100  267.84  269.62  265.85
 239   315.301 57028.64026969 50.09  18.696754   1.229666   -100  267.84  269.62  265.85
 240   314.880 57038.55591599 48.40  18.692550   1.238261   -100 -100.00 -100.00 -100.00
 240   314.862 57038.55591658 52.18  18.693443   1.235759   -100 -100.00 -100.00 -100.00
 240   314.865 57038.55591717 54.17  18.694335   1.233258  6.536  271.22  271.81  268.85
 240   314.870 57038.55591776 56.08  18.695227   1.230756  2.495  271.22  271.81  268.85
 241   314.258 57048.47156212 23.00  18.693127   1.238702 13.134  277.30  280.03  274.84
 241   314.121 57048.47156271 22.41  18.694019   1.236201 10.369  277.30  280.03  274.84
 241   314.282 57048.47156330 22.44  18.694911   1.233700 10.618  277.30  280.03  274.84
 241   314.463 57048.47156389 23.83  18.695804   1.231198 12.529  277.30  280.03  274.84
 242   313.920 57058.38720484 35.33  18.695652   1.238080   -100  272.60  276.03  270.59
 242   314.030 57058.38720543 36.85  18.696544   1.235578   -100  272.60  276.03  270.59
 242   314.009 57058.38720602 38.06  18.697437   1.233077   -100  272.60  276.03  270.59
 243   313.944 57068.30284155 51.47  18.697767   1.238688   -100  269.94  273.04  268.42
 243   314.148 57068.30284214 52.37  18.698659   1.236187   -100  269.94  273.04  268.42
 243   313.890 57068.30284274 51.28  18.699551   1.233685   -100  269.94  273.04  268.42
 244   313.994 57078.21847406 51.73  18.699632   1.238253   -100 -100.00 -100.00 -100.00
 244   314.061 57078.21847465 53.43  18.700524   1.235751  3.436 -100.00 -100.00 -100.00
 245   313.942 57088.13410820 25.10  18.700343   1.239660  8.221  269.28  273.22  267.91
 245   313.684 57088.13410879 26.00  18.701235   1.237159 11.823  269.28  273.22  267.91
 245   313.737 57088.13410938 25.08  18.702127   1.234658  9.043  269.28  273.22  267.91
 246   313.793 57098.04976656 19.78  18.696013   1.238041  8.966  270.29  274.12  268.19
 246   313.908 57098.04976715 20.82  18.696905   1.235540 10.388  270.29  274.12  268.19
 246   314.058 57098.04976774 19.29  18.697797   1.233039  8.336  270.29  274.12  268.19
 247   313.330 57107.96542184 25.36  18.694114   1.237264 20.008  272.55  274.20  269.56
 247   313.488 57107.96542243 21.85  18.695006   1.234763 11.978  272.55  274.20  269.56
 247   313.997 57107.96542302 20.47  18.695898   1.232261  8.505  272.55  274.20  269.56
 247   314.049 57107.96542361 22.45  18.696790   1.229760 12.316  272.55  274.20  269.56
 248   313.771 57117.88107164 47.33  18.694104   1.238659   -100  271.53  275.29  269.17
 248   313.737 57117.88107223 52.55  18.694996   1.236157 23.254  271.53  275.29  269.17
 248   313.724 57117.88107282 53.56  18.695888   1.233656 28.693  271.53  275.29  269.17
 248   313.710 57117.88107341 56.56  18.696780   1.231154   -100  271.53  275.29  269.17
 249   314.913 57127.79671585 49.43  18.694833   1.237725   -100  270.86  274.50  268.50
 249   314.760 57127.79671644 52.24  18.695725   1.235223  1.776  270.86  274.50  268.50
 249   314.758 57127.79671703 54.23  18.696617   1.232722  4.150  270.86  274.50  268.50
 249   314.693 57127.79671762 51.77  18.697509   1.230220  7.457  270.86  274.50  268.50
 250   315.092 57137.71235416 45.27  18.694685   1.238574 29.553  268.60  272.14  266.54
 250   314.911 57137.71235475 49.33  18.695577   1.236073   -100  268.60  272.14  266.54
 250   315.010 57137.71235534 49.98  18.696469   1.233572   -100  268.60  272.14  266.54
 250   314.857 57137.71235593 50.78  18.697362   1.231070   -100  268.60  272.14  266.54
 251   315.064 57147.62798947 53.12  18.696625   1.237152   -100  275.25  278.71  272.74
 251   315.241 57147.62799006 53.55  18.697517   1.234651   -100  275.25  278.71  272.74
 251   315.052 57147.62799065 52.00  18.698409   1.232149  0.185  275.25  278.71  272.74
 252   315.190 57157.54362172 48.88  18.699302   1.239660   -100  272.44  276.03  270.08
 252   315.022 57157.54362231 53.11  18.700194   1.237158   -100  272.44  276.03  270.08
 252   315.144 57157.54362290 52.22  18.701086   1.234657  0.335  272.44  276.03  270.08
 253   315.363 57167.45926785 39.73  18.699556   1.240287   -100  277.14  279.98  274.70
 253   315.027 57167.45926844 40.36  18.700449   1.237786   -100  277.14  279.98  274.70
 253   315.066 57167.45926903 40.80  18.701341   1.235284   -100  277.14  279.98  274.70
 254   314.458 57177.37492486 21.42  18.697698   1.237537  9.584  275.50  278.88  273.62
 254   314.590 57177.37492545 21.31  18.698590   1.235036  9.862  275.50  278.88  273.62
 254   314.657 57177.37492604 24.45  18.699482   1.232534 15.419  275.50  278.88  273.62
 255   314.808 57187.29057718 43.83  18.695267   1.237372   -100  270.59  274.29  268.45
 255   314.729 57187.29057777 37.41  18.696159   1.234871   -100  270.59  274.29  268.45
 255   314.395 57187.29057836 34.34  18.697051   1.232369 25.060  270.59  274.29  268.45
 256   314.631 57197.20622518 50.41  18.693245   1.237634   -100  266.91  272.18  266.15
 256   314.452 57197.20622577 53.51  18.694137   1.235132   -100  266.91  272.18  266.15
 256   314.361 57197.20622636 54.34  18.695029   1.232630  9.291  266.91  272.18  266.15
 256   314.447 57197.20622695 54.08  18.695922   1.230129  0.462  266.91  272.18  266.15
 257   314.573 57207.12185954 50.53  18.692396   1.236859   -100  269.22  273.74  268.49
 257   314.795 57207.12186013 53.37  18.693288   1.234357   -100  269.22  273.74  268.49
 257   314.585 57207.12186072 55.13  18.694180   1.231856  0.634  269.22  273.74  268.49
 257   314.515 57207.12186131 53.70  18.695073   1.229354  2.698  269.22  273.74  268.49
 258   315.134 57217.03750381 45.19  18.692599   1.237255 21.930  267.04  271.92  266.27
 258   314.585 57217.03750440 49.08  18.693491   1.234753   -100  267.04  271.92  266.27
 258   314.275 57217.03750499 54.58  18.694384   1.232252 29.476  267.04  271.92  266.27
 258   314.252 57217.03750558 55.62  18.695276   1.229750   -100  267.04  271.92  266.27
 259   314.005 57226.95314725 51.20  18.694763   1.236651   -100 -100.00 -100.00 -100.00
 259   313.873 57226.95314784 53.43  18.695656   1.234149   -100 -100.00 -100.00 -100.00
 259   313.683 57226.95314843 53.37  18.696548   1.231648 12.007 -100.00 -100.00 -100.00
 260   313.818 57236.86878833 44.34  18.696990   1.237256   -100  268.68  272.95  266.81
 260   313.864 57236.86878892 47.56  18.697882   1.234754   -100  268.68  272.95  266.81
 260   313.833 57236.86878951 49.19  18.698775   1.232252   -100  268.68  272.95  266.81
 261   313.185 57246.78442572 23.77  18.698427   1.238939 14.821 -100.00 -100.00 -100.00
 261   312.598 57246.78442631 27.38  18.699320   1.236437 27.574 -100.00 -100.00 -100.00
 261   313.258 57246.78442690 26.13  18.700212   1.233935 18.431  270.93  274.94  269.09
 262   314.085 57256.70006085 54.13  18.699535   1.239296   -100  273.21  276.72  270.65
 262   314.107 57256.70006144 54.90  18.700427   1.236794   -100  273.21  276.72  270.65
 262   314.091 57256.70006203 50.02  18.701320   1.234292   -100  273.21  276.72  270.65
 263   313.785 57266.61569471 16.49  18.700169   1.241148  5.183  274.85  278.40  272.90
 263   314.010 57266.61569530 16.51  18.701061   1.238646  5.425  274.85  278.40  272.90
 263   314.233 57266.61569589 17.09  18.701954   1.236144  4.890  274.85  278.40  272.90
 264   314.064 57276.53134051 16.62  18.700730   1.238705  4.121  272.52  275.76  270.73
 264   314.223 57276.53134110 16.58  18.701622   1.236203  3.869  272.52  275.76  270.73
 265   314.033 57286.44699737 53.27  18.698762   1.238610   -100  278.39  280.11  275.70
 265   314.072 57286.44699796 54.09  18.699654   1.236108   -100  278.39  280.11  275.70
 265   314.006 57286.44699855 53.96  18.700547   1.233607  3.387  278.39  280.11  275.70
 266   313.859 57296.36265193 53.42  18.697849   1.236557  9.794  271.86  275.17  270.40
 266   313.880 57296.36265252 56.18  18.698741   1.234055 19.748  271.86  275.17  270.40
 267   314.135 57306.27830213 40.39  18.695804   1.237464   -100  269.97  274.00  268.17
 267   313.956 57306.27830272 40.92  18.696697   1.234962   -100  269.97  274.00  268.17
 267   314.178 57306.27830331 44.09  18.697589   1.232460   -100  269.97  274.00  268.17
 268   314.431 57316.19394846 47.45  18.692888   1.238049   -100  269.81  273.88  269.69
 268   314.453 57316.19394905 50.58  18.693780   1.235548   -100  269.81  273.88  269.69
 268   314.215 57316.19394964 53.42  18.694673   1.233046  8.197  269.81  273.88  269.69
 268   314.016 57316.19395023 55.17  18.695565   1.230544   -100  269.81  273.88  269.69
 269   314.762 57326.10959139 47.27  18.690653   1.238318   -100  268.43  273.41  267.16
 269   314.781 57326.10959198 50.79  18.691545   1.235816  3.677  268.43  273.41  267.16
 269   314.819 57326.10959257 53.30  18.692437   1.233314  0.389  268.43  273.41  267.16
 269   314.850 57326.10959316 53.56  18.693330   1.230813   -100  268.43  273.41  267.16
 269   314.863 57326.10959375 52.82  18.694222   1.228311   -100  268.43  273.41  267.16
 270   315.420 57336.02523257 49.22  18.691509   1.237642   -100  267.51  272.14  266.08
 270   315.380 57336.02523316 51.54  18.692401   1.235140 13.398  267.51  272.14  266.08
 270   315.391 57336.02523375 55.52  18.693293   1.232638 19.390  267.51  272.14  266.08
 270   315.395 57336.02523434 56.50  18.694186   1.230136 22.231  267.51  272.14  266.08
 270   315.413 57336.02523493 52.91  18.695078   1.227635 14.698  267.51  272.14  266.08
 271   315.848 57345.94087891 51.71  18.691781   1.238711 25.373  265.04  269.98  265.97
 271   315.844 57345.94087950 53.66  18.692673   1.236210 26.950  265.04  269.98  265.97
 271   315.839 57345.94088009 54.64  18.693566   1.233708 30.792  265.04  269.98  265.97
 271   315.839 57345.94088068 55.63  18.694458   1.231206 28.748  265.04  269.98  265.97
 271   315.829 57345.94088127 57.44  18.695350   1.228705   -100  265.04  269.98  265.97
 272   316.479 57355.85652649 54.34  18.692962   1.236748  4.918  264.00  269.64  262.99
 272   316.488 57355.85652708 54.30  18.693854   1.234246  0.471  264.00  269.64  262.99
 272   316.478 57355.85652767 54.34  18.694747   1.231745  4.660  264.00  269.64  262.99
 272   316.487 57355.85652826 55.26  18.695639   1.229243  2.642  264.00  269.64  262.99
 273   316.936 57365.77216948 51.48  18.693127   1.238629   -100  262.06  266.85  261.29
 273   316.922 57365.77217007 52.85  18.694019   1.236127   -100  262.06  266.85  261.29
 273   316.899 57365.77217066 54.27  18.694911   1.233625   -100  262.06  266.85  261.29
 273   316.816 57365.77217125 52.24  18.695804   1.231124   -100  262.06  266.85  261.29
 274   316.809 57375.68780974 52.84  18.693861   1.238760   -100 -100.00 -100.00 -100.00
 274   316.857 57375.68781033 54.23  18.694754   1.236259   -100 -100.00 -100.00 -100.00
 274   316.777 57375.68781092 55.32  18.695646   1.233757  4.150 -100.00 -100.00 -100.00
 274   316.818 57375.68781151 53.96  18.696538   1.231255   -100 -100.00 -100.00 -100.00
 275   316.548 57385.60344891 53.03  18.695746   1.237406  5.426  267.06  271.58  266.04
 275   316.667 57385.60344950 52.82  18.696638   1.234904   -100  267.06  271.58  266.04
 275   316.647 57385.60345009 51.24  18.697531   1.232403   -100  267.06  271.58  266.04
 276   316.218 57395.51908724 44.11  18.697770   1.238781   -100  271.38  275.51  269.90
 276   316.179 57395.51908783 44.98  18.698662   1.236279   -100  271.38  275.51  269.90
 276   316.138 57395.51908842 44.76  18.699554   1.233777   -100  271.38  275.51  269.90
 277   315.825 57405.43472463 39.71  18.700548   1.240985   -100  272.10  275.75  270.22
 277   315.624 57405.43472522 37.58  18.701440   1.238483   -100  272.10  275.75  270.22
 277   315.705 57405.43472581 37.89  18.702332   1.235982   -100  272.10  275.75  270.22
 278   315.536 57415.35037399 53.58  18.699852   1.240917   -100  265.94  267.05  263.88
 278   315.490 57415.35037458 55.42  18.700745   1.238415 11.166  265.94  267.05  263.88
 278   315.397 57415.35037517 54.05  18.701637   1.235914 29.471  265.94  267.05  263.88
 279   315.295 57425.26602616 30.57  18.697623   1.238760 21.622  267.07  271.27  265.97
 279   315.082 57425.26602675 29.69  18.698515   1.236259 17.987  267.07  271.27  265.97
 279   315.197 57425.26602734 28.63  18.699407   1.233757 16.279  267.07  271.27  265.97
 280   314.852 57435.18167464 46.55  18.693878   1.238767   -100  269.05  273.36  266.89
 280   315.023 57435.18167523 47.41  18.694770   1.236266   -100  269.05  273.36  266.89
 280   315.240 57435.18167582 49.35  18.695662   1.233764   -100  269.05  273.36  266.89
 280   314.997 57435.18167641 52.38  18.696554   1.231263   -100  269.05  273.36  266.89
 281   314.324 57445.09732111 33.40  18.691480   1.238942 27.787  270.83  275.22  268.87
 281   314.458 57445.09732170 32.60  18.692372   1.236441 24.073  270.83  275.22  268.87
 281   314.354 57445.09732229 38.71  18.693264   1.233940   -100  270.83  275.22  268.87
 281   314.683 57445.09732288 40.28  18.694156   1.231438   -100  270.83  275.22  268.87
 281   314.843 57445.09732348 41.31  18.695048   1.228937   -100  270.83  275.22  268.87
 282   315.242 57455.01296710 45.43  18.691771   1.237839 25.264  271.36  275.43  268.95
 282   314.831 57455.01296769 50.38  18.692663   1.235338   -100  271.36  275.43  268.95
 282   314.740 57455.01296828 53.17  18.693555   1.232837   -100  271.36  275.43  268.95
 282   314.735 57455.01296887 54.09  18.694447   1.230335   -100  271.36  275.43  268.95
 282   314.601 57455.01296946 53.39  18.695339   1.227834  8.098  271.36  275.43  268.95
 283   314.670 57464.92861118 51.52  18.694213   1.236670  4.181  269.82  273.70  267.43
 283   314.741 57464.92861177 53.37  18.695105   1.234169  2.520  269.82  273.70  267.43
 283   314.712 57464.92861236 54.36  18.695997   1.231667   -100  269.82  273.70  267.43
 284   314.555 57474.84425096 51.64  18.697373   1.238202 16.557  268.87  273.13  266.69
 284   314.575 57474.84425155 53.59  18.698265   1.235700 13.672  268.87  273.13  266.69
 284   314.590 57474.84425214 54.50  18.699157   1.233199 14.185  268.87  273.13  266.69
 285   314.792 57484.75988735 42.62  18.699809   1.238858   -100  271.43  275.17  268.74
 285   314.807 57484.75988794 39.24  18.700701   1.236356 31.575  271.43  275.17  268.74
 286   314.770 57494.67552068 27.14  18.700552   1.240617 17.344  274.05  276.82  270.25
 286   314.858 57494.67552127 26.32  18.701444   1.238116 16.076  274.05  276.82  270.25
 286   314.755 57494.67552186 26.54  18.702337   1.235614 16.006  274.05  276.82  270.25
 287   315.483 57504.59115271 26.92  18.702375   1.241764 12.068  272.52  275.70  269.76
 287   315.171 57504.59115330 27.12  18.703268   1.239263 13.692  272.52  275.70  269.76
 287   315.160 57504.59115389 29.03  18.704160   1.236761 17.859  272.52  275.70  269.76
 288   315.358 57514.50680923 51.23  18.699470   1.237721  1.350  275.75  278.68  273.21
 288   315.565 57514.50680982 52.16  18.700362   1.235220   -100  275.75  278.68  273.21
 289   315.684 57524.42246379 52.33  18.697452   1.237280   -100  274.65  277.95  272.17
 289   315.530 57524.42246438 55.58  18.698344   1.234779 16.600  274.65  277.95  272.17
 289   315.693 57524.42246497 53.13  18.699236   1.232277 14.659  274.65  277.95  272.17
 290   316.119 57534.33811621 53.40  18.696544   1.236403  0.335  272.49  276.09  269.96
 290   315.927 57534.33811680 52.34  18.697436   1.233902  9.304  272.49  276.09  269.96
 290   315.954 57534.33811739 52.46  18.698328   1.231400 15.994  272.49  276.09  269.96
 291   316.129 57544.25376530 53.42  18.694954   1.236474  2.405  265.38  270.12  263.72
 291   316.093 57544.25376589 53.46  18.695846   1.233973  4.242  265.38  270.12  263.72
 291   315.901 57544.25376648 53.90  18.696739   1.231471 14.452  265.38  270.12  263.72
 292   315.679 57554.16941116 46.36  18.692699   1.238929   -100 -100.00 -100.00 -100.00
 292   315.674 57554.16941175 47.72  18.693592   1.236427   -100 -100.00 -100.00 -100.00
 292   315.715 57554.16941234 49.59  18.694484   1.233926   -100 -100.00 -100.00 -100.00
 292   315.667 57554.16941293 50.81  18.695376   1.231424   -100 -100.00 -100.00 -100.00
 292   315.628 57554.16941352 50.82  18.696269   1.228923   -100  266.41  271.34  265.38
 293   314.474 57564.08505612 25.59  18.692771   1.237719 13.508  268.98  273.43  267.89
 293   314.244 57564.08505671 26.33  18.693663   1.235217 14.521  268.98  273.43  267.89
 293   314.220 57564.08505730 28.28  18.694556   1.232716 18.191  268.98  273.43  267.89
 293   314.267 57564.08505790 27.42  18.695448   1.230214 17.222  268.98  273.43  267.89
 294   314.501 57574.00070030 48.78  18.693614   1.237114 29.251  269.71  274.34  268.17
 294   314.514 57574.00070089 49.11  18.694506   1.234613 23.727  269.71  274.34  268.17
 294   314.532 57574.00070148 50.80  18.695398   1.232111 25.064  269.71  274.34  268.17
 294   314.537 57574.00070207 50.73  18.696291   1.229610 19.345  269.71  274.34  268.17
 295   313.808 57583.91634371 49.65  18.694455   1.237968 14.705  269.52  273.52  268.29
 295   313.769 57583.91634430 52.80  18.695347   1.235466   -100  269.52  273.52  268.29
 295   313.769 57583.91634489 54.78  18.696239   1.232965   -100  269.52  273.52  268.29
 295   313.773 57583.91634548 54.79  18.697132   1.230463   -100  269.52  273.52  268.29
 296   314.007 57593.83198526 49.60  18.695611   1.238454 10.510  271.54  275.64  269.54
 296   313.976 57593.83198585 52.78  18.696503   1.235952 26.950  271.54  275.64  269.54
 296   313.944 57593.83198644 54.80  18.697396   1.233450   -100  271.54  275.64  269.54
 296   313.941 57593.83198703 55.99  18.698288   1.230949   -100  271.54  275.64  269.54
 297   314.328 57603.74762504 51.46  18.696959   1.237203   -100  269.55  272.97  268.09
 297   314.358 57603.74762563 53.49  18.697851   1.234701   -100  269.55  272.97  268.09
 297   314.364 57603.74762622 52.38  18.698743   1.232199   -100  269.55  272.97  268.09
