#  375.271  -0.522  14.181 ;Mean Elev.(m), Avg Gradient(m/km), RMS Gradient(m/km) - SRTM1     
#  368.415  -0.682  14.884 ;Mean Elev.(m), Avg Gradient(m/km), RMS Gradient(m/km) - ASTER GDEM
#  384.835  -0.309  14.081 ;Mean Elev.(m), Avg Gradient(m/km), RMS Gradient(m/km) - GMTED2010 
   1  24.545369   0.742770   370.462   370.431  8 54664.73546376 47.831
   2  24.543021   0.745097   370.560   370.632  7 54674.65110741 43.250
   6  24.547671   0.740408   370.353   370.501 11 54714.31368464 20.511
  12  24.536063   0.749944   371.876   371.849  3 54773.80756203 48.795
  15  24.542153   0.744775   372.121   372.228  6 54803.55448007 52.522
  16  24.545887   0.741562   372.430   372.446  9 54813.47011876 50.928
  17  24.546052   0.741840   372.169   372.159 10 54823.38576315 47.672
  18  24.544125   0.739140   372.522   371.119  4 54833.30140434 20.755
  19  24.536806   0.749756   372.277   372.231  3 54843.21705213 49.218
  20  24.533818   0.749999   371.855   371.819  4 54853.13270112 48.362
  21  24.531468   0.751908   372.501   372.497  4 54863.04834932 49.327
  22  24.530706   0.752519   372.968   372.930  5 54872.96399755 46.927
  23  24.531801   0.751301   371.902   371.921  4 54882.87964407 49.337
  24  24.532357   0.751980   372.368   372.278  4 54892.79528675 47.558
  25  24.532042   0.752165   372.138   372.122  4 54902.71092678 48.525
  26  24.531775   0.751754   372.232   372.201  4 54912.62656578 39.768
  27  24.532060   0.751857   371.830   371.766  5 54922.54220406 48.786
  28  24.534977   0.750424   372.593   372.599  3 54932.45784230 47.479
  29  24.540432   0.747085   372.986   372.971  4 54942.37347947 51.876
  30  24.546786   0.741391   419.446   418.859 10 54952.28911534 27.081
  31  24.546440   0.741417   372.479   372.347 10 54962.20475822 51.474
  32  24.542115   0.745979   373.091   373.177  6 54972.12040550 52.206
  33  24.540103   0.747903   372.544   372.514  4 54982.03605215 51.850
  34  24.539442   0.749309   460.164   462.718  4 54991.95169855  6.499
  35  24.539150   0.748556   371.479   371.346  4 55001.86734473 51.121
  36  24.537927   0.749224   371.459   371.507  4 55011.78298873 52.117
  37  24.537319   0.749215   371.237   371.182  3 55021.69863155 50.611
  38  24.537154   0.749178   370.886   370.920  4 55031.61427369 51.260
  39  24.537936   0.749065   370.634   370.655  3 55041.52991544 37.921
  40  24.541545   0.746749   370.765   370.771  6 55051.44555663 50.394
  41  24.546704   0.740103   370.996   370.848 10 55061.36119672 28.893
  42  24.545771   0.741898   371.054   371.084 10 55071.27683893 45.653
  43  24.539981   0.748553   370.713   370.662  4 55081.19248606 51.362
  44  24.536359   0.749514   370.797   370.770  4 55091.10813262 47.388
  45  24.534190   0.750263   370.843   370.877  4 55101.02377843 29.396
  46  24.534168   0.750039   371.464   371.522  4 55110.93942407 43.649
  47  24.535804   0.749703   371.774   371.920  4 55120.85506792 52.760
  48  24.537499   0.749175   372.090   372.026  3 55130.77070910 49.410
  49  24.537804   0.749336   371.338   371.336  4 55140.68634818 25.204
  50  24.538064   0.748967   372.243   372.249  4 55150.60198686 21.919
  51  24.539899   0.748516   374.213   374.252  4 55160.51762603 38.042
  52  24.544691   0.742908   373.123   373.092  8 55170.43326628 51.611
  53  24.548683   0.739394   373.568   373.573 12 55180.34890471 50.299
  54  24.544665   0.743440   373.351   373.347  7 55190.26455196 51.621
  55  24.538436   0.748389   373.072   373.146  3 55200.18020125 51.447
  56  24.534924   0.749846   372.909   372.915  4 55210.09585054 51.644
  57  24.533620   0.751563   372.847   372.847  4 55220.01149927 48.911
  58  24.533852   0.750785   372.381   372.379  4 55229.92714749 22.441
  59  24.534413   0.750375   372.802   372.788  4 55239.84279243 52.635
  60  24.533852   0.750612   372.956   373.039  4 55249.75843349 51.024
  61  24.532452   0.751386   373.575   373.530  5 55259.67407226 49.676
  62  24.532315   0.752106   373.096   373.070  4 55269.58971065 39.548
  63  24.534611   0.750317   373.472   373.496  4 55279.50534984 51.605
  64  24.538536   0.748389   374.608   374.434  3 55289.42098802 51.335
  65  24.544637   0.742853   373.213   373.176  9 55299.33662475 26.429
  66  24.544059   0.743221   373.486   373.465  7 55309.25226932 52.261
  67  24.539654   0.748524   373.088   373.118  4 55319.16791396 50.320
  68  24.537495   0.748604   373.184   373.081  3 55329.08355848 50.987
  69  24.537074   0.748826   372.639   372.560  3 55338.99920244 28.676
  70  24.538297   0.749146   372.135   372.136  3 55348.91484608 49.870
  71  24.540246   0.747730   372.977   372.950  4 55358.83048818 46.130
  72  24.540239   0.748210   372.599   372.682  4 55368.74612759 51.592
  73  24.540530   0.747590   371.810   371.785  5 55378.66176593 51.128
  74  24.542971   0.743762   371.397   371.364  7 55388.57740460 52.481
  75  24.547561   0.738697   371.558   371.549 11 55398.49304297 51.095
  76  24.549160   0.738355   371.451   371.430 13 55408.40868848 52.607
  77  24.545898   0.741927   370.917   370.909  9 55418.32433849 45.514
  78  24.540632   0.747605   371.006   370.970  5 55428.23998447 51.653
  79  24.536812   0.749498   370.620   370.569  3 55438.15562845 50.901
  80  24.535248   0.749543   370.999   371.094  4 55448.07127140 50.514
  81  24.535583   0.750226   371.411   371.324  3 55457.98691392 49.545
  82  24.537963   0.749018   371.362   371.366  3 55467.90255622 51.225
  83  24.541548   0.746586   370.920   370.852  6 55477.81819561 52.868
  84  24.545216   0.742832   371.544   371.523  8 55487.73383224 52.469
  85  24.547680   0.739977   372.742   372.766 11 55497.64946658 52.898
  86  24.547774   0.739793   371.779   371.772 12 55507.56510427 32.920
  87  24.543561   0.743966   372.014   371.676  7 55517.48075384 21.589
  88  24.542654   0.744009   372.321   372.291  7 55527.39640375 51.884
  89  24.540331   0.748205   371.505   371.500  4 55537.31205075 45.267
  90  24.538699   0.748597   372.886   372.900  4 55547.22769632 50.534
  91  24.535977   0.750183   372.196   372.221  3 55557.14333954 38.215
  92  24.534902   0.750705   372.735   372.756  4 55567.05898203 49.821
  93  24.536863   0.749697   371.828   371.837  3 55576.97462417 50.251
  94  24.540244   0.747899   372.411   372.393  4 55586.89026454 51.201
  95  24.545117   0.742755   372.325   372.374  8 55596.80590253 28.409
  96  24.547861   0.739643   371.595   371.615 12 55606.72153702 49.711
  97  24.549492   0.738397   371.414   371.464 13 55616.63716927 32.928
  98  24.547240   0.741048   371.264   371.205 10 55626.55281209 43.711
  99  24.544022   0.743892   371.295   371.267  7 55636.46846352 45.366
 100  24.542115   0.746622   371.171   371.168  6 55646.38411309 52.350
 101  24.541455   0.746031   371.709   371.719  6 55656.29976065 44.788
 102  24.539807   0.748259   371.301   371.304  4 55666.21540300 42.094
 103  24.538802   0.749128   371.729   371.771  4 55676.13104242 15.963
 104  24.539512   0.748650   371.740   371.741  4 55686.04668016 51.123
 105  24.543117   0.745007   371.563   371.559  7 55695.96231745 50.809
 106  24.550246   0.736253   371.685   371.668 14 55705.87795474 48.319
 107  24.548289   0.739825   371.464   371.468 12 55715.79360221 52.826
 108  24.544407   0.743360   370.866   371.042  8 55725.70924944 52.285
 109  24.540439   0.747143   370.954   370.953  4 55735.62489500 50.689
 110  24.538272   0.748756   371.393   371.367  4 55745.54054008 43.223
 111  24.538120   0.749360   370.514   370.516  4 55755.45618399 51.110
 112  24.540705   0.747532   370.495   370.537  5 55765.37182632 51.015
 113  24.544093   0.743497   370.665   370.659  7 55775.28746635 51.728
 114  24.545767   0.741540   370.220   370.144 10 55785.20310264 30.449
 115  24.547561   0.739824   370.942   370.939 12 55795.11873650 51.886
 116  24.548882   0.738657   371.208   371.210 12 55805.03437514 49.481
 117  24.547089   0.741219   371.708   371.755 10 55814.95002329 52.233
 118  24.548488   0.738249   371.931   371.923 12 55824.86567037 52.414
 119  24.548992   0.738565   371.765   371.809 12 55834.78131214 52.445
 120  24.549611   0.738030   418.694   418.662 13 55844.69695052 22.865
 121  24.551603   0.734954   372.311   372.323 16 55854.61258698 53.165
 122  24.552126   0.733900   372.221   372.216 17 55864.52822649 52.483
 123  24.545988   0.741447   418.982   418.904  9 55874.44387820 26.195
 124  24.544726   0.742949   373.019   373.034  9 55884.35952620 51.230
 125  24.545907   0.741068   373.900   373.843  9 55894.27516903 51.567
 126  24.548194   0.740012   373.454   373.409 11 55904.19080632 52.349
 127  24.548518   0.739339   373.925   373.933 12 55914.10644625 51.797
 128  24.541432   0.746832   373.863   373.858  6 55924.02209811 52.244
 129  24.538973   0.748165   372.981   372.940  3 55933.93774835 51.520
 130  24.538612   0.748582   372.877   372.881  3 55943.85339440 51.204
 131  24.539300   0.747910   372.153   372.075  4 55953.76903643 51.829
 132  24.539407   0.748169   371.846   371.873  3 55963.68467543 52.043
 133  24.539485   0.748635   371.759   371.754  4 55973.60031294 48.478
 134  24.543491   0.743481   371.616   371.588  7 55983.51595099 49.061
 135  24.550360   0.736450   371.620   371.646 14 55993.43158773 49.828
 136  24.548103   0.739097   371.443   371.377 11 56003.34723734 52.322
 137  24.543681   0.743459   371.592   371.558  7 56013.26288577 40.518
 138  24.538586   0.749392   372.041   371.990  4 56023.17853028 50.017
 139  24.536886   0.749466   371.770   371.733  3 56033.09417341 49.240
 140  24.538183   0.748347   371.890   371.740  3 56043.00981468 50.719
 141  24.541063   0.747000   371.400   371.382  4 56052.92545336 50.851
 142  24.547529   0.738725   371.652   371.670 11 56062.84109057 51.101
 143  24.548290   0.739837   372.229   371.932 12 56072.75673084 30.833
 144  24.543351   0.744265   371.907   371.915  8 56082.67237927 52.079
 145  24.538690   0.751328   457.044   457.044  2 56092.58802493  4.044
 146  24.539137   0.749010   370.896   370.844  4 56102.50367088 23.292
 147  24.540338   0.747400   371.109   371.076  4 56112.41930255 47.297
 148  24.543258   0.743995   370.616   370.613  7 56122.33494267 51.457
 149  24.546706   0.741067   370.732   370.755 10 56132.25057894 40.353
 150  24.548182   0.739851   371.116   371.077 12 56142.16621588 49.895
 151  24.543091   0.744681   370.680   370.674  7 56152.08186495 51.372
 152  24.540473   0.748007   370.963   370.895  4 56161.99751271 51.297
 153  24.541684   0.745640   370.874   370.863  5 56171.91315998 51.333
 154  24.543608   0.743955   371.473   371.480  7 56181.82880256 52.520
 155  24.544924   0.742093   372.059   372.093  9 56191.74444139 47.843
 156  24.544843   0.742981   452.353   453.573  8 56201.66007701  7.558
 157  24.548101   0.739218   371.995   371.868 12 56211.57571217 33.760
 158  24.554260   0.732808   372.620   372.617 17 56221.49134649 52.558
 159  24.551102   0.736097   372.777   372.766 15 56231.40699901 43.903
 160  24.546909   0.740721   372.883   372.891 10 56241.32265092 52.211
 161  24.542869   0.744433   372.992   372.895  6 56251.23829888 33.457
 162  24.540320   0.747712   373.031   373.021  4 56261.15394220 50.106
 163  24.540039   0.748646   373.750   373.754  4 56271.06958372 49.824
 164  24.542764   0.744670   373.984   374.006  7 56280.98522498 52.929
 165  24.540004   0.747277   373.707   373.746  4 56290.90087630 51.634
 166  24.538178   0.748792   373.319   373.322  4 56300.81652351 50.934
 167  24.537428   0.748224   372.632   372.590  3 56310.73216712 51.628
 168  24.536579   0.749278   371.271   371.342  4 56320.64780843 27.376
 169  24.537039   0.749074   372.638   372.678  3 56330.56344970 50.309
 170  24.539080   0.748967   372.969   372.916  4 56340.47909067 49.233
 171  24.544693   0.742893   372.517   372.563  9 56350.39473101 51.692
 172  24.548389   0.738994   371.829   371.682 11 56360.31037041 36.819
 173  24.541808   0.745858   372.716   372.754  6 56370.22601887 52.215
 175  24.534511   0.749833   372.543   372.570  4 56390.05730979 50.838
 176  24.536393   0.749216   372.845   372.802  4 56399.97295302 51.845
 177  24.540157   0.747151   373.639   373.607  4 56409.88859393 51.098
 178  24.545450   0.741947   373.173   373.155 10 56419.80423094 50.215
 179  24.548894   0.738006   372.992   372.989 12 56429.71986726 52.644
 180  24.540176   0.748053   371.799   371.778  5 56439.63551749 43.897
 181  24.536722   0.748978   371.484   371.464  4 56449.55116779 47.124
 182  24.535831   0.750218   371.039   371.018  3 56459.46681624 49.617
 183  24.536584   0.749153   371.889   372.011  3 56469.38246208 19.256
 184  24.537373   0.749134   371.208   371.199  3 56479.29810377 49.566
 185  24.538781   0.748186   370.905   370.916  4 56489.21374170 50.331
 186  24.541568   0.745853   371.044   370.793  6 56499.12937726 41.084
 187  24.547387   0.739743   371.418   371.392 12 56509.04501235 51.381
 188  24.551950   0.734269   371.129   371.086 16 56518.96065374 51.256
 189  24.548443   0.738964   371.307   371.336 11 56528.87630576 48.929
 190  24.544717   0.745445   416.473   416.100  6 56538.79195325 26.597
 191  24.542114   0.746405   370.852   370.835  6 56548.70759790 51.362
 192  24.539168   0.747697   371.382   371.387  4 56558.62324025 39.584
 193  24.538102   0.749063   371.082   371.129  3 56568.53888218 17.573
 194  24.540643   0.747429   371.075   371.134  4 56578.45452399 27.973
 195  24.547717   0.740036   371.146   371.051 12 56588.37016381 32.222
 196  24.549940   0.737654   371.583   371.599 14 56598.28580783 38.386
 197  24.543489   0.744286   372.087   372.001  7 56608.20145757 51.845
 198  24.538943   0.748566   372.639   372.634  3 56618.11710280 49.526
 199  24.538242   0.748833   373.605   373.647  4 56628.03274570 50.610
 200  24.541096   0.746727   372.555   372.766  5 56637.94838633 48.895
 201  24.544605   0.743143   372.390   372.415  9 56647.86403006 51.981
 202  24.540691   0.747518   372.417   372.505  5 56657.77968042 51.814
 203  24.537686   0.749261   372.905   372.942  3 56667.69532728 49.522
 204  24.535879   0.750174   372.173   372.177  3 56677.61097221 48.082
 205  24.536179   0.749914   372.643   372.653  3 56687.52661656 48.016
 206  24.538702   0.748453   372.339   372.344  4 56697.44225933 50.561
 207  24.543699   0.744432   371.857   371.902  7 56707.35789827 52.308
 208  24.547474   0.740233   371.845   371.729 11 56717.27353590 50.054
 210  24.534701   0.749780   371.687   371.640  4 56737.10483531 22.465
 211  24.532782   0.751696   372.532   372.510  4 56747.02048004 48.798
 212  24.536318   0.749615   372.575   372.645  3 56756.93612150 50.534
 213  24.543575   0.744292   372.728   372.772  7 56766.85175803 52.552
 214  24.545497   0.741941   373.672   373.708  9 56776.76740098 52.495
 215  24.537550   0.749805   372.409   372.399  3 56786.68305465 48.946
 216  24.532100   0.751231   372.720   372.767  5 56796.59870651 50.557
 217  24.529399   0.752588   419.137   419.012  4 56806.51435398 28.787
 218  24.531524   0.752142   371.449   371.418  5 56816.42999606 23.612
 219  24.535528   0.750156   372.113   372.088  3 56826.34563514 49.699
 221  24.545467   0.742374   371.137   371.061  9 56846.17690396 51.316
 222  24.542669   0.744426   371.201   371.276  7 56856.09255160 48.585
 223  24.538494   0.749148   371.185   371.257  4 56866.00820323 50.589
 224  24.537088   0.749139   371.249   371.288  3 56875.92385484 45.700
 225  24.535983   0.749756   418.372   418.425  3 56885.83950323 28.382
 226  24.535026   0.750136   371.071   371.027  3 56895.75514885 47.332
 227  24.533359   0.751360   371.330   371.336  4 56905.67079133 49.423
 228  24.532455   0.751410   371.498   371.462  4 56915.58643229 51.003
 229  24.534265   0.750458   371.203   371.233  4 56925.50207210 19.683
 230  24.538968   0.748359   371.953   371.901  4 56935.41770951 50.415
 231  24.548049   0.740018   371.821   371.787 12 56945.33334340 52.327
 232  24.545721   0.741955   372.358   372.325  9 56955.24899406 50.502
 233  24.540283   0.747783   372.876   372.868  4 56965.16464218 51.778
 235  24.538341   0.748779   372.957   372.913  3 56984.99592721 51.622
 236  24.543941   0.744368   373.208   373.145  8 56994.91156360 53.832
 237  24.548593   0.739270   372.445   372.448 12 57004.82720536 51.855
 238  24.543659   0.743295   372.866   372.818  7 57014.74285938 53.314
 239  24.538794   0.748160   372.313   372.293  4 57024.65850888 50.935
 240  24.536454   0.749550   372.074   372.035  4 57034.57415733 51.358
 241  24.536790   0.749058   371.451   371.473  3 57044.48980408 50.530
 242  24.538304   0.748671   371.522   371.508  4 57054.40544820 50.458
 243  24.540428   0.748258   371.666   371.692  4 57064.32108760 50.604
 244  24.544199   0.743299   371.512   371.576  7 57074.23672315 51.429
 245  24.549292   0.737566   371.861   371.949 13 57084.15235531 52.779
 246  24.544069   0.743288   371.237   371.202  7 57094.06800542 51.011
 247  24.538110   0.749341   370.732   370.721  4 57103.98366019 30.973
 248  24.537084   0.748926   372.258   372.260  4 57113.89931244 50.756
 249  24.537766   0.748482   372.323   372.218  3 57123.81495870 51.763
 250  24.537902   0.749542   419.661   419.434  3 57133.73059927 27.983
 251  24.540536   0.746924   373.024   373.034  4 57143.64623643 51.570
 252  24.544651   0.742562   373.028   373.037  9 57153.56187160 49.988
 253  24.548919   0.738917   372.075   372.100 12 57163.47750788 51.829
 254  24.542585   0.746735   456.913   456.869  4 57173.39316294  1.645
 255  24.539653   0.748283   372.082   372.096  4 57183.30881635 51.585
 256  24.537475   0.749000   371.454   371.455  3 57193.22446603 49.664
 257  24.536315   0.747995   371.022   371.022  2 57203.14011343 54.404
 258  24.535124   0.750707   371.577   371.602  4 57213.05574639 49.802
 259  24.537550   0.748581   369.972   369.970  3 57222.97139029 24.225
 260  24.539572   0.749011   370.905   370.870  4 57232.88703191 51.001
 261  24.543151   0.743633   371.213   371.310  7 57242.80267205 53.256
 262  24.544627   0.743219   370.930   370.927  8 57252.71830852 51.491
 263  24.547775   0.739200   370.296   370.262 11 57262.63394447 46.324
 264  24.552052   0.734084   370.758   370.638 16 57272.54958160 24.682
 265  24.546407   0.741479   371.184   371.001 10 57282.46523717 27.874
 266  24.543079   0.744758   370.399   370.300  7 57292.38089143 41.179
 267  24.539634   0.748222   371.916   371.803  4 57302.29654232 50.110
 268  24.537226   0.748999   371.123   371.082  3 57312.21219006 41.508
 269  24.535103   0.749399   420.732   418.926  4 57322.12783444 24.441
 270  24.534584   0.750114   419.160   419.618  4 57332.04347647 27.898
 271  24.537167   0.748390   374.218   374.292  3 57341.95911708 50.560
 272  24.535491   0.749383   374.614   374.628  4 57351.87476804 51.290
 273  24.536437   0.749083   374.434   374.418  4 57361.79041242 50.874
 274  24.537012   0.749943   374.978   374.961  3 57371.70605341 49.027
 275  24.538224   0.749101   373.955   373.909  4 57381.62169317 51.406
 276  24.541420   0.746314   374.020   373.956  6 57391.53733314 51.790
 277  24.547820   0.738714   373.849   373.846 11 57401.45297357 52.112
 278  24.551264   0.734682   373.577   373.564 15 57411.36861688 52.174
 279  24.544699   0.743363   372.870   372.860  7 57421.28426716 52.510
 280  24.538329   0.749273   372.455   372.433  4 57431.19991529 50.889
 281  24.534966   0.750592   372.399   372.401  4 57441.11556240 49.995
 282  24.534865   0.750784   372.963   372.975  4 57451.03120889 50.006
 283  24.536911   0.749287   372.582   372.617  3 57460.94685420 50.074
 284  24.540253   0.748274   372.752   372.741  4 57470.86249601 50.405
 285  24.544277   0.743769   372.622   372.670  7 57480.77813460 52.262
 286  24.546588   0.741035   373.195   372.879 10 57490.69376965 25.994
 287  24.549990   0.737932   373.662   373.669 14 57500.60940313 51.359
 288  24.548616   0.739137   374.121   374.093 12 57510.52504934 52.287
 289  24.543542   0.744377   374.172   374.110  7 57520.44070375 53.132
 290  24.540503   0.747885   373.533   373.482  4 57530.35635613 49.039
 291  24.538644   0.749006   373.072   373.118  3 57540.27200577 50.153
 292  24.537101   0.749135   372.096   372.065  3 57550.18765269 51.368
 293  24.535912   0.749277   371.753   371.831  4 57560.10329795 32.508
 294  24.535782   0.749957   371.702   371.696  4 57570.01894240 50.859
 295  24.537556   0.749159   371.097   371.130  3 57579.93458690 50.727
 296  24.540040   0.747930   371.100   371.006  5 57589.85022985 33.431
 297  24.541661   0.745746   371.686   371.693  5 57599.76587025 53.148
