#  287.096  -0.268   1.407 ;Mean Elev.(m), Avg Gradient(m/km), RMS Gradient(m/km) - SRTM1     
#  280.148  -0.391   5.008 ;Mean Elev.(m), Avg Gradient(m/km), RMS Gradient(m/km) - ASTER GDEM
#  287.000  -0.326   1.010 ;Mean Elev.(m), Avg Gradient(m/km), RMS Gradient(m/km) - GMTED2010 
  34  16.777858  -1.332700   290.764   290.756  3 54992.96717753 53.519
  35  16.777028  -1.331393   290.853   290.863  3 55002.88282307 52.192
  36  16.776691  -1.333476   290.483   290.588  3 55012.79846742 53.131
  37  16.775986  -1.333977   290.324   290.332  3 55022.71411011 53.284
  46  16.774368  -1.336355   291.107   291.113  3 55111.95490382 50.761
  47  16.775842  -1.336271   291.318   291.214  3 55121.87054739 45.069
  48  16.776417  -1.333627   291.689   291.703  3 55131.78618753 53.119
  49  16.777059  -1.334158   292.086   292.157  3 55141.70182648 53.406
  58  16.774591  -1.338094   290.896   290.813  3 55230.94262789 51.394
  59  16.774416  -1.335451   290.812   290.848  3 55240.85827189 52.830
  60  16.774535  -1.337340   290.548   290.548  4 55250.77391325 51.400
  61  16.773467  -1.337938   290.209   290.076  3 55260.68955219 42.021
  70  16.776960  -1.333767   290.681   290.675  3 55349.93032471 53.945
  71  16.777764  -1.331587   291.017   291.014  3 55359.84596585 54.050
  72  16.777652  -1.330452   290.854   290.893  3 55369.76160495 53.183
  73  16.777940  -1.330970   290.736   290.738  3 55379.67724311 52.648
  82  16.777149  -1.334120   291.522   291.506  3 55468.91803449 51.909
  83  16.778652  -1.330765   291.518   291.505  4 55478.83367224 53.555
  93  16.776116  -1.334615   290.755   290.755  2 55577.99010301 51.264
  94  16.778269  -1.332949   290.318   290.333  3 55587.90574214 53.875
 133  16.777934  -1.332576   289.518   289.514  3 55974.61579056 51.229
 145  16.777083  -1.331441   290.175   290.272  3 56093.60350380 51.769
 146  16.777487  -1.332511   289.854   289.854  2 56103.51914936 51.264
 147  16.777908  -1.331173   289.913   289.903  3 56113.43478012 52.935
 164  16.778547  -1.331107   292.228   292.122  3 56282.00070292 54.665
 169  16.775935  -1.333787   290.689   290.689  2 56331.57892802 49.316
 174  16.775406  -1.334510   289.760   289.758  3 56381.15714439 25.026
 180  16.777246  -1.331256   290.603   290.646  3 56440.65099627 28.125
 181  16.775575  -1.335244   290.743   290.743  2 56450.56664740 51.940
 182  16.775439  -1.335638   290.174   290.238  3 56460.48229588 44.980
 183  16.776033  -1.335488   290.034   289.948  3 56470.39794105 21.311
 192  16.777166  -1.332802   290.852   290.865  3 56559.63871836 52.280
 193  16.776757  -1.333308   290.605   290.605  2 56569.55436050 30.293
 194  16.778115  -1.331706   291.386   291.377  3 56579.47000128 51.751
 204  16.775665  -1.335634   290.808   290.806  3 56678.62645196 52.850
 205  16.776006  -1.335560   290.645   290.697  3 56688.54209602 33.798
 206  16.777024  -1.332294   290.495   290.401  3 56698.45773714 27.268
 211  16.774320  -1.338422   289.950   290.063  3 56748.03596057 52.163
 212  16.775750  -1.334470   289.782   289.769  3 56757.95159996 52.016
 215  16.776165  -1.333988   290.677   290.740  3 56787.69853468 51.262
 216  16.773319  -1.339140   291.181   291.156  3 56797.61418792 52.484
 223  16.777020  -1.333519   290.190   290.161  3 56867.02368297 53.811
 224  16.775962  -1.334121   290.648   290.648  2 56876.93933431 52.021
 227  16.773799  -1.337063   290.989   290.994  3 56906.68627113 53.105
 228  16.773536  -1.337786   291.208   291.206  3 56916.60191221 40.763
 235  16.777001  -1.332744   292.650   292.650  2 56986.01140522 52.934
 239  16.776946  -1.333535   292.520   292.504  3 57025.67398782 46.261
 243  16.778048  -1.330640   289.752   289.755  3 57065.33656463 53.597
 247  16.776731  -1.333884   289.528   289.527  3 57104.99914026 54.306
 251  16.778084  -1.332532   289.485   289.568  3 57144.66171337 26.510
 255  16.777582  -1.332977   290.072   290.046  3 57184.32429564 24.810
 259  16.776376  -1.334135   290.344   290.379  3 57223.98686894 51.829
 267  16.777422  -1.332157   290.619   290.449  3 57303.31202114 35.781
 270  16.774634  -1.336421   291.426   291.430  3 57333.05895564 54.019
 271  16.776341  -1.334527   291.967   291.936  3 57342.97459526 54.078
 275  16.776883  -1.332784   292.904   292.873  3 57382.63717112 54.507
 282  16.774943  -1.336599   289.862   289.830  3 57452.04668884 54.000
 283  16.775759  -1.334161   289.924   289.924  2 57461.96233300 50.715
 293  16.775224  -1.334934   291.375   291.371  3 57561.11877711 52.282
 294  16.775437  -1.335178   290.705   290.705  2 57571.03442158 52.281
 295  16.776238  -1.333497   290.761   290.751  3 57580.95006544 49.964
 296  16.777334  -1.330920   290.437   290.417  3 57590.86570736 49.916
 297  16.778557  -1.331708   290.478   290.448  3 57600.78134731 51.944
